WEEKLY (ROUGHLY) FREON-11 READINGS AT AMERICAN SAMOA 1/77 TO 12/86
JIM ELKINS (NOAA) FTS 320-6224    JIM'S NAME FOR FILE = SMOF11_WK.DAT
NUMBER OF OBSERVATIONS = 888
RESPONSE VARIABLE = MEAN FREON-11 CONCENTRATION (IN PARTS PER TRILLION)
ORDER OF VARIABLES ON A LINE IMAGE--
   1. YEAR (1977 TO 1986)
   2. DAY OF YEAR (1 TO 365)
   3. SAMPLE BOTTLE (OF ONLY MINOR INTEREST)
   4. STANDARD DEVIATION (OVER 3 OBSERVATIONS)
   5. MEAN (OVER 3 OBSERVATIONS) FREON-11 CONCENTRATION (PPT)
   6. VALIDITY FLAG (ONLY USE DATA WITH FLAG = 0)
   7. WATER VAPOR
   8. CO2
NOTE--ONLY USE DATA WITH VALIDTY FLAG = 0
      POLLUTION = COMBINATION OF HIGH CO2 AND HIGH FREON
                  WHEN FREON HIGH, EXPECT HIGH CO2 (POLLUTION)
                  CO2 COMES FROM COMBUSITON OF FOSSIL FUELS
                  FREON COME FROM AIR CONDITIONS
      AT MOST SITES, THERE SHOULD BE A SEASONAL EFFECT FOR CO2)
      AT POINT BARROW, THERE IS ALSO A SEASONAL EFFECT FOR FREON-11)
QUESTIONS--
   TRENDS AND CYCLES OVER TIME?
   RELATIONSHIP BETWEEN FREON AND WATER VAPOR?
   RELATIONSHIP BETWEEN FREON AND CO2?
   SAME PATTERNS AT ALL 5 SITES?
1977   6 108  1.2 136.5 32   1.0284 -99.9900
1977  13 109  1.0 144.8 32   1.0306 -99.9900
1977  23 110  2.0 133.5 32   1.0322 -99.9900
1977  27 111  0.4 139.4 32   1.0310 -99.9900
1977  34 112  1.6 145.1 32   1.0267 -99.9900
1977  43 113  0.6 136.2 32   1.0314 -99.9900
1977  49 114  0.2 142.6 32   1.0322 -99.9900
1977  57 115  2.1 178.5 36   1.0312 -99.9900
1977  67 116  0.9 126.7 32   1.0324 -99.9900
1977  70 117  0.0 130.5 32   1.0312 -99.9900
1977  76 118  2.1 143.5 32   1.0316 -99.9900
1977  91 119  1.9 125.4 32   1.0303 -99.9900
1977  98 120  3.2 132.4 32   1.0326 -99.9900
1977 109 121  2.5 140.0 32   1.0336 -99.9900
1977 120 122  4.9 141.2 33   1.0324 -99.9900
1977 125 123  3.5 140.4 32   1.0308 -99.9900
1977 134 124  2.0 131.2 32   1.0324 -99.9900
1977 139 125  4.9 132.1 33   1.0312 -99.9900
1977 146 126  3.5 134.5 32   1.0271 -99.9900
1977 156 127  2.0 133.5 32   1.0265 -99.9900
1977 161 128  0.6 141.1 32   1.0318 -99.9900
1977 169 129  2.2 132.8 32   1.0264 333.5500
1977 174 130  8.0 139.7 33   1.0290 334.8000
1977 180 131  3.3 136.0 32   1.0312 332.5300
1977 195 132  0.0 133.1 32   1.0316 334.2500
1977 208 133  0.9 140.3 32   1.0312 332.6000
1977 216 134  1.5 136.6 32   1.0246 333.3000
1977 224 135  2.1 137.7  0   1.0127 332.6100
1977 224 135  4.2 135.5  0   1.0127 332.6100
1977 231 136  1.6 139.9  0   1.0140 332.8800
1977 231 136  1.6 141.1  0   1.0140 332.8800
1977 237 137  3.5 137.4  0   1.0142 333.0900
1977 237 137  2.1 139.7  0   1.0142 333.0900
1977 243 138  5.2 134.3  1   1.0128 -99.9900
1977 243 138  2.3 133.2  0   1.0128 -99.9900
1977 257 139  1.9 133.8  0   1.0125 332.9000
1977 257 139  2.0 141.5  0   1.0125 332.9000
1977 264 140  1.9 138.9  0   1.0129 332.6900
1977 264 140  2.9 136.1  0   1.0129 332.6900
1977 271 141  2.2 137.9  0   1.0132 -99.9900
1977 271 141  1.4 140.8  0   1.0132 -99.9900
1977 280 142  1.8 148.4  2
1977 280 142  6.0 133.9  3   1.0139 332.8100
1977 289 143  2.8 140.4  0   1.0138 332.9700
1977 289 143  4.4 136.7  0   1.0138 332.9700
1977 293 144  4.5 139.7  0   1.0119 333.5600
1977 293 144  6.5 140.1  1   1.0119 333.5600
1977 302 145  3.3 130.7  2
1977 302 145  3.8 141.8  2   1.0115 333.7000
1977 307 146  3.7 138.4  0   1.0120 333.0000
1977 307 146  2.7 133.4  0   1.0120 333.0000
1977 314 147  6.5 134.8  1   1.0131 333.7000
1977 314 147  2.4 135.5  0   1.0131 333.7000
1977 321 148  5.4 141.8  1   1.0122 333.2000
1977 321 148  5.3 136.5  1   1.0122 333.2000
1977 328 149  4.8 143.3  0   1.0118 332.5000
1977 328 149  3.9 139.5  0   1.0118 332.5000
1977 337 150  5.4 136.9  1   1.0119 333.4000
1977 337 150  5.7 136.4  1   1.0119 333.4000
1977 341 151  6.8 132.7  1   1.0118 333.6000
1977 341 151  2.6 136.1  0   1.0118 333.6000
1977 349 152  3.9 135.4  0   1.0121 333.7000
1977 349 152  3.8 135.2  0   1.0121 333.7000
1977 364 153  0.7 141.3  0   1.0122 334.0000
1977 364 153  5.2 139.3  1   1.0122 334.0000
1978   5 154  0.7 138.2  0   1.0124 334.0000
1978   5 154  2.5 138.5  0   1.0124 334.0000
1978  15 155  1.7 145.0  0   1.0126 334.0000
1978  15 155  2.7 147.2  0   1.0126 334.0000
1978  21 156  3.9 147.7  2
1978  21 156  3.2 138.7  2   1.0121 334.0000
1978  33 157  3.2 141.8  0   1.0137 333.7200
1978  33 157  2.8 142.7  0   1.0137 333.7200
1978  42 158  2.2 138.0  0   1.0125 334.3600
1978  42 158  2.0 144.2  0   1.0125 334.3600
1978  61 159  4.0 139.1  0   1.0130 333.7600
1978  61 159  2.0 137.2  0   1.0130 333.7600
1978  68 160  4.3 141.5  0   1.0128 334.6100
1978  68 160  2.5 145.0  0   1.0128 334.6100
1978  81 161  0.0 175.4  4   1.0149 -99.9900
1978  81 161  6.0 155.8  3   1.0149 -99.9900
1978  87 162  2.9 153.1  0   1.0141 335.2200
1978  87 162  1.0 147.4  0   1.0141 335.2200
1978  99 163  4.6 143.0  0   1.0129 334.7800
1978  99 163  0.8 145.3  0   1.0129 334.7800
1978 108 164  2.2 152.9  0   1.0127 335.4300
1978 108 164  1.3 147.4  0   1.0127 335.4300
1978 121 165  4.5 144.7  0   1.0139 333.7200
1978 121 165  3.3 143.9  0   1.0139 333.7200
1978 126 166  3.3 150.7  0   1.0143 335.1900
1978 126 166  6.1 145.9  1   1.0143 335.1900
1978 133 167  3.6 148.3  0   1.0139 336.6700
1978 133 167  1.6 144.7  0   1.0139 336.6700
1978 137 168  2.4 144.8  0   1.0146 334.2000
1978 137 168  2.3 144.8  0   1.0146 334.2000
1978 148 169  1.6 144.5  0   1.0152 334.7400
1978 148 169  3.2 145.1  0   1.0152 334.7400
1978 159 170  1.7 145.2  0   1.0167 335.3200
1978 159 170  1.2 146.0  0   1.0167 335.3200
1978 168 171  0.5 143.0  0   1.0169 334.3500
1978 168 171  0.8 146.5  0   1.0169 334.3500
1978 176 172  1.4 146.0  0   1.0147 335.4700
1978 176 172  1.0 147.2  0   1.0147 335.4700
1978 189 173  0.9 144.9  0   1.0150 334.7700
1978 189 173  1.8 145.5  0   1.0150 334.7700
1978 196 174  0.8 143.7  0   1.0142 334.8500
1978 196 174  1.1 142.4  0   1.0142 334.8500
1978 202 175  1.7 148.3  0   1.0151 334.7000
1978 202 175  1.9 145.4  0   1.0151 334.7000
1978 208 176  0.3 146.6  0   1.0145 335.0000
1978 208 176  0.8 146.7  0   1.0145 335.0000
1978 217 177  4.2 148.5  0   1.0146 335.9400
1978 217 177  3.8 149.9  0   1.0146 335.9400
1978 225 178  1.1 151.4  0   1.0142 333.6600
1978 225 178  1.3 150.8  0   1.0142 333.6600
1978 229 179  0.8 147.0  0   1.0141 335.6600
1978 229 179  4.1 145.6  0   1.0141 335.6600
1978 238 180  1.3 142.8  0   1.0142 336.0800
1978 238 180  3.3 146.7  0   1.0142 336.0800
1978 244 181  3.5 149.4  0   1.0151 335.9400
1978 244 181  3.4 146.7  0   1.0151 335.9400
1978 253 182  1.7 145.2  0   1.0148 336.2200
1978 253 182  1.1 145.7  0   1.0148 336.2200
1978 260 183  3.5 148.5  0   1.0146 336.0600
1978 260 183  5.3 152.6  1   1.0146 336.0600
1978 266 184  3.7 148.4  0   1.0140 334.4000
1978 266 184  3.4 152.4  0   1.0140 334.4000
1978 272 185  1.6 145.8  0   1.0133 334.4500
1978 272 185  2.6 147.5  0   1.0133 334.4500
1978 280 186  1.7 152.1  0   1.0137 334.5000
1978 280 186  3.2 152.1  0   1.0137 334.5000
1978 294 187  1.5 146.3  0   1.0139 334.5000
1978 294 187  3.4 147.3  0   1.0139 334.5000
1978 311 188  3.9 153.8  0   1.0132 334.5000
1978 311 188  0.4 153.0  0   1.0132 334.5000
1978 322 189  2.3 151.5  0   1.0129 334.4000
1978 322 189  3.2 149.4  0   1.0129 334.4000
1978 328 190  0.9 151.4  0   1.0117 334.4000
1978 328 190  2.2 154.8  0   1.0117 334.4000
1978 337 191  6.8 151.5  1   1.0132 334.7000
1978 337 191  1.0 151.4  0   1.0132 334.7000
1978 343 192  1.4 150.6  0   1.0131 334.4000
1978 343 192  1.1 149.7  0   1.0131 334.4000
1978 350 193  1.9 147.6  0   1.0138 334.2000
1978 350 193  3.1 149.3  0   1.0138 334.2000
1978 360 194  0.9 154.4  0   1.0120 334.3000
1978 360 194  3.2 156.1  0   1.0120 334.3000
1978 364 195  0.3 151.5  0   1.0128 334.3000
1978 364 195  0.6 150.1  0   1.0128 334.3000
1979   4 196  4.1 154.8  0   1.0141 334.3000
1979   4 196  3.0 157.1  0   1.0141 334.3000
1979  13 197  0.5 151.9  0   1.0138 335.7000
1979  13 197  3.4 157.7  0   1.0138 335.7000
1979  21 198  4.5 151.7  0   1.0126 334.7000
1979  21 198  3.4 152.3  0   1.0126 334.7000
1979  27 199  1.7 151.2  2
1979  27 199  6.9 160.1  3   1.0131 335.0000
1979  35 200  2.1 162.7  0   1.0138 336.0000
1979  35 200  2.3 160.3  0   1.0138 336.0000
1979  44 201  1.5 155.0  0   1.0126 338.2400
1979  44 201  2.4 157.2  0   1.0126 338.2400
1979  51 202  0.8 156.1  0   1.0142 336.3300
1979  51 202  2.8 156.8  0   1.0142 336.3300
1979  59 203  1.6 159.2  0   1.0136 336.3100
1979  59 203  1.7 155.6  0   1.0136 336.3100
1979  66 204  1.4 153.4  0   1.0131 335.5500
1979  66 204  1.1 149.9  0   1.0131 335.5500
1979  72 205  8.0 150.0  1   1.0133 335.8000
1979  72 205  0.8 152.5  0   1.0133 335.8000
1979  83 206  1.4 157.6  0   1.0154 336.9500
1979  83 206  1.8 159.6  0   1.0154 336.9500
1979  92 207  2.7 157.5  0   1.0140 335.7900
1979  92 207  1.4 153.0  0   1.0140 335.7900
1979  98 208  2.3 159.3  0   1.0148 337.2400
1979  98 208  0.8 158.1  0   1.0148 337.2400
1979 109 209  3.2 154.5  0   1.0139 338.5800
1979 109 209  0.3 157.3  0   1.0139 338.5800
1979 114 210  5.8 147.2  1   1.0144 336.6700
1979 114 210  1.3 155.0  0   1.0144 336.6700
1979 122 211  0.3 153.6  0   1.0135 335.1700
1979 122 211  1.7 152.9  0   1.0135 335.1700
1979 129 212  1.3 157.7  0   1.0147 336.5100
1979 129 212  0.7 155.2  0   1.0147 336.5100
1979 135 213  1.0 152.2  0   1.0168 335.7100
1979 135 213  0.7 156.2  0   1.0168 335.7100
1979 143 214  0.5 156.3  0   1.0160 335.1900
1979 143 214  1.1 157.2  0   1.0160 335.1900
1979 150 215  0.8 154.5  0   1.0194 335.8700
1979 150 215  1.2 156.6  0   1.0194 335.8700
1979 157 216  1.1 155.8  0   1.0168 336.8200
1979 157 216  1.3 154.0  0   1.0168 336.8200
1979 163 217  2.8 156.4  0   1.0166 335.7100
1979 163 217 11.7 161.7  1   1.0166 335.7100
1979 171 218  1.6 152.6  0   1.0166 336.5500
1979 171 218  1.4 154.1  0   1.0166 336.5500
1979 178 219  1.0 156.0  0   1.0170 335.7700
1979 178 219  0.6 155.0  0   1.0170 335.7700
1979 185 220  0.3 160.1  0   1.0175 335.6900
1979 185 220  0.9 156.2  0   1.0175 335.6900
1979 192 221  1.8 155.3  0   1.0170 336.1500
1979 192 221  0.9 156.1  0   1.0170 336.1500
1979 199 222  0.7 159.7  0   1.0174 337.3500
1979 199 222  1.2 156.5  0   1.0174 337.3500
1979 209 223  1.6 156.6  0   1.0183 335.7200
1979 209 223  1.1 157.9  0   1.0183 335.7200
1979 213 224  2.0 156.0  0   1.0172 335.7300
1979 213 224  1.1 151.8  0   1.0172 335.7300
1979 221 225  0.7 162.0  0   1.0162 337.2000
1979 221 225  0.1 162.7  0   1.0162 337.2000
1979 227 226  4.0 158.2  0   1.0153 335.8800
1979 227 226  4.8 154.5  0   1.0153 335.8800
1979 234 227  3.7 159.8  0   1.0154 336.6600
1979 242 228  0.6 156.2  0   1.0158 336.1700
1979 242 228  6.2 161.4  1   1.0158 336.1700
1979 248 229  3.0 148.5  0   1.0142 335.9500
1979 248 229  4.4 154.1  0   1.0142 335.9500
1979 255 230  1.6 154.2  0   1.0156 336.1900
1979 255 230  3.9 154.9  0   1.0156 336.1900
1979 261 231  1.9 159.3  2
1979 261 231  2.5 170.7  2   1.0165 336.3700
1979 269 232  1.2 161.2  0   1.0158 336.4700
1979 269 232  1.2 161.4  0   1.0158 336.4700
1979 279 233  1.6 164.5  0   1.0171 336.5500
1979 279 233  3.3 161.3  0   1.0171 336.5500
1979 283 234  0.0   0.0  4   1.0188 336.4600
1979 283 234  0.0   0.0  4   1.0188 336.4600
1979 290 235  1.3 159.9  0   1.0140 336.7600
1979 290 235  1.6 161.7  0   1.0140 336.7600
1979 297 236  0.9 161.8  0   1.0148 336.7400
1979 297 236  0.7 162.6  0   1.0148 336.7400
1979 304 237  0.6 182.5  4   1.0140 337.2100
1979 304 237  1.0 173.4  6   1.0140 337.2100
1979 311 238  2.5 157.4  0   1.0138 336.9000
1979 311 238  1.4 157.7  0   1.0138 336.9000
1979 319 239  1.5 161.5  0   1.0133 336.3400
1979 319 239  0.8 160.0  0   1.0133 336.3400
1979 325 240  1.2 161.6  0   1.0146 337.1600
1979 325 240  2.3 163.8  0   1.0146 337.1600
1979 339 241  0.6 159.7  0   1.0139 337.2100
1979 339 241  1.2 162.9  0   1.0139 337.2100
1979 346 242  2.2 162.6  0   1.0140 337.5700
1979 346 242  3.6 162.9  0   1.0140 337.5700
1979 353 243  0.5 157.2  0   1.0128 336.7600
1979 353 243  0.7 160.9  0   1.0128 336.7600
1979 361 244  0.5 161.2  0   1.0133 336.7000
1979 361 244  2.1 158.8  0   1.0133 336.7000
1980   2 245  0.5 162.7  0   1.0139 337.1000
1980   2 245  3.0 160.8  0   1.0139 337.1000
1980   9 246  4.8 164.4  0   1.0141 337.3800
1980   9 246  2.1 162.4  0   1.0141 337.3800
1980  16 247  1.6 164.5  0   1.0170 337.4600
1980  16 247  1.0 164.0  0   1.0170 337.4600
1980  24 248  0.6 166.1  0   1.0139 336.5800
1980  24 248  1.3 164.9  0   1.0139 336.5800
1980  33 249  2.2 165.9  0   1.0129 337.8500
1980  33 249  0.5 165.9  0   1.0129 337.8500
1980  40 250  1.1 166.8  0   1.0139 337.2900
1980  40 250  1.6 165.0  0   1.0139 337.2900
1980  47 251  1.7 162.7  0   1.0150 336.5100
1980  47 251  1.1 161.2  0   1.0150 336.5100
1980  54 252  0.6 165.7  0   1.0147 337.8400
1980  54 252  3.3 163.4  0   1.0147 337.8400
1980  61 253  3.5 160.2  0   1.0148 337.7200
1980  61 253  0.7 162.8  0   1.0148 337.7200
1980  68 254  1.6 166.5  0   1.0137 338.1500
1980  68 254  0.8 165.5  0   1.0137 338.1500
1980  75 255  1.8 166.3  0   1.0144 337.9000
1980  75 255  0.8 162.7  0   1.0144 337.9000
1980  82 256  0.5 167.3  0   1.0134 338.0900
1980  82 256  0.8 167.3  0   1.0134 338.0900
1980  82 256  1.5 164.2  0   1.0134 338.0900
1980  82 256  1.1 165.6  0   1.0134 338.0900
1980  89 257  1.1 166.0  0   1.0199 337.0200
1980  89 257  2.4 161.0  0   1.0199 337.0200
1980  89 257  1.0 165.0  0   1.0199 337.0200
1980  89 257  3.9 166.9  0   1.0199 337.0200
1980  96 258  1.0 164.4  0   1.0152 337.3800
1980  96 258  2.0 164.6  0   1.0152 337.3800
1980 103 259  0.9 160.6  0   1.0151 336.6700
1980 103 259  1.9 163.4  0   1.0151 336.6700
1980 110 260  1.1 163.6  0   1.0157 338.4500
1980 110 260  2.1 167.5  0   1.0157 338.4500
1980 110 260  1.1 165.6  0   1.0157 338.4500
1980 110 260  1.9 163.1  0   1.0157 338.4500
1980 117 261  2.5 221.8  4   1.0150 336.4900
1980 117 261  2.1 176.7  2   1.0150 336.4900
1980 117 261  0.3 170.3  0   1.0150 336.4900
1980 124 262  1.2 163.3  0   1.0180 337.8800
1980 124 262  2.4 165.3  0   1.0180 337.8800
1980 124 262  1.5 168.4  0   1.0180 337.8800
1980 131 263  1.7 163.3  0   1.0161 337.2100
1980 131 263  1.3 166.2  0   1.0161 337.2100
1980 131 263  1.4 164.3  0   1.0161 337.2100
1980 131 263  2.6 156.6  0   1.0161 337.2100
1980 138 264  2.2 167.6  2
1980 138 264  6.1 324.9  7   1.0178 338.1500
1980 138 264  2.0 162.4  2   1.0178 338.1500
1980 138 264  1.4 173.6  2   1.0178 338.1500
1980 145 265  2.3 166.4  0   1.0166 337.3300
1980 145 265  2.8 169.3  0   1.0166 337.3300
1980 145 265  0.8 165.8  0   1.0166 337.3300
1980 145 265  1.1 164.3  0   1.0166 337.3300
1980 152 266  1.3 165.1  0   1.0187 337.5000
1980 152 266  0.5 165.5  0   1.0187 337.5000
1980 152 266  2.3 165.1  0   1.0187 337.5000
1980 152 266  0.7 165.8  0   1.0187 337.5000
1980 159 267  2.9 167.7  0   1.0165 337.6000
1980 159 267  1.0 165.2  0   1.0165 337.6000
1980 159 267  2.2 165.5  0   1.0165 337.6000
1980 159 267  1.5 165.6  0   1.0165 337.6000
1980 166 268  1.2 167.6  0   1.0177 338.6600
1980 166 268  1.0 167.6  0   1.0177 338.6600
1980 173 269  0.4 166.6  0   1.0169 337.7600
1980 173 269  0.8 168.4  0   1.0169 337.7600
1980 180 270  1.6 167.4  0   1.0181 337.7800
1980 180 270  1.0 170.9  0   1.0181 337.7800
1980 188 271  0.6 166.8  0   1.0197 338.5000
1980 188 271  0.7 166.2  0   1.0197 338.5000
1980 194 272  0.7 165.3  0   1.0195 338.8400
1980 194 272  0.8 167.2  0   1.0195 338.8400
1980 202 273  1.8 165.2  0   1.0196 338.6300
1980 202 273  1.9 165.9  0   1.0196 338.6300
1980 209 274  1.8 166.0  0   1.0198 338.4400
1980 209 274  2.0 167.4  0   1.0198 338.4400
1980 215 275  1.9 167.8  0   1.0207 338.2900
1980 222 276  1.3 166.7  0   1.0205 338.3000
1980 222 276  1.2 168.0  0   1.0205 338.3000
1980 229 277  0.9 166.5  2
1980 229 277  1.3 175.7  2   1.0192 338.5000
1980 235 278  2.4 164.5  0   1.0180 338.0600
1980 235 278  3.8 166.0  0   1.0180 338.0600
1980 243 279  1.3 163.4  0   1.0157 338.2000
1980 243 279  2.7 167.9  0   1.0157 338.2000
1980 250 280  1.9 170.3  0   1.0170 338.1200
1980 250 280  0.6 168.7  0   1.0170 338.1200
1980 257 281  0.8 171.0  0   1.0243 338.1700
1980 257 281  1.6 172.5  0   1.0243 338.1700
1980 271 282  5.1 168.0  1   1.0171 338.4700
1980 271 282  2.6 169.3  0   1.0171 338.4700
1980 278 283  1.1 163.2  0   1.0197 338.3000
1980 278 283  0.6 167.3  0   1.0197 338.3000
1980 285 284  1.8 168.7  0   1.0137 338.3900
1980 285 284  2.9 171.9  0   1.0137 338.3900
1980 292 285  1.7 170.2  0   1.0146 338.2000
1980 292 285  1.3 173.5  0   1.0146 338.2000
1980 300 286  2.7 164.4  0   1.0211 340.2400
1980 300 286  5.8 168.5  1   1.0211 340.2400
1980 307 287  1.1 169.0  0   1.0191 338.0500
1980 307 287  1.3 167.7  0   1.0191 338.0500
1980 315 288  1.5 167.1  0   1.0180 338.3500
1980 315 288  0.5 165.9  0   1.0180 338.3500
1980 334 289  1.2 170.2  0   1.0186 338.9500
1980 334 289  0.7 170.3  0   1.0186 338.9500
1980 343 290  2.5 171.0  0   1.0152 338.6700
1980 343 290  3.7 170.8  0   1.0152 338.6700
1980 352 291  1.2 165.6  0   1.0149 338.5000
1980 352 291  3.7 168.9  0   1.0149 338.5000
1981  10 292  2.0 168.0  0   1.0146 338.4700
1981  10 292  2.0 173.2  0   1.0146 338.4700
1981  19 293  1.1 170.5  0   1.0153 338.8300
1981  19 293  2.7 170.1  0   1.0153 338.8300
1981  25 294  2.7 172.1  0   1.0130 338.6200
1981  25 294  2.4 170.9  0   1.0130 338.6200
1981  31 295  1.4 179.5  0   1.0180 339.6600
1981  31 295  1.0 186.6  4   1.0180 339.6600
1981  38 296  0.4 171.5  0   1.0182 339.2500
1981  38 296  2.0 175.7  0   1.0182 339.2500
1981  45 297  1.2 173.9  0   1.0166 340.1200
1981  45 297  0.4 172.8  0   1.0166 340.1200
1981  68 298  1.4 174.2  0   1.0174 337.1900
1981  68 298  0.3 172.5  0   1.0174 337.1900
1981  73 299  3.2 167.8  0   1.0184 338.0000
1981  73 299  1.2 166.9  0   1.0184 338.0000
1981  82 300  2.2 174.1  0   1.0191 339.1600
1981  82 300  1.3 172.5  0   1.0191 339.1600
1981  87 301  0.6 173.7  0   1.0180 340.1700
1981  87 301  0.7 172.9  0   1.0180 340.1700
1981  94 302  2.2 170.7  0   1.0192 339.6300
1981  94 302  0.6 174.7  0   1.0192 339.6300
1981 101 303  3.3 175.9  0   1.0176 339.8800
1981 101 303  3.0 174.3  0   1.0176 339.8800
1981 109 304  2.8 173.9  0   1.0199 338.5500
1981 109 304  0.6 179.3  0   1.0199 338.5500
1981 119 305  0.6 174.8  0   1.0157 339.0500
1981 119 305  3.0 174.4  0   1.0157 339.0500
1981 130 306  3.0 172.8  0   1.0189 338.9200
1981 130 306  0.5 173.3  0   1.0189 338.9200
1981 136 307  0.6 172.9  0   1.0234 339.4900
1981 136 307  0.7 177.9  0   1.0234 339.4900
1981 144 308  0.6 179.8  0   1.0234 340.3800
1981 144 308  1.0 177.8  0   1.0234 340.3800
1981 150 309  1.1 173.8  0   1.0193 339.1800
1981 150 309  0.5 173.6  0   1.0193 339.1800
1981 158 310  1.8 173.0  0   1.0172 339.5700
1981 158 310  1.6 176.0  0   1.0172 339.5700
1981 169 311  0.7 175.3  0   1.0171 339.7200
1981 169 311  1.5 177.4  0   1.0171 339.7200
1981 178 312  0.4 173.2  0   1.0167 338.1600
1981 178 312  0.5 174.9  0   1.0167 338.1600
1981 192 313  1.2 175.5  0   1.0204 338.8200
1981 192 313  1.5 177.2  0   1.0204 338.8200
1981 199 314  1.0 175.6  2
1981 199 314  1.1 183.8  2   1.0169 339.3600
1981 214 315  1.4 176.1  0   1.0173 338.7800
1981 214 315  1.4 175.8  0   1.0173 338.7800
1981 221 316  1.0 175.1  0   1.0167 339.0700
1981 221 316  0.4 180.2  0   1.0167 339.0700
1981 234 317  0.5 177.6  0   1.0148 338.7200
1981 234 317  0.8 178.2  0   1.0148 338.7200
1981 241 318  2.4 178.0  0   1.0169 340.0100
1981 241 318  1.2 180.7  0   1.0169 340.0100
1981 248 319  1.8 178.5  0   1.0176 340.5700
1981 248 319  0.4 185.9  0   1.0176 340.5700
1981 263 320  0.9 179.2  0   1.0165 338.4800
1981 263 320  0.8 179.1  0   1.0165 338.4800
1981 276 321  0.9 176.2  2
1981 276 321  0.8 190.8  2   1.0154 339.1000
1981 298 322  0.7 176.8  0   1.0175 338.7000
1981 298 322  1.4 176.9  0   1.0175 338.7000
1981 304 323  0.8 181.9  0   1.0201 339.2300
1981 304 323  0.7 183.7  0   1.0201 339.2300
1981 311 324  1.2 180.5  0   1.0165 339.3400
1981 311 324  1.2 180.7  0   1.0165 339.3400
1981 318 325  1.5 180.1  0   1.0177 339.2500
1981 318 325  1.2 181.0  0   1.0177 339.2500
1981 325 326  1.7 184.1  0   1.0154 339.8500
1981 325 326  0.5 184.7  0   1.0154 339.8500
1981 339 327  0.6 175.9  0   1.0194 339.3100
1981 339 327  0.6 180.5  0   1.0194 339.3100
1981 346 328  2.8 180.2  0   1.0192 339.7800
1981 346 328  1.3 185.7  0   1.0192 339.7800
1981 353 329  0.9 182.8  0   1.0191 339.8900
1981 353 329  1.6 184.4  0   1.0191 339.8900
1981 361 330  1.5 185.5  0   1.0219 339.7400
1981 361 330  0.9 181.5  0   1.0219 339.7400
1982   3 331  0.0 186.2  0   1.0231 340.3200
1982   3 331  1.2 185.2  0   1.0231 340.3200
1982  10 332  2.2 181.3  0   1.0232 340.1400
1982  10 332  2.2 183.3  0   1.0232 340.1400
1982  23 333  3.6 184.1  0   1.0210 340.3600
1982  23 333  0.7 185.7  0   1.0210 340.3600
1982  30 334  1.9 182.6  0   1.0160 340.6200
1982  30 334  2.6 185.0  0   1.0160 340.6200
1982  39 335  3.5 187.6  0   1.0277 340.9600
1982  39 335  1.4 188.5  0   1.0277 340.9600
1982  44 336  0.8 185.6  2
1982  44 336  1.6 193.5  2   1.0199 340.5000
1982  54 337  2.1 180.5  0   1.0272 339.8000
1982  54 337  1.2 181.5  0   1.0272 339.8000
1982  66 338  2.7 182.9  0   1.0184 340.0300
1982  66 338  1.3 180.2  0   1.0184 340.0300
1982  71 339  2.3 185.8  0   1.0179 340.8900
1982  71 339  2.6 183.6  0   1.0179 340.8900
1982  80 340  2.8 189.1  0   1.0175 340.3600
1982  80 340  0.7 184.5  0   1.0175 340.3600
1982  86 341  2.1 177.1  0   1.0169 340.3200
1982  86 341  1.5 180.4  0   1.0169 340.3200
1982 100 342  2.3 184.6  0   1.0216 340.3000
1982 100 342  1.2 185.2  0   1.0216 340.3000
1982 109 343  0.3 185.1  0   1.0206 340.3900
1982 109 343  2.3 187.5  0   1.0206 340.3900
1982 116 344  1.3 186.1  0   1.0179 340.6800
1982 116 344  1.0 187.8  0   1.0179 340.6800
1982 125 345  3.4 188.8  0   1.0184 339.1400
1982 128 346  1.0 183.2  0   1.0183 338.7900
1982 128 346  0.7 185.2  0   1.0183 338.7900
1982 137 347  0.7 185.7  0   1.0175 339.3200
1982 137 347  1.1 184.7  0   1.0175 339.3200
1982 144 348  1.7 184.0  0   1.0171 339.7800
1982 144 348  0.3 182.2  0   1.0171 339.7800
1982 149 349  0.4 185.2  0   1.0192 339.5100
1982 149 349  1.1 189.6  0   1.0192 339.5100
1982 156 350  1.4 182.9  0   1.0177 338.5400
1982 156 350  2.3 182.3  0   1.0177 338.5400
1982 163 351  2.7 187.3  0   1.0191 339.5200
1982 163 351  2.6 184.6  0   1.0191 339.5200
1982 173 352  2.5 194.0  0   1.0229 339.7900
1982 173 352  1.8 193.8  0   1.0229 339.7900
1982 180 353  1.4 186.1  0   1.0238 340.2000
1982 180 353  0.7 185.4  0   1.0238 340.2000
1982 187 354  1.9 184.8  0   1.0167 341.0000
1982 187 354  2.7 188.2  0   1.0167 341.0000
1982 191 355  1.0 187.1  0   1.0166 340.7800
1982 191 355  2.1 186.6  0   1.0166 340.7800
1982 211 356  2.2 186.1  0   1.0156 339.7200
1982 211 356  1.0 186.9  0   1.0156 339.7200
1982 218 357  1.8 186.7  0   1.0168 341.4200
1982 218 357  1.7 187.7  0   1.0168 341.4200
1982 229 358  0.7 187.2  0   1.0136 341.1000
1982 229 358  0.1 191.3  0   1.0136 341.1000
1982 237 359  0.8 189.5  0   1.0161 340.8400
1982 237 359  1.1 189.3  0   1.0161 340.8400
1982 242 360  0.5 186.6  0   1.0169 341.1800
1982 242 360  1.4 188.6  0   1.0169 341.1800
1982 253 361  3.3 187.6  0   1.0189 339.7200
1982 253 361  0.1 187.8  0   1.0189 339.7200
1982 261 362  1.8 189.9  0   1.0191 340.2700
1982 261 362  0.6 187.5  0   1.0191 340.2700
1982 268 363  0.3 187.4  0   1.0164 340.5700
1982 268 363  2.1 190.0  0   1.0164 340.5700
1982 279 364  2.5 189.5  0   1.0160 339.2000
1982 279 364  2.3 190.0  0   1.0160 339.2000
1982 283 365  0.7 188.6  0   1.0157 339.4200
1982 283 365  2.0 190.1  0   1.0157 339.4200
1982 293 366  1.3 189.1  0   1.0148 340.2600
1982 293 366  3.9 194.5  0   1.0148 340.2600
1982 298 367  1.5 187.4  0   1.0153 339.8600
1982 298 367  1.1 186.6  0   1.0153 339.8600
1982 306 368  0.0 189.6  0   1.0157 339.9000
1982 306 368  0.0 194.9  0   1.0157 339.9000
1982 312 369  0.3 191.6  0   1.0157 340.5200
1982 312 369  2.1 191.0  0   1.0157 340.5200
1982 317 370  1.3 187.6  0   1.0152 340.4600
1982 317 370  0.8 187.0  0   1.0152 340.4600
1982 324 371  2.7 189.5  0   1.0158 340.1200
1982 324 371  2.1 188.3  0   1.0158 340.1200
1982 331 372  4.0 187.6  0   1.0149 340.0000
1982 331 372  0.8 191.0  0   1.0149 340.0000
1982 341 373  2.1 190.7  0   1.0156 339.9500
1982 341 373  1.5 190.8  0   1.0156 339.9500
1982 345 374  0.1 186.3  0   1.0151 339.9200
1982 345 374  0.6 191.1  0   1.0151 339.9200
1982 352 375  0.7 187.0  0   1.0150 339.5600
1982 352 375  2.6 188.0  0   1.0150 339.5600
1983   1 376  1.2 190.1  0   1.0151 340.0500
1983   1 376  2.5 193.9  0   1.0151 340.0500
1983   9 377  2.7 192.8  0   1.0155 340.6900
1983   9 377  2.4 196.5  0   1.0155 340.6900
1983  15 378  3.0 196.6  0   1.0155 339.9000
1983  15 378  3.2 194.9  0   1.0155 339.9000
1983  36 379  4.3 192.1  0   1.0143 339.8700
1983  36 379  3.2 194.3  0   1.0143 339.8700
1983  44 380  0.4 187.2  0   1.0145 340.6900
1983  44 380  0.1 189.5  0   1.0145 340.6900
1983  51 381  1.5 190.2  0   1.0150 340.7000
1983  51 381  0.3 193.1  0   1.0150 340.7000
1983  71 382  1.5 194.1  0   1.0150 340.4800
1983  71 382  1.6 194.3  0   1.0150 340.4800
1983  80 383  2.2 193.0  0   1.0148 340.8900
1983  80 383  2.0 193.8  0   1.0148 340.8900
1983  86 384  0.1 198.7  0   1.0151 342.3500
1983  86 384  1.2 198.3  0   1.0151 342.3500
1983  99 385  1.7 192.3  0   1.0146 340.4400
1983  99 385  2.8 194.3  0   1.0146 340.4400
1983 106 386  1.1 242.6  4   1.0148 340.3700
1983 106 386  2.8 195.5  2   1.0148 340.3700
1983 114 387  2.7 193.9  0   1.0149 340.5300
1983 114 387  2.5 198.3  0   1.0149 340.5300
1983 121 388  3.3 195.9  0   1.0159 341.7100
1983 121 388  1.2 192.8  0   1.0159 341.7100
1983 142 389  1.9 193.7  0   1.0144 340.9600
1983 142 389  0.6 194.8  0   1.0144 340.9600
1983 165 390  0.7 195.3  0   1.0145 341.3400
1983 165 390  0.4 196.7  0   1.0145 341.3400
1983 176 391  6.0 208.1  1   1.0148 342.6400
1983 176 391  0.9 192.1  2   1.0148 342.6400
1983 183 392  2.1 194.9  0   1.0143 341.8200
1983 183 392  1.3 194.8  0   1.0143 341.8200
1983 190 393  1.7 210.8  4   1.0147 341.4100
1983 190 393  1.3 201.1  2   1.0147 341.4100
1983 197 394  3.0 197.8  0   1.0146 341.9200
1983 197 394  3.8 197.0  0   1.0146 341.9200
1983 204 395  4.2 193.4  0   1.0156 341.9000
1983 204 395  1.3 198.8  0   1.0156 341.9000
1983 218 396  2.2 392.6  4   1.0147 341.8500
1983 218 396  1.3 196.0  2   1.0147 341.8500
1983 226 397  1.2 193.3  0   1.0144 342.0600
1983 226 397  2.1 195.9  0   1.0144 342.0600
1983 232 398  2.7 196.3  0   1.0145 341.8200
1983 232 398  0.1 194.1  0   1.0145 341.8200
1983 243 399  2.5 210.8  4   1.0150 342.0000
1983 243 399  1.5 194.1  2   1.0150 342.0000
1983 246 400  0.8 199.8  0   1.0146 342.1400
1983 246 400  2.2 193.4  0   1.0146 342.1400
1983 252 401  0.9 195.6  2
1983 252 401  2.9 204.8  2   1.0147 342.1000
1983 262 402  0.9 199.1  2
1983 262 402  3.3 213.7  6   1.0150 341.9200
1983 267 403  0.8 198.7  2
1983 267 403  3.4 230.9  6   1.0151 341.9100
1983 275 404  2.6 199.7  0   1.0148 341.8400
1983 275 404  0.9 200.9  0   1.0148 341.8400
1983 281 405  3.0 202.2  2
1983 281 405  1.2 191.9  2   1.0149 341.9800
1983 288 406  1.2 199.1  0   1.0145 341.9200
1983 288 406  1.7 197.9  0   1.0145 341.9200
1983 295 407  2.0 200.6  0   1.0146 342.1600
1983 295 407  3.7 197.6  0   1.0146 342.1600
1983 302 408  1.1 202.4  0   1.0150 342.3700
1983 302 408  1.4 200.7  0   1.0150 342.3700
1983 311 409  2.5 196.6  0   1.0167 344.3900
1983 311 409  1.9 194.8  0   1.0167 344.3900
1983 318 410  1.8 197.9  0   1.0150 342.6000
1983 318 410  3.1 203.6  0   1.0150 342.6000
1983 324 411  1.4 198.4  0   1.0147 342.5900
1983 324 411  0.6 194.7  0   1.0147 342.5900
1983 330 412  2.5 201.3  0   1.0152 342.3500
1983 330 412  2.2 197.7  0   1.0152 342.3500
1983 336 413  3.0 199.6  0   1.0150 342.2500
1983 336 413  1.2 200.8  0   1.0150 342.2500
1983 347 414  2.8 206.9  0   1.0152 342.3500
1983 347 414  1.4 206.5  0   1.0152 342.3500
1983 351 415  3.7 201.3  0   1.0152 342.5100
1983 351 415  2.6 201.0  0   1.0152 342.5100
1983 358 416  2.3 204.0  0   1.0153 342.7500
1983 358 416  1.3 204.9  0   1.0153 342.7500
1984   2 417  1.9 201.1  0   1.0150 342.8800
1984   2 417  2.9 204.9  0   1.0150 342.8800
1984   7 418  1.3 204.0  0   1.0152 342.5100
1984   7 418  3.4 202.6  0   1.0152 342.5100
1984  13 419  4.1 204.2  0   1.0149 343.1600
1984  13 419  1.3 202.7  0   1.0149 343.1600
1984  24 420  2.9 208.0  0   1.0151 343.1800
1984  24 420  1.2 208.9  0   1.0151 343.1800
1984  32 421  1.4 205.7  0   1.0151 343.9000
1984  32 421  2.2 208.7  0   1.0151 343.9000
1984  37 422  0.0 201.3  0   1.0154 343.4300
1984  37 422  1.8 206.6  0   1.0154 343.4300
1984  41 423  1.4 207.8  0   1.0151 343.3800
1984  41 423  1.0 207.2  0   1.0151 343.3800
1984  49 424  1.9 205.8  0   1.0143 342.9300
1984  49 424  1.6 207.6  0   1.0143 342.9300
1984  55 425  1.5 202.8  0   1.0141 342.6900
1984  55 425  2.1 208.1  0   1.0141 342.6900
1984  70 426  2.4 195.0  0   1.0145 342.0700
1984  70 426  1.5 201.2  0   1.0145 342.0700
1984  78 427  1.0 201.5  0   1.0149 342.5900
1984  78 427  0.9 204.1  0   1.0149 342.5900
1984  86 428  1.6 200.0  0   1.0147 344.3500
1984  86 428  1.3 206.2  0   1.0147 344.3500
1984  92 429  2.8 208.2  0   1.0149 342.4500
1984  92 429  1.3 209.5  0   1.0149 342.4500
1984  99 430  2.5 202.7  0   1.0146 342.9300
1984  99 430  1.3 202.7  0   1.0146 342.9300
1984 105 431  1.4 202.2  0   1.0145 342.2700
1984 105 431  3.6 203.6  0   1.0145 342.2700
1984 118 432  2.1 208.9  0   1.0154 344.7400
1984 118 432  3.6 210.4  0   1.0154 344.7400
1984 125 433  2.1 204.6  2
1984 125 433  0.0 213.9  2   1.0151 342.1800
1984 132 434  2.9 195.8  0   1.0146 341.8300
1984 132 434  1.6 197.9  0   1.0146 341.8300
1984 138 435  2.2 206.7  0   1.0153 342.5200
1984 138 435  1.8 203.2  0   1.0153 342.5200
1984 145 436  2.2 205.7  0   1.0158 342.2500
1984 145 436  2.5 205.2  0   1.0158 342.2500
1984 154 437  2.7 204.6  0   1.0161 342.3800
1984 154 437  3.5 205.1  0   1.0161 342.3800
1984 161 438  3.6 204.3  0   1.0150 342.0400
1984 161 438  2.3 203.6  0   1.0150 342.0400
1984 167 439  2.3 202.9  0   1.0146 342.3600
1984 167 439  0.8 201.4  0   1.0146 342.3600
1984 174 440  1.5 205.5  0   1.0153 342.4900
1984 174 440  2.5 203.9  0   1.0153 342.4900
1984 181 441  0.4 200.5  0   1.0152 342.3400
1984 181 441  0.8 200.4  0   1.0152 342.3400
1984 188 442  1.9 204.6  0   1.0144 343.1100
1984 188 442  4.1 203.4  0   1.0144 343.1100
1984 195 443  1.5 202.9  0   1.0149 342.4800
1984 195 443  1.7 204.5  0   1.0149 342.4800
1984 202 444  1.4 204.0  0   1.0145 343.1900
1984 202 444  2.5 205.3  0   1.0145 343.1900
1984 209 445  2.7 204.1  0   1.0145 342.8200
1984 209 445  1.6 204.5  0   1.0145 342.8200
1984 218 446  0.8 202.0  0   1.0144 342.9900
1984 218 446  2.0 204.0  0   1.0144 342.9900
1984 223 447  2.6 196.9  2
1984 223 447  2.8 208.0  2   1.0144 343.0600
1984 230 448  2.8 205.4  0   1.0150 342.8900
1984 230 448  1.2 201.1  0   1.0150 342.8900
1984 237 449  1.3 204.4  0   1.0154 343.1300
1984 237 449  1.5 207.8  0   1.0154 343.1300
1984 244 450  3.0 205.8  8   1.0154 343.3800
1984 244 450  0.7 209.9  8   1.0154 343.3800
1984 251 451  3.1 203.5  8   1.0153 342.9900
1984 251 451  1.4 212.3 10   1.0153 342.9900
1984 258 452  1.8 211.6  8   1.0151 343.5900
1984 258 452  3.9 210.5  8   1.0151 343.5900
1984 265 453  0.7 206.3  8   1.0151 343.2100
1984 265 453  2.0 208.2  8   1.0151 343.2100
1984 272 454  2.6 212.1  8   1.0148 343.3500
1984 272 454  0.9 212.7  8   1.0148 343.3500
1984 280 456  2.1 211.3  8   1.0144 343.0700
1984 280 456  4.5 216.0  8   1.0144 343.0700
1984 288 457  1.8 205.4  8   1.0146 343.4000
1984 288 457  1.7 208.1  8   1.0146 343.4000
1984 293 458  2.1 202.4  8   1.0144 343.8900
1984 293 458  2.3 205.1  8   1.0144 343.8900
1984 299 459  0.3 210.6  8   1.0141 343.2300
1984 299 459  1.1 208.5  8   1.0141 343.2300
1984 307 460  1.3 208.6  8   1.0144 343.1300
1984 307 460  4.9 211.8  9   1.0144 343.1300
1984 314 461  3.6 234.4 12   1.0140 343.2200
1984 314 461  2.6 209.7 10   1.0140 343.2200
1984 321 462  2.3 205.5  8   1.0161 343.6600
1984 321 462  0.7 209.3  8   1.0161 343.6600
1984 329 463  0.1 200.1  8   1.0149 343.5000
1984 329 463  0.2 207.6  8   1.0149 343.5000
1984 350 464  1.3 214.7  8   1.0143 345.6400
1984 350 464  1.9 218.3  8   1.0143 345.6400
1984 356 465  1.0 209.7  8   1.0156 344.8400
1984 356 465  1.8 214.2  8   1.0156 344.8400
1984 364 466  4.1 217.6  8   1.0146 344.3200
1984 364 466  6.2 218.9  9   1.0146 344.3200
1985  11 467  4.1 222.8  8   1.0154 344.7700
1985  11 467  3.1 224.4 12   1.0154 344.7700
1985  19 468  2.0 219.1  8   1.0149 344.8000
1985  19 468  2.9 222.2  8   1.0149 344.8000
1985  25 469  2.9 209.7  8   1.0150 344.0600
1985  25 469  2.6 217.6 10   1.0150 344.0600
1985  32 470  2.0 203.0  8   1.0148 344.2300
1985  32 470  1.7 211.4 10   1.0148 344.2300
1985  39 471  0.8 219.7  8   1.0146 344.6200
1985  39 471  0.5 218.1  8   1.0146 344.6200
1985  46 472  1.1 229.1 12   1.0151 344.9800
1985  46 472  3.4 226.1 12   1.0151 344.9800
1985  53 473  0.6 211.7  0   1.0141 344.5700
1985  53 473  1.4 210.6  0   1.0141 344.5700
1985  60 474  0.4 209.5  0   1.0145 345.0500
1985  60 474  1.5 209.0  0   1.0145 345.0500
1985  67 475  0.7 210.8  0   1.0146 345.1200
1985  67 475  2.6 207.3  0   1.0146 345.1200
1985  74 476  2.1 212.0  0   1.0157 345.9200
1985  74 476  4.6 207.3  0   1.0157 345.9200
1985  81 477  4.0 210.7  0   1.0158 344.5500
1985  81 477  2.2 204.9  0   1.0158 344.5500
1985  88 478  0.4 206.1  0   1.0146 343.6200
1985  88 478  1.3 207.2  0   1.0146 343.6200
1985  95 479  0.5 211.6  0   1.0147 344.6600
1985  95 479  0.8 211.5  0   1.0147 344.6600
1985 102 480  0.9 210.4  0   1.0147 344.8100
1985 102 480  0.6 211.5  0   1.0147 344.8100
1985 110 481  0.6 206.8  0   1.0157 344.9000
1985 110 481  0.3 206.8  0   1.0157 344.9000
1985 116 482  3.5 208.2  0   1.0161 343.5100
1985 116 482  0.9 209.2  0   1.0161 343.5100
1985 132 483  1.6 205.9  0   1.0152 344.7700
1985 132 483  1.9 205.4  0   1.0152 344.7700
1985 137 484  0.3 215.4  0   1.0152 344.1100
1985 137 484  1.9 216.6  0   1.0152 344.1100
1985 144 485  0.6 212.8  0   1.0140 343.3800
1985 144 485  0.5 215.2  0   1.0140 343.3800
1985 151 486  5.8 212.0  1   1.0157 347.0400
1985 151 486  2.0 216.0  0   1.0157 347.0400
1985 158 487  0.4 212.2  0   1.0154 343.3700
1985 158 487  0.1 215.4  0   1.0154 343.3700
1985 172 488  1.8 208.2  0   1.0169 344.6800
1985 172 488  0.6 206.3  0   1.0169 344.6800
1985 179 489  0.8 206.5  0   1.0161 344.3800
1985 179 489  0.4 206.0  0   1.0161 344.3800
1985 186 490  0.7 206.6  0   1.0165 345.4400
1985 186 490  1.3 206.4  0   1.0165 345.4400
1985 193 491  0.4 207.9  0   1.0162 344.2600
1985 193 491  0.4 208.1  0   1.0162 344.2600
1985 200 492  0.3 211.1  0   1.0171 344.6100
1985 207 493  0.5 210.1  0   1.0164 345.3200
1985 207 493  0.5 212.3  0   1.0164 345.3200
1985 214 494  0.9 210.0  0   1.0152 343.9500
1985 214 494  1.2 211.0  0   1.0152 343.9500
1985 220 495  0.4 208.6  0   1.0147 344.8000
1985 220 495  0.1 208.6  0   1.0147 344.8000
1985 227 496  1.0 208.0  0   1.0171 344.8000
1985 227 496  0.4 210.5  0   1.0171 344.8000
1985 234 497  0.4 210.0  0   1.0169 343.6300
1985 234 497  0.2 211.5  0   1.0169 343.6300
1985 241 498  2.2 206.4  2
1985 241 498  0.6 214.3  2   1.0167 344.2200
1985 248 499  5.6 368.6  5   1.0166 344.1300
1985 248 499  1.5 365.3  4   1.0166 344.1300
1985 255 500  1.1 216.2  0   1.0154 344.2000
1985 255 500  0.8 216.0  0   1.0154 344.2000
1985 262 501  8.7 224.2  1   1.0154 344.4100
1985 262 501  0.3 217.1  0   1.0154 344.4100
1985 269 502  0.7 219.3  0   1.0153 344.4000
1985 269 502  1.4 220.3  0   1.0153 344.4000
1985 276 503  1.4 218.1  0   1.0155 344.6000
1985 276 503  1.0 218.3  0   1.0155 344.6000
1985 283 504  0.3 218.5  0   1.0151 344.5600
1985 283 504  0.8 218.8  0   1.0151 344.5600
1985 290 505  0.6 217.5  0   1.0164 344.2900
1985 297 506  0.3 218.6  0   1.0154 344.2500
1985 297 506  0.6 219.4  0   1.0154 344.2500
1985 304 507  0.6 218.1  0   1.0156 344.3000
1985 304 507  0.4 218.1  0   1.0156 344.3000
1985 311 508  0.3 223.4  2
1985 311 508  1.4 269.7  6   1.0171 344.2600
1985 318 509  0.6 219.7  0   1.0150 345.2200
1985 318 509  0.4 220.7  0   1.0150 345.2200
1985 325 510  1.1 217.0  0   1.0161 344.5000
1985 325 510  0.7 217.8  0   1.0161 344.5000
1985 332 511  1.7 214.0  0   1.0156 344.3000
1985 332 511  1.5 216.0  0   1.0156 344.3000
1985 339 512  1.0 220.2  0   1.0148 344.6000
1985 339 512  0.3 221.2  0   1.0148 344.6000
1985 346 513  0.3 220.6  0   1.0154 344.5400
1985 346 513  0.7 224.3  0   1.0154 344.5400
1985 357 514  0.1 218.9  0   1.0154 343.8000
1985 357 514  0.4 218.9  0   1.0154 343.8000
1985 360 515  0.6 220.9  0   1.0145 344.4000
1985 360 515  1.0 225.2  0   1.0145 344.4000
1986   2 516  1.9 213.2  0   1.0142 343.7800
1986   9 517  7.2 226.2  1   1.0149 344.3900
1986   9 517  3.5 215.3  2   1.0149 344.3900
1986  16 518  0.4 221.3  0   1.0141 343.9400
1986  16 518  1.4 226.6  0   1.0141 343.9400
1986  23 519  4.4 224.4  0   1.0156 344.1900
1986  23 519  6.0 228.4  1   1.0156 344.1900
1986  31 520  0.7 225.4  0   1.0146 344.4200
1986  31 520  4.4 229.1  0   1.0146 344.4200
1986  44 521  2.2 213.6  0   1.0150 343.8700
1986  57 522  1.3 218.7  0   1.0156 344.1500
1986  57 522  0.3 216.3  0   1.0156 344.1500
1986  65 523  2.8 225.8  0   1.0152 344.2900
1986  65 523  1.9 224.5  0   1.0152 344.2900
1986  77 524  0.8 218.7  0   1.0156 343.3000
1986  86 525  3.1 221.4  2
1986  86 525 12.8 229.7  3   1.0153 343.7900
1986  94 526  0.9 217.1  0   1.0160 343.5500
1986  94 526  4.2 222.1  0   1.0160 343.5500
1986 100 527  0.0   0.0  4   1.0175 343.8600
1986 100 527 37.9 543.1  7   1.0175 343.8600
1986 106 528  3.3 236.1  0   1.0154 343.4700
1986 106 528  4.4 240.0  4   1.0154 343.4700
1986 115 529  3.4 230.1  0   1.0158 344.5700
1986 115 529  6.4 232.7  1   1.0158 344.5700
1986 121 530  2.1 228.0  0   1.0160 346.3200
1986 121 530  1.6 230.1  0   1.0160 346.3200
1986 133 531  1.2 253.5  4   1.0156 344.2700
1986 135 532  3.5 250.4  4   1.0223 344.6000
1986 135 532  1.8 248.4  4   1.0223 344.6000
1986 142 533  0.7 247.1  4   1.0164 344.9700
1986 142 533  0.5 246.0  4   1.0164 344.9700
1986 149 534  4.7 229.9  0   1.0165 345.2400
1986 149 534  0.9 227.0  0   1.0165 345.2400
1986 156 535  1.1 227.0  0   1.0168 345.6900
1986 156 535  1.9 228.8  0   1.0168 345.6900
1986 163 536  4.9 231.7  1   1.0163 346.4700
1986 163 536  1.4 231.0  0   1.0163 346.4700
1986 170 537  1.2 230.5  0   1.0167 347.3000
1986 177 538  4.7 229.1  0   1.0160 346.4400
1986 177 538  6.2 236.7  1   1.0160 346.4400
1986 189 539  2.6 226.7  0   1.0193 345.8200
1986 189 539  0.8 226.9  0   1.0193 345.8200
1986 191 540  0.5 229.0  0   1.0173 346.7000
1986 198 541  0.9 227.8  0   1.0165 347.3600
1986 198 541  0.4 233.5  0   1.0165 347.3600
1986 206 542  2.8 227.6  0   1.0158 345.4100
1986 206 542  1.6 228.9  0   1.0158 345.4100
1986 212 543  1.0 230.9  0   1.0141 345.8000
1986 219 544  6.0 230.6  1   1.0163 345.3500
1986 219 544  5.6 228.4  1   1.0163 345.3500
1986 231 545  1.0 415.9  4   1.0194 345.5300
1986 231 545  0.9 413.8  4   1.0194 345.5300
1986 233 546  0.5 238.4  2
1986 233 546  3.2 292.0  6   1.0217 345.5200
1986 240 547  2.2 229.4  0   1.0146 345.6400
1986 240 547  0.8 230.8  0   1.0146 345.6400
1986 247 548  0.9 230.1  0   1.0161 345.6500
1986 247 548  1.1 233.4  0   1.0161 345.6500
1986 254 549  0.7 237.0  2
1986 254 549  0.1 229.1  2   1.0160 346.4400
1986 261 550  0.0 243.9  4   1.0173 345.4500
1986 261 550  2.6 230.6  2   1.0173 345.4500
1986 268 551  1.0 231.5  2
1986 268 551  1.4 242.2  6   1.0159 345.9700
1986 275 552  6.7 231.3  1   1.0159 345.6500
1986 275 552  2.2 232.0  0   1.0159 345.6500
1986 283 553  3.2 227.3  0   1.0169 345.9600
1986 283 553  2.5 232.4  0   1.0169 345.9600
1986 289 554  1.9 229.6  0   1.0154 345.9100
1986 297 555  0.8 238.3  0   1.0199 346.4100
1986 297 555  0.8 230.7  0   1.0199 346.4100
1986 303 556  1.1 229.3  0   1.0156 346.2800
1986 303 556  2.7 228.0  0   1.0156 346.2800
1986 311 557  2.6 228.7  0   1.0152 345.7900
1986 311 557  0.2 231.3  0   1.0152 345.7900
1986 317 558  0.0 240.6  2
1986 317 558  1.3 229.7  2   1.0177 346.3000
1986 325 559  0.7 232.0  0   1.0154 345.9400
1986 325 559  0.2 233.6  0   1.0154 345.9400
1986 330 560  0.4 228.7  0   1.0146 345.9100
1986 330 560  1.9 221.5  0   1.0146 345.9100
1986 350 561  0.8 232.4  0   1.0153 345.8600
1986 350 561  1.0 235.9  0   1.0153 345.8600
1986 352 562  1.1 231.9  0   1.0150 345.7900
1986 352 562  0.7 231.5  0   1.0150 345.7900
1986 360 563  1.7 235.7  0   1.0153 346.3500
1986 360 563  3.8 233.8  0   1.0153 346.3500
