LOAD CELL FORCE CALIBRATION 
BAKER
EARLY 1970'S
RESPONSE VARIABLE = FORCE
NUMBER OF OBSERVATIONS = 500
NUMBER OF VARIABLES RECORDED = 1 (FORCE)
FORMAT FOR A LINE = F10.0
STATISTICAL AREAS--UNIVARIATE ANALYSIS, 4-PLOT
                   TIME SERIES ANALYSIS
TO READ THIS FILE INTO DATAPLOT--
   SKIP 25
   READ BAKER.DAT Y
TO READ THIS FILE INTO DATAPLOT EVEN FASTER--
   SKIP 25
   SET READ FORMAT F10.0
   READ BAKER.DAT Y







   FORCE
-------------
-.37123000   
-.37123000  
-.37123000  
-.37123000  
-.37123000  
-.37123000  
-.37123000  
-.37123000  
-.37123000  
-.37123000  
-.37123000  
-.37123000  
-.37123000  
-.37123000  
-.37123000  
-.37123000  
-.37123000  
-.37123000  
-.37123000  
-.37123000  
-.37123000  
-.37198886  
-.37689349  
-.37861890  
-.37653403  
-.37434532  
-.37627042  
-.37891445  
-.37754850  
-.37564736  
-.37552754  
-.37783607  
-.37766832  
-.37624646  
-.37611067  
-.37726094  
-.37736478  
-.37666184  
-.37621451  
-.37742070  
-.37736478  
-.37649409  
-.37636628  
-.37718106  
-.37770028  
-.37686953  
-.37639024  
-.37700532  
-.37722899  
-.37722100  
-.37669379  
-.37682958  
-.37726893  
-.37691745  
-.37680562  
-.37715709  
-.37702130  
-.37692544  
-.37658995  
-.37714112  
-.37733283  
-.37691745  
-.37663787  
-.37687751  
-.37724496  
-.37726094  
-.37676568  
-.37679763  
-.37704526  
-.37711715  
-.37709319  
-.37677367  
-.37700532  
-.37698935  
-.37683757  
-.37703727  
-.37687751  
-.37696538  
-.37674172  
-.37673373  
-.37719703  
-.37694940  
-.37690148  
-.37658995  
-.37675769  
-.37702928  
-.37698935  
-.37685355  
-.37682160  
-.37662190  
-.37692544  
-.37666982  
-.37693343  
-.37683757  
-.37669379  
-.37686953  
-.37686154  
-.37688550  
-.37691745  
-.37670178  
-.37676568  
-.37670178  
-.37680562  
-.37695739  
-.37676568  
-.37686953  
-.37680562  
-.37679763  
-.37699733  
-.37682160  
-.37697337  
-.37694142  
-.37690946  
-.37698935  
-.37680562  
-.37700532  
-.37679763  
-.37682160  
-.37704526  
-.37704526  
-.37703727  
-.37690946  
-.37678964  
-.37706124  
-.37701331  
-.37701331  
-.37701331  
-.37698136  
-.37707721  
-.37693343  
-.37690946  
-.37716508  
-.37704526  
-.37706124  
-.37682958  
-.37677367  
-.37726893  
-.37708520  
-.37702928  
-.37689349  
-.37690148  
-.37704526  
-.37702130  
-.37696538  
-.37701331  
-.37688550  
-.37698136  
-.37686154  
-.37705325  
-.37704526  
-.37698136  
-.37705325  
-.37697337  
-.37698136  
-.37702130  
-.37686953  
-.37705325  
-.37693343  
-.37685355  
-.37678964  
-.37689349  
-.37722100  
-.37700532  
-.37681361  
-.37673373  
-.37678964  
-.37718106  
-.37710917  
-.37694142  
-.37683757  
-.37686154  
-.37696538  
-.37694940  
-.37690946  
-.37708520  
-.37693343  
-.37689349  
-.37698935  
-.37684556  
-.37710118  
-.37674971  
-.37710118  
-.37697337  
-.37684556  
-.37686953  
-.37687751  
-.37696538  
-.37712514  
-.37685355  
-.37702130  
-.37694142  
-.37696538  
-.37724496  
-.37695739  
-.37705325  
-.37686154  
-.37701331  
-.37714911  
-.37698935  
-.37701331  
-.37698935  
-.37694940  
-.37707721  
-.37694142  
-.37701331  
-.37708520  
-.37686154  
-.37722100  
-.37698136  
-.37703727  
-.37706124  
-.37682160  
-.37709319  
-.37700532  
-.37705325  
-.37719703  
-.37681361  
-.37694142  
-.37708520  
-.37696538  
-.37721301  
-.37672574  
-.37704526  
-.37718904  
-.37690946  
-.37708520  
-.37686154  
-.37710118  
-.37726893  
-.37674971  
-.37699733  
-.37706922  
-.37720502  
-.37727691  
-.37940172  
-.37940172  
-.37392195  
-.37123000  
-.37325096  
-.37940172  
-.37940172  
-.37123000  
-.37123000  
-.37940172  
-.37940172  
-.37508820  
-.37709319  
-.37863487  
-.37550358  
-.37369829  
-.37880262  
-.37940172  
-.37579913  
-.37410568  
-.37702928  
-.37897037  
-.37637427  
-.37639024  
-.37746862  
-.37719703  
-.37579114  
-.37702130  
-.37803577  
-.37693343  
-.37588700  
-.37686953  
-.37784406  
-.37676568  
-.37670178  
-.37703727  
-.37742868  
-.37646214  
-.37695739  
-.37739673  
-.37726094  
-.37663787  
-.37694940  
-.37722100  
-.37718106  
-.37676568  
-.37708520  
-.37708520  
-.37690148  
-.37704526  
-.37722100  
-.37722899  
-.37679763  
-.37691745  
-.37722100  
-.37717307  
-.37698935  
-.37701331  
-.37698935  
-.37710118  
-.37710917  
-.37713313  
-.37710118  
-.37702130  
-.37707721  
-.37707721  
-.37714112  
-.37706922  
-.37694142  
-.37722100  
-.37709319  
-.37715709  
-.37698136  
-.37709319  
-.37709319  
-.37705325  
-.37709319  
-.37703727  
-.37696538  
-.37710917  
-.37703727  
-.37709319  
-.37698136  
-.37703727  
-.37706922  
-.37710917  
-.37713313  
-.37698136  
-.37705325  
-.37706124  
-.37706922  
-.37699733  
-.37715709  
-.37695739  
-.37709319  
-.37693343  
-.37706124  
-.37706124  
-.37709319  
-.37706124  
-.37698136  
-.37704526  
-.37711715  
-.37688550  
-.37711715  
-.37707721  
-.37701331  
-.37694940  
-.37702130  
-.37703727  
-.37705325  
-.37705325  
-.37712514  
-.37695739  
-.37695739  
-.37710917  
-.37699733  
-.37696538  
-.37685355  
-.37688550  
-.37694142  
-.37700532  
-.37702928  
-.37693343  
-.37669379  
-.37688550  
-.37698935  
-.37695739  
-.37688550  
-.37702130  
-.37690946  
-.37673373  
-.37684556  
-.37698935  
-.37702130  
-.37694940  
-.37687751  
-.37698136  
-.37694940  
-.37686953  
-.37694142  
-.37693343  
-.37692544  
-.37691745  
-.37682160  
-.37696538  
-.37701331  
-.37705325  
-.37694142  
-.37690148  
-.37703727  
-.37704526  
-.37713313  
-.37698935  
-.37694940  
-.37698935  
-.37714112  
-.37703727  
-.37703727  
-.37709319  
-.37706922  
-.37690946  
-.37702130  
-.37718904  
-.37710917  
-.37702928  
-.37704526  
-.37702928  
-.37706922  
-.37693343  
-.37711715  
-.37707721  
-.37704526  
-.37707721  
-.37710917  
-.37706922  
-.37706124  
-.37698136  
-.37723697  
-.37709319  
-.37700532  
-.37699733  
-.37707721  
-.37710917  
-.37709319  
-.37705325  
-.37713313  
-.37707721  
-.37713313  
-.37708520  
-.37689349  
-.37710118  
-.37712514  
-.37714911  
-.37704526  
-.37702130  
-.37713313  
-.37714112  
-.37709319  
-.37699733  
-.37711715  
-.37714112  
-.37704526  
-.37701331  
-.37715709  
-.37717307  
-.37690946  
-.37699733  
-.37703727  
-.37722899  
-.37711715  
-.37711715  
-.37698136  
-.37704526  
-.37714112  
-.37719703  
-.37716508  
-.37698935  
-.37712514  
-.37705325  
-.37703727  
-.37705325  
-.37709319  
-.37711715  
-.37685355  
-.37697337  
-.37707721  
-.37698935  
-.37697337  
-.37702928  
-.37679763  
-.37694940  
-.37700532  
-.37718904  
-.37709319  
-.37677367  
-.37685355  
-.37702928  
-.37709319  
-.37693343  
-.37694142  
-.37693343  
-.37703727  
-.37700532  
-.37700532  
-.37698136  
-.37701331  
-.37702130  
-.37712514  
-.37709319  
-.37714911  
-.37701331  
-.37702928  
-.37710917  
-.37711715  
-.37700532  
-.37714911  
-.37724496  
-.37705325  
-.37699733  
-.37704526  
-.37712514  
-.37708520  
-.37710917  
-.37721301  
-.37706124  
