This is Dataplot data file     BENNETT7.DAT
Superconductivity Magnetization Modeling--File 254.PRN
Larry Bennett, Lyden Swartzendruber, Henrietta Brown
Date--April 1994
Number of observations = XXX
Number of variables per line image = 2
Order of variables on a line image--
   1. Factor 1 = Log Time (loge minutes)
   2. Y = Response Variable = Magnetism M(t)
Theoretical Model--Y = a*(b + x)**(-1/mu) = a0 + a1 / (x - c)**d
Theoretical mu = 7/9
To read this into Dataplot--
   DIMENSION 20 VARIABLES
   SKIP 25
   READ BENNETT7.DAT X Y
 
 
 
 
 
 
 
 
    X           Y
--------------------
 5.313205 -1.54905
 5.480638 -1.54126
 5.624017 -1.53420
 5.749392 -1.52812
 5.860786 -1.52276
 5.963579 -1.51754
 6.054439 -1.51297
 6.135564 -1.50886
 6.212606 -1.50489
 6.284134 -1.50115
 6.352629 -1.49756
 6.413458 -1.49432
 6.470799 -1.49131
 6.525029 -1.48850
 6.577861 -1.48575
 6.628041 -1.48305
 6.675823 -1.48050
 6.720220 -1.47816
 6.763884 -1.47581
 6.805722 -1.47355
 6.845879 -1.47138
 6.884486 -1.46935
 6.920671 -1.46739
 6.956545 -1.46553
 6.990256 -1.46365
 7.023758 -1.46180
 7.056175 -1.46009
 7.085901 -1.45847
 7.114769 -1.45693
 7.142827 -1.45548
 7.170119 -1.45398
 7.196686 -1.45253
 7.222566 -1.45114
 7.246368 -1.44975
 7.270312 -1.44850
 7.294377 -1.44717
 7.316548 -1.44598
 7.338888 -1.44477
 7.361375 -1.44361
 7.383368 -1.44242
 7.404887 -1.44123
 7.425953 -1.44011
 7.446585 -1.43898
 7.467371 -1.43788
 7.487733 -1.43677
 7.508238 -1.43576
 7.528331 -1.43463
 7.547501 -1.43359
 7.565793 -1.43255
 7.584264 -1.43162
 7.602401 -1.43058
 7.621195 -1.42959
 7.639161 -1.42867
 7.656337 -1.42765
 7.673223 -1.42681
 7.689828 -1.42591
 7.707062 -1.42499
 7.723120 -1.42409
 7.738488 -1.42331
 7.754052 -1.42244
 7.769378 -1.42160
 7.784473 -1.42082
 7.798933 -1.42001
 7.813591 -1.41931
 7.827639 -1.41847
 7.842278 -1.41781
 7.859026 -1.41691
 7.872836 -1.41613
 7.886081 -1.41537
 7.899524 -1.41471
 7.912789 -1.41398
 7.926602 -1.41329
 7.939871 -1.41253
 7.952615 -1.41184
 7.964850 -1.41120
 7.977625 -1.41054
 7.990576 -1.40987
 8.002694 -1.40912
 8.014666 -1.40851
 8.026170 -1.40796
 8.037866 -1.40738
 8.049427 -1.40671
 8.060855 -1.40611
 8.072155 -1.40547
 8.083328 -1.40492
 8.094378 -1.40434
 8.105005 -1.40373
 8.116118 -1.40321
 8.126813 -1.40260
 8.137395 -1.40205
 8.147867 -1.40150
 8.158516 -1.40092
 8.168769 -1.40037
 8.179199 -1.39985
 8.189244 -1.39930
 8.199189 -1.39878
 8.209308 -1.39817
 8.219326 -1.39768
 8.228977 -1.39719
 8.238536 -1.39678
 8.248005 -1.39617
 8.257385 -1.39565
 8.266678 -1.39516
 8.275631 -1.39470
 8.285008 -1.39417
 8.294049 -1.39371
 8.303009 -1.39325
 8.312135 -1.39281
 8.320934 -1.39235
 8.329416 -1.39189
 8.338066 -1.39157
 8.346642 -1.39099
 8.355144 -1.39052
 8.363808 -1.39009
 8.372167 -1.38966
 8.380456 -1.38922
 8.388677 -1.38879
 8.396831 -1.38844
 8.404919 -1.38792
 8.412943 -1.38754
 8.420682 -1.38711
 8.428580 -1.38670
 8.436200 -1.38633
 8.443977 -1.38580
 8.451480 -1.38549
 8.459140 -1.38508
 8.466531 -1.38465
 8.474494 -1.38424
 8.481980 -1.38384
 8.489410 -1.38346
 8.496786 -1.38314
 8.504310 -1.38271
 8.511979 -1.38233
 8.519191 -1.38192
 8.526351 -1.38149
 8.533656 -1.38114
 8.540714 -1.38074
 8.548110 -1.38039
 8.555066 -1.38004
 8.561975 -1.37966
 8.568646 -1.37929
 8.575650 -1.37891
 8.582980 -1.37859
 8.589885 -1.37822
 8.596558 -1.37781
 8.603187 -1.37752
 8.609772 -1.37712
 8.616857 -1.37683
 8.623353 -1.37639
 8.629807 -1.37607
 8.636219 -1.37578
 8.642768 -1.37541
 8.649448 -1.37515
 8.655737 -1.37483
 8.661985 -1.37445
 8.668196 -1.37416
 8.674367 -1.37384
 8.681011 -1.37347
 8.687104 -1.37315
 8.693161 -1.37283
 8.699014 -1.37254
 8.704999 -1.37222
 8.710949 -1.37187
 8.717027 -1.37158
 8.722905 -1.37132
 8.728587 -1.37103
 8.734399 -1.37066
 8.740176 -1.37040
 8.745921 -1.37008
 8.751632 -1.36979
 8.757154 -1.36953
 8.762802 -1.36918
 8.768418 -1.36889
 8.774003 -1.36863
 8.779557 -1.36840
 8.784927 -1.36802
 8.790421 -1.36776
 8.795884 -1.36747
 8.801318 -1.36724
 8.806723 -1.36695
 8.812248 -1.36666
 8.817594 -1.36637
 8.822911 -1.36605
 8.828054 -1.36582
 8.833462 -1.36553
 8.838696 -1.36530
 8.843903 -1.36501
 8.849083 -1.36478
 8.854236 -1.36449
 8.859363 -1.36420
 8.864322 -1.36394
 8.869398 -1.36365
 8.874447 -1.36339
 8.879889 -1.36322
 8.884887 -1.36290
 8.889997 -1.36261
 8.894944 -1.36240
 8.899867 -1.36211
 8.905308 -1.36191
 8.910315 -1.36162
 8.915163 -1.36136
 8.919988 -1.36110
 8.924789 -1.36078
 8.930097 -1.36055
 8.934718 -1.36026
 8.939580 -1.36009
 8.944289 -1.35986
 8.948845 -1.35957
 8.954027 -1.35936
 8.958668 -1.35910
 8.963416 -1.35881
 8.968014 -1.35858
 8.972590 -1.35832
 8.977525 -1.35815
 8.982058 -1.35780
 8.986571 -1.35763
 8.991064 -1.35739
 8.995536 -1.35716
 9.000483 -1.35696
 9.004913 -1.35667
 9.009202 -1.35641
 9.013595 -1.35624
 9.018089 -1.35609
 9.022925 -1.35580
 9.027258 -1.35557
 9.031572 -1.35531
 9.035867 -1.35505
 9.040144 -1.35485
 9.044875 -1.35467
 9.048997 -1.35441
 9.053335 -1.35427
 9.057422 -1.35401
 9.061724 -1.35375
 9.066239 -1.35357
 9.070503 -1.35331
 9.074635 -1.35308
 9.078749 -1.35291
 9.082734 -1.35264
 9.087268 -1.35244
 9.091444 -1.35221
 9.095490 -1.35207
 9.099520 -1.35183
 9.103534 -1.35163
 9.107975 -1.35143
 9.111955 -1.35117
 9.115809 -1.35097
 9.119868 -1.35079
 9.123692 -1.35050
 9.128153 -1.35036
 9.132054 -1.35015
 9.135940 -1.34992
 9.139810 -1.34972
 9.143666 -1.34949
 9.148039 -1.34937
 9.151969 -1.34911
 9.155778 -1.34894
 9.159573 -1.34876
 9.163353 -1.34856
 9.167641 -1.34836
 9.171391 -1.34816
 9.175127 -1.34792
 9.178952 -1.34772
 9.182660 -1.34752
 9.186764 -1.34743
 9.190545 -1.34720
 9.194210 -1.34700
 9.197862 -1.34679
 9.201602 -1.34662
 9.205629 -1.34645
 9.209239 -1.34624
 9.212837 -1.34604
 9.216521 -1.34584
 9.220092 -1.34569
 9.224144 -1.34552
 9.227689 -1.34532
 9.231416 -1.34509
 9.234935 -1.34494
 9.238636 -1.34474
 9.242613 -1.34459
 9.246093 -1.34436
 9.249657 -1.34419
 9.253208 -1.34401
 9.256746 -1.34384
 9.260653 -1.34373
 9.264165 -1.34346
 9.267665 -1.34329
 9.271247 -1.34312
 9.274722 -1.34297
 9.278653 -1.34274
 9.282009 -1.34254
 9.285540 -1.34233
 9.289059 -1.34219
 9.292473 -1.34205
 9.296334 -1.34187
 9.299723 -1.34167
 9.303101 -1.34150
 9.306468 -1.34132
 9.309823 -1.34118
 9.313618 -1.34106
 9.316950 -1.34074
 9.320270 -1.34060
 9.323579 -1.34045
 9.326878 -1.34031
 9.330520 -1.34016
 9.333796 -1.33996
 9.336973 -1.33982
 9.340227 -1.33964
 9.343471 -1.33950
 9.347228 -1.33929
 9.350450 -1.33909
 9.353661 -1.33895
 9.356775 -1.33877
 9.360052 -1.33860
 9.363662 -1.33845
 9.366831 -1.33822
 9.369990 -1.33805
 9.373224 -1.33790
 9.376363 -1.33779
 9.379914 -1.33764
 9.383032 -1.33747
 9.386140 -1.33730
 9.389239 -1.33709
 9.392411 -1.33701
 9.395906 -1.33686
 9.398892 -1.33663
 9.401951 -1.33654
 9.405002 -1.33631
 9.408125 -1.33617
 9.411565 -1.33605
 9.414586 -1.33588
 9.417598 -1.33570
 9.420682 -1.33556
 9.423756 -1.33541
 9.427224 -1.33527
 9.430198 -1.33512
 9.433243 -1.33498
 9.436280 -1.33483
 9.439227 -1.33460
 9.442562 -1.33452
 9.445491 -1.33431
 9.448411 -1.33423
 9.451323 -1.33405
 9.454227 -1.33391
 9.457590 -1.33379
 9.460476 -1.33359
 9.463430 -1.33347
 9.466376 -1.33336
 9.469237 -1.33313
 9.472473 -1.33307
 9.475316 -1.33286
 9.478151 -1.33275
 9.481054 -1.33258
 9.483872 -1.33243
 9.487138 -1.33229
 9.490015 -1.33214
 9.492884 -1.33200
 9.495594 -1.33182
 9.498372 -1.33171
 9.501516 -1.33153
 9.504277 -1.33139
 9.507031 -1.33127
 9.509852 -1.33107
 9.512664 -1.33092
 9.515764 -1.33084
 9.518486 -1.33061
 9.521274 -1.33058
 9.524055 -1.33037
 9.526755 -1.33023
 9.529884 -1.33017
 9.532568 -1.32997
 9.535245 -1.32982
 9.537916 -1.32965
 9.540650 -1.32953
 9.543664 -1.32948
 9.546383 -1.32927
 9.549024 -1.32913
 9.551657 -1.32901
 9.554284 -1.32887
 9.557328 -1.32875
 9.559940 -1.32858
 9.562545 -1.32846
 9.565143 -1.32835
 9.567735 -1.32817
 9.570738 -1.32806
 9.573315 -1.32791
 9.575955 -1.32777
 9.578518 -1.32762
 9.581075 -1.32751
 9.584039 -1.32736
 9.586582 -1.32719
 9.589119 -1.32707
 9.591649 -1.32696
 9.594105 -1.32684
 9.597030 -1.32675
 9.599540 -1.32658
 9.602044 -1.32644
 9.604542 -1.32638
 9.607033 -1.32626
 9.609921 -1.32609
 9.612399 -1.32591
 9.614871 -1.32580
 9.617337 -1.32571
 9.619797 -1.32557
 9.622648 -1.32554
 9.625095 -1.32534
 9.627536 -1.32522
 9.630037 -1.32505
 9.632465 -1.32499
 9.635281 -1.32484
 9.637762 -1.32467
 9.640172 -1.32461
 9.642577 -1.32441
 9.644975 -1.32429
 9.647820 -1.32423
 9.650206 -1.32406
 9.652587 -1.32395
 9.654962 -1.32380
 9.657395 -1.32374
 9.660205 -1.32360
 9.662561 -1.32342
 9.664913 -1.32331
 9.667258 -1.32319
 9.669662 -1.32308
 9.672437 -1.32296
 9.674828 -1.32284
 9.677151 -1.32270
 9.679531 -1.32258
 9.681842 -1.32250
 9.684522 -1.32241
 9.686885 -1.32224
 9.689241 -1.32215
 9.691531 -1.32206
 9.693815 -1.32195
 9.696524 -1.32183
 9.698797 -1.32172
 9.701126 -1.32148
 9.703449 -1.32140
 9.705646 -1.32134
 9.708323 -1.32119
 9.710570 -1.32105
 9.712811 -1.32096
 9.715107 -1.32085
 9.717278 -1.32076
 9.719985 -1.32064
 9.722205 -1.32059
 9.724480 -1.32035
 9.726690 -1.32027
 9.728896 -1.32012
 9.731571 -1.32004
 9.733766 -1.31992
 9.736015 -1.31986
 9.738200 -1.31969
 9.740792 -1.31963
 9.743025 -1.31943
 9.745253 -1.31937
 9.747476 -1.31925
 9.749753 -1.31908
 9.751908 -1.31899
 9.754117 -1.31888
 9.756262 -1.31882
 9.758403 -1.31862
 9.760598 -1.31856
 9.762730 -1.31844
 9.764857 -1.31838
 9.767094 -1.31827
 9.769213 -1.31815
 9.771326 -1.31801
 9.773492 -1.31792
 9.775597 -1.31781
 9.777697 -1.31769
 9.779793 -1.31757
 9.781884 -1.31746
 9.784028 -1.31740
 9.786110 -1.31726
 9.788245 -1.31714
 9.790318 -1.31708
 9.792388 -1.31697
 9.794453 -1.31685
 9.796570 -1.31673
 9.798682 -1.31668
 9.800734 -1.31656
 9.802782 -1.31642
 9.804881 -1.31633
 9.806921 -1.31627
 9.809012 -1.31610
 9.811043 -1.31601
 9.813070 -1.31598
 9.815093 -1.31587
 9.817221 -1.31575
 9.819236 -1.31566
 9.821246 -1.31558
 9.823307 -1.31546
 9.825309 -1.31537
 9.827362 -1.31526
 9.829356 -1.31517
 9.831346 -1.31505
 9.833386 -1.31497
 9.835369 -1.31482
 9.837454 -1.31479
 9.839482 -1.31462
 9.841771 -1.31456
 9.843737 -1.31442
 9.845699 -1.31439
 9.847657 -1.31427
 9.849664 -1.31413
 9.851615 -1.31407
 9.853614 -1.31395
 9.855557 -1.31381
 9.857495 -1.31375
 9.859431 -1.31372
 9.861362 -1.31358
 9.863342 -1.31352
 9.865266 -1.31337
 9.867186 -1.31329
 9.869154 -1.31320
 9.871067 -1.31311
 9.872976 -1.31300
 9.874933 -1.31291
 9.876886 -1.31280
 9.878836 -1.31274
 9.880730 -1.31262
 9.882621 -1.31251
 9.884559 -1.31245
 9.886493 -1.31233
 9.888373 -1.31225
 9.890250 -1.31213
 9.892123 -1.31204
 9.894093 -1.31198
 9.896060 -1.31187
 9.897922 -1.31178
 9.899780 -1.31167
 9.901685 -1.31158
 9.903587 -1.31149
 9.905485 -1.31141
 9.907379 -1.31129
 9.909221 -1.31117
 9.911058 -1.31109
 9.912992 -1.31103
 9.914872 -1.31094
 9.916699 -1.31086
 9.918573 -1.31077
 9.920442 -1.31059
 9.922260 -1.31057
 9.924123 -1.31042
 9.925933 -1.31039
 9.927789 -1.31033
 9.929593 -1.31019
 9.931443 -1.31010
 9.933337 -1.30996
 9.935131 -1.30993
 9.936970 -1.30981
 9.938758 -1.30978
 9.940590 -1.30964
 9.942467 -1.30955
 9.944245 -1.30947
 9.946020 -1.30935
 9.947839 -1.30926
 9.949655 -1.30918
 9.951515 -1.30912
 9.953277 -1.30906
 9.955035 -1.30891
 9.956838 -1.30897
 9.958638 -1.30880
 9.960434 -1.30874
 9.962228 -1.30860
 9.963970 -1.30854
 9.965710 -1.30848
 9.967494 -1.30836
 9.969275 -1.30828
 9.971052 -1.30819
 9.972827 -1.30810
 9.974598 -1.30799
 9.976319 -1.30796
 9.978131 -1.30784
 9.979892 -1.30770
 9.981605 -1.30767
 9.983361 -1.30755
 9.985113 -1.30750
 9.986863 -1.30744
 9.988655 -1.30732
 9.990353 -1.30726
 9.992093 -1.30715
 9.993830 -1.30709
 9.995565 -1.30695
 9.997296 -1.30686
 9.999024 -1.30680
 10.00070 -1.30668
 10.00238 -1.30666
 10.00414 -1.30654
 10.00581 -1.30645
 10.00753 -1.30640
 10.00919 -1.30628
 10.01090 -1.30622
 10.01265 -1.30613
 10.01435 -1.30605
 10.01601 -1.30599
 10.01770 -1.30584
 10.01940 -1.30579
 10.02109 -1.30576
 10.02273 -1.30567
 10.02446 -1.30556
 10.02610 -1.30547
 10.02778 -1.30541
 10.02941 -1.30532
 10.03108 -1.30527
 10.03275 -1.30518
 10.03438 -1.30506
 10.03604 -1.30501
 10.03771 -1.30501
 10.03937 -1.30483
 10.04102 -1.30480
 10.04268 -1.30469
 10.04429 -1.30460
 10.04594 -1.30457
 10.04754 -1.30451
 10.04923 -1.30443
 10.05087 -1.30434
 10.05246 -1.30422
 10.05414 -1.30419
 10.05573 -1.30411
 10.05736 -1.30393
 10.05895 -1.30393
 10.06057 -1.30390
 10.06219 -1.30373
 10.06381 -1.30370
 10.06547 -1.30356
 10.06705 -1.30347
 10.06866 -1.30341
 10.07027 -1.30333
 10.07187 -1.30327
 10.07344 -1.30318
 10.07504 -1.30309
 10.07668 -1.30304
 10.07832 -1.30298
 10.07987 -1.30289
 10.08146 -1.30275
 10.08305 -1.30266
 10.08460 -1.30263
 10.08618 -1.30257
 10.08776 -1.30246
 10.08934 -1.30243
 10.09092 -1.30234
 10.09249 -1.30222
 10.09406 -1.30217
 10.09563 -1.30208
 10.09716 -1.30202
 10.09872 -1.30194
 10.10028 -1.30185
 10.10188 -1.30176
 10.10340 -1.30170
 10.10499 -1.30167
 10.10655 -1.30156
 10.10805 -1.30144
 10.10964 -1.30139
 10.11115 -1.30130
 10.11269 -1.30127
 10.11423 -1.30112
 10.11577 -1.30104
 10.11730 -1.30104
 10.11880 -1.30092
 10.12033 -1.30092
 10.12181 -1.30081
 10.12338 -1.30072
 10.12490 -1.30060
 10.12643 -1.30060
 10.12799 -1.30049
 10.12946 -1.30040
 10.13098 -1.30028
 10.13249 -1.30026
 10.13400 -1.30020
 10.13551 -1.30014
 10.13701 -1.30002
 10.13855 -1.29997
 10.14009 -1.29985
 10.14155 -1.29985
 10.14305 -1.29973
 10.14454 -1.29976
 10.14600 -1.29962
 10.14753 -1.29956
 10.14897 -1.29947
 10.15050 -1.29942
 10.15198 -1.29930
 10.15346 -1.29924
 10.15494 -1.29918
 10.15646 -1.29916
 10.15789 -1.29904
 10.15933 -1.29895
 10.16080 -1.29887
 10.16230 -1.29887
 10.16377 -1.29872
 10.16523 -1.29866
 10.16665 -1.29860
 10.16811 -1.29852
 10.16957 -1.29843
 10.17103 -1.29837
 10.17248 -1.29834
 10.17393 -1.29826
 10.17538 -1.29817
 10.17686 -1.29817
 10.17827 -1.29805
 10.17971 -1.29797
 10.18115 -1.29791
 10.18255 -1.29785
 10.18403 -1.29777
 10.18550 -1.29765
 10.18693 -1.29759
 10.18832 -1.29756
 10.18975 -1.29745
 10.19118 -1.29736
 10.19260 -1.29733
 10.19402 -1.29727
 10.19544 -1.29721
 10.19690 -1.29719
 10.19835 -1.29713
 10.19977 -1.29704
 10.20118 -1.29690
 10.20255 -1.29684
 10.20396 -1.29678
 10.20540 -1.29672
 10.20680 -1.29669
 10.20821 -1.29655
 10.20961 -1.29649
 10.21100 -1.29643
 10.21244 -1.29637
 10.21379 -1.29632
 10.21519 -1.29626
 10.21658 -1.29614
 10.21796 -1.29614
 10.21939 -1.29603
 10.22077 -1.29591
 10.22215 -1.29594
 10.22354 -1.29580
 10.22488 -1.29577
 10.22629 -1.29568
 10.22767 -1.29556
 10.22904 -1.29551
 10.23045 -1.29551
 10.23181 -1.29542
 10.23322 -1.29536
 10.23458 -1.29527
 10.23595 -1.29516
 10.23734 -1.29516
 10.23874 -1.29504
 10.24013 -1.29501
 10.24149 -1.29498
 10.24288 -1.29484
 10.24427 -1.29481
 10.24562 -1.29475
 10.24700 -1.29470
 10.24835 -1.29464
 10.24969 -1.29458
 10.25107 -1.29452
 10.25245 -1.29446
 10.25382 -1.29438
 10.25516 -1.29435
 10.25650 -1.29426
 10.25786 -1.29420
 10.25920 -1.29412
 10.26056 -1.29406
 10.26193 -1.29397
 10.26329 -1.29391
 10.26461 -1.29394
 10.26597 -1.29383
 10.26733 -1.29374
 10.26868 -1.29368
 10.27000 -1.29359
 10.27132 -1.29351
 10.27266 -1.29348
 10.27401 -1.29345
 10.27532 -1.29336
 10.27667 -1.29328
 10.27797 -1.29319
 10.27931 -1.29310
 10.28065 -1.29307
 10.28195 -1.29299
 10.28329 -1.29293
 10.28459 -1.29287
 10.28592 -1.29284
 10.28721 -1.29273
 10.28854 -1.29267
 10.28983 -1.29261
 10.29112 -1.29252
 10.29241 -1.29252
 10.29373 -1.29247
 10.29502 -1.29238
 10.29630 -1.29232
 10.29762 -1.29226
 10.29886 -1.29215
 10.30018 -1.29215
 10.30145 -1.29209
 10.30273 -1.29203
 10.30400 -1.29194
 10.30527 -1.29189
 10.30658 -1.29180
 10.30785 -1.29177
 10.30908 -1.29168
 10.31035 -1.29160
 10.31161 -1.29154
 10.31291 -1.29151
 10.31420 -1.29145
 10.31546 -1.29139
 10.31672 -1.29134
 10.31797 -1.29125
 10.31926 -1.29113
 10.32051 -1.29108
 10.32177 -1.29108
 10.32301 -1.29102
 10.32430 -1.29096
 10.32554 -1.29093
 10.32682 -1.29084
 10.32806 -1.29076
 10.32934 -1.29076
 10.33058 -1.29079
 10.33185 -1.29070
 10.33305 -1.29055
 10.33432 -1.29047
 10.33559 -1.29047
 10.33682 -1.29032
 10.33805 -1.29029
 10.33928 -1.29021
 10.34051 -1.29024
 10.34177 -1.29012
 10.34299 -1.29006
 10.34425 -1.28997
 10.34547 -1.28995
 10.34669 -1.28992
 10.34791 -1.28983
 10.34916 -1.28980
 10.35041 -1.28971
 10.35162 -1.28963
 10.35284 -1.28960
 10.35408 -1.28948
 10.35532 -1.28948
 10.35656 -1.28940
 10.35777 -1.28934
 10.35898 -1.28925
 10.36018 -1.28925
 10.36141 -1.28919
 10.36265 -1.28913
 10.36388 -1.28908
 10.36508 -1.28902
 10.36627 -1.28896
 10.36750 -1.28887
 10.36872 -1.28887
 10.36992 -1.28879
 10.37111 -1.28873
 10.37233 -1.28870
 10.37352 -1.28861
 10.37474 -1.28856
 10.37595 -1.28850
 10.37714 -1.28841
 10.37832 -1.28838
 10.37953 -1.28832
 10.38074 -1.28827
 10.38192 -1.28821
 10.38313 -1.28818
 10.38430 -1.28806
 10.38551 -1.28806
 10.38671 -1.28801
 10.38788 -1.28792
 10.38908 -1.28792
 10.39025 -1.28783
 10.39142 -1.28772
 10.39261 -1.28769
 10.39381 -1.28763
 10.39497 -1.28760
 10.39613 -1.28760
 10.39732 -1.28751
 10.39851 -1.28740
 10.39967 -1.28731
 10.40086 -1.28725
 10.40204 -1.28722
 10.40320 -1.28722
 10.40438 -1.28717
 10.40556 -1.28702
 10.40671 -1.28699
 10.40786 -1.28696
 10.40903 -1.28690
 10.41021 -1.28682
 10.41138 -1.28679
 10.41253 -1.28679
 10.41367 -1.28670
 10.41484 -1.28664
 10.41601 -1.28653
 10.41714 -1.28650
 10.41831 -1.28647
 10.41944 -1.28641
 10.42061 -1.28635
 10.42174 -1.28630
 10.42290 -1.28624
 10.42403 -1.28618
 10.42516 -1.28615
 10.42632 -1.28612
 10.42744 -1.28601
 10.42863 -1.28598
 10.42975 -1.28592
 10.43087 -1.28583
 10.43199 -1.28580
 10.43314 -1.28583
 10.43429 -1.28572
 10.43540 -1.28563
 10.43652 -1.28557
 10.43766 -1.28554
 10.43881 -1.28546
 10.43992 -1.28546
 10.44103 -1.28540
 10.44214 -1.28531
 10.44325 -1.28525
 10.44438 -1.28523
 10.44549 -1.28520
 10.44662 -1.28508
 10.44772 -1.28505
 10.44885 -1.28499
 10.44998 -1.28491
 10.45108 -1.28491
 10.45221 -1.28488
 10.45331 -1.28479
 10.45443 -1.28473
 10.45556 -1.28470
 10.45668 -1.28462
 10.45777 -1.28456
 10.45889 -1.28453
 10.46001 -1.28450
 10.46110 -1.28441
 10.46221 -1.28433
 10.46347 -1.28436
 10.46458 -1.28427
 10.46575 -1.28421
 10.46695 -1.28418
 10.46803 -1.28410
 10.46914 -1.28401
 10.47022 -1.28398
 10.47129 -1.28401
 10.47240 -1.28392
 10.47350 -1.28381
 10.47458 -1.28381
 10.47565 -1.28369
 10.47697 -1.28369
 10.47804 -1.28360
 10.47911 -1.28360
 10.48021 -1.28349
 10.48136 -1.28349
 10.48254 -1.28340
 10.48360 -1.28334
 10.48466 -1.28328
 10.48575 -1.28323
 10.48684 -1.28314
 10.48793 -1.28314
 10.48899 -1.28311
 10.49007 -1.28308
 10.49116 -1.28300
 10.49221 -1.28294
 10.49329 -1.28291
 10.49438 -1.28285
 10.49545 -1.28279
 10.49651 -1.28273
 10.49758 -1.28268
 10.49866 -1.28262
 10.49973 -1.28259
 10.50078 -1.28250
 10.50185 -1.28247
 10.50290 -1.28239
 10.50399 -1.28230
 10.50504 -1.28227
 10.50610 -1.28227
 10.50714 -1.28221
 10.50821 -1.28218
 10.50927 -1.28210
 10.51034 -1.28207
 10.51137 -1.28210
 10.51243 -1.28201
 10.51371 -1.28198
 10.51480 -1.28189
 10.51585 -1.28178
 10.51691 -1.28172
 10.51794 -1.28169
 10.51924 -1.28172
 10.52029 -1.28155
 10.52131 -1.28155
 10.52236 -1.28158
 10.52347 -1.28143
 10.52457 -1.28137
 10.52559 -1.28134
 10.52664 -1.28134
 10.52765 -1.28123
 10.52870 -1.28120
 10.52974 -1.28114
 10.53078 -1.28108
 10.53180 -1.28103
 10.53284 -1.28103
 10.53388 -1.28091
 10.53491 -1.28094
 10.53595 -1.28082
 10.53696 -1.28082
 10.53799 -1.28079
 10.53903 -1.28071
 10.54006 -1.28068
 10.54109 -1.28062
 10.54212 -1.28056
 10.54312 -1.28050
 10.54415 -1.28048
 10.54518 -1.28042
 10.54620 -1.28039
 10.54723 -1.28030
 10.54825 -1.28024
 10.54928 -1.28022
 10.55030 -1.28016
 10.55132 -1.28010
 10.55231 -1.28004
 10.55333 -1.28001
 10.55435 -1.27995
 10.55536 -1.27993
 10.55638 -1.27987
 10.55737 -1.27984
 10.55838 -1.27978
 10.55937 -1.27969
 10.56041 -1.27966
 10.56157 -1.27969
 10.56258 -1.27961
 10.56356 -1.27952
 10.56462 -1.27949
 10.56568 -1.27946
 10.56669 -1.27938
 10.56766 -1.27938
 10.56867 -1.27926
 10.56990 -1.27932
 10.57090 -1.27920
 10.57188 -1.27917
 10.57287 -1.27914
 10.57392 -1.27906
 10.57495 -1.27897
 10.57594 -1.27894
 10.57694 -1.27891
 10.57793 -1.27885
 10.57890 -1.27874
 10.57992 -1.27874
 10.58088 -1.27871
 10.58187 -1.27865
 10.58286 -1.27856
 10.58385 -1.27854
 10.58484 -1.27851
 10.58582 -1.27848
 10.58681 -1.27842
 10.58777 -1.27839
 10.58875 -1.27836
 10.58976 -1.27830
 10.59071 -1.27822
 10.59169 -1.27819
 10.59267 -1.27813
 10.59365 -1.27804
 10.59463 -1.27801
 10.59560 -1.27793
 10.59658 -1.27793
 10.59755 -1.27787
 10.59853 -1.27790
 10.59950 -1.27778
 10.60047 -1.27772
 10.60144 -1.27764
 10.60241 -1.27767
 10.60348 -1.27752
 10.60455 -1.27755
 10.60552 -1.27758
 10.60648 -1.27746
 10.60745 -1.27741
 10.60863 -1.27743
 10.60960 -1.27729
 10.61053 -1.27726
 10.61149 -1.27723
 10.61250 -1.27720
 10.61351 -1.27715
 10.61447 -1.27709
 10.61545 -1.27706
 10.61641 -1.27700
 10.61734 -1.27697
 10.61832 -1.27691
 10.61927 -1.27686
 10.62022 -1.27683
 10.62115 -1.27680
 10.62210 -1.27674
 10.62308 -1.27680
 10.62403 -1.27668
 10.62495 -1.27668
 10.62590 -1.27657
 10.62684 -1.27654
 10.62779 -1.27645
 10.62873 -1.27639
 10.62968 -1.27642
 10.63062 -1.27633
 10.63154 -1.27631
 10.63248 -1.27631
 10.63342 -1.27622
 10.63436 -1.27616
 10.63530 -1.27613
 10.63621 -1.27607
 10.63717 -1.27607
 10.63811 -1.27604
 10.63904 -1.27593
 10.63998 -1.27590
 10.64089 -1.27584
 10.64182 -1.27581
 10.64275 -1.27581
 10.64366 -1.27570
 10.64459 -1.27573
 10.64552 -1.27564
 10.64644 -1.27561
 10.64737 -1.27558
 10.64827 -1.27552
 10.64917 -1.27547
 10.65010 -1.27547
 10.65102 -1.27538
 10.65195 -1.27535
 10.65287 -1.27538
 10.65379 -1.27523
 10.65469 -1.27520
 10.65563 -1.27515
 10.65652 -1.27515
 10.65744 -1.27512
 10.65834 -1.27500
 10.65923 -1.27497
 10.66017 -1.27494
 10.66108 -1.27489
 10.66200 -1.27489
 10.66289 -1.27486
 10.66380 -1.27480
 10.66471 -1.27474
 10.66562 -1.27471
 10.66651 -1.27468
 10.66739 -1.27463
 10.66830 -1.27457
 10.66921 -1.27451
 10.67009 -1.27451
 10.67099 -1.27445
 10.67188 -1.27442
 10.67276 -1.27437
 10.67368 -1.27437
 10.67456 -1.27428
 10.67546 -1.27428
 10.67636 -1.27422
 10.67724 -1.27419
 10.67816 -1.27413
 10.67904 -1.27410
 10.67994 -1.27402
 10.68083 -1.27399
 10.68173 -1.27393
 10.68262 -1.27387
 10.68352 -1.27384
 10.68441 -1.27381
 10.68528 -1.27379
 10.68617 -1.27367
 10.68706 -1.27367
 10.68795 -1.27358
 10.68884 -1.27361
 10.68973 -1.27361
 10.69060 -1.27353
 10.69151 -1.27344
 10.69237 -1.27335
 10.69326 -1.27335
 10.69414 -1.27335
 10.69503 -1.27329
 10.69591 -1.27321
 10.69679 -1.27324
 10.69765 -1.27321
 10.69853 -1.27318
 10.69941 -1.27312
 10.70029 -1.27309
 10.70119 -1.27300
 10.70207 -1.27292
 10.70295 -1.27298
 10.70389 -1.27286
 10.70488 -1.27283
 10.70575 -1.27283
 10.70660 -1.27274
 10.70748 -1.27269
 10.70855 -1.27271
 10.70942 -1.27260
 10.71029 -1.27257
 10.71114 -1.27257
 10.71205 -1.27251
 10.71299 -1.27245
 10.71383 -1.27245
 10.71470 -1.27237
 10.71557 -1.27234
 10.71643 -1.27231
 10.71730 -1.27326
 10.71816 -1.27225
 10.71902 -1.27216
 10.71989 -1.27216
 10.72075 -1.27214
 10.72161 -1.27208
 10.72245 -1.27208
 10.72331 -1.27199
 10.72417 -1.27196
 10.72502 -1.27193
 10.72588 -1.27190
 10.72674 -1.27182
 10.72759 -1.27182
 10.72845 -1.27179
 10.72939 -1.27170
 10.73035 -1.27173
 10.73120 -1.27164
 10.73206 -1.27158
 10.73291 -1.27158
 10.73395 -1.27156
 10.73480 -1.27147
 10.73565 -1.27144
 10.73648 -1.27141
 10.73737 -1.27138
 10.73824 -1.27130
 10.73908 -1.27130
 10.73993 -1.27124
 10.74077 -1.27115
 10.74162 -1.27115
 10.74248 -1.27112
 10.74332 -1.27103
 10.74417 -1.27103
 10.74501 -1.27098
 10.74593 -1.27089
 10.74686 -1.27089
 10.74770 -1.27083
 10.74854 -1.27083
 10.74939 -1.27077
 10.75040 -1.27080
 10.75124 -1.27072
 10.75207 -1.27066
 10.75293 -1.27066
 10.75378 -1.27066
 10.75466 -1.27054
 10.75549 -1.27048
 10.75634 -1.27048
 10.75717 -1.27043
 10.75800 -1.27040
 10.75885 -1.27034
 10.75968 -1.27028
 10.76051 -1.27028
 10.76134 -1.27025
 10.76227 -1.27017
 10.76316 -1.27011
 10.76399 -1.27011
 10.76481 -1.27005
 10.76563 -1.26999
 10.76667 -1.27002
 10.76749 -1.26993
 10.76831 -1.26991
 10.76911 -1.26988
 10.76997 -1.26979
 10.77084 -1.26976
 10.77167 -1.26976
 10.77249 -1.26973
 10.77331 -1.26964
 10.77413 -1.26964
 10.77496 -1.26959
 10.77578 -1.26956
 10.77659 -1.26950
 10.77741 -1.26947
 10.77831 -1.26941
 10.77922 -1.26938
 10.78003 -1.26933
 10.78085 -1.26933
 10.78166 -1.26930
 10.78263 -1.26924
 10.78344 -1.26924
 10.78425 -1.26918
 10.78506 -1.26912
 10.78591 -1.26907
 10.78675 -1.26898
 10.78756 -1.26898
 10.78837 -1.26892
 10.78917 -1.26892
 10.78997 -1.26889
 10.79080 -1.26883
 10.79160 -1.26878
 10.79240 -1.26872
 10.79318 -1.26872
 10.79409 -1.26863
 10.79497 -1.26860
 10.79577 -1.26863
 10.79657 -1.26849
 10.79736 -1.26852
 10.79835 -1.26854
 10.79914 -1.26846
 10.79994 -1.26840
 10.80071 -1.26843
 10.80155 -1.26834
 10.80238 -1.26828
 10.80318 -1.26825
 10.80397 -1.26817
 10.80476 -1.26817
 10.80557 -1.26814
 10.80638 -1.26808
 10.80717 -1.26802
 10.80796 -1.26805
 10.80875 -1.26794
 10.80962 -1.26796
 10.81049 -1.26794
 10.81128 -1.26785
 10.81206 -1.26782
 10.81285 -1.26791
 10.81382 -1.26782
 10.81460 -1.26770
 10.81538 -1.26768
 10.81619 -1.26762
 10.81699 -1.26762
 10.81779 -1.26762
 10.81859 -1.26756
 10.81937 -1.26750
 10.82015 -1.26747
 10.82093 -1.26744
 10.82173 -1.26741
 10.82251 -1.26736
 10.82331 -1.26733
 10.82408 -1.26733
 10.82494 -1.26721
 10.82580 -1.26715
 10.82657 -1.26718
 10.82734 -1.26710
 10.82812 -1.26710
 10.82909 -1.26713
 10.82986 -1.26704
 10.83063 -1.26698
 10.83141 -1.26698
 10.83220 -1.26692
 10.83301 -1.26686
 10.83377 -1.26681
 10.83456 -1.26678
 10.83533 -1.26681
 10.83612 -1.26675
 10.83689 -1.26669
 10.83767 -1.26663
 10.83844 -1.26663
 10.83920 -1.26657
 10.84005 -1.26655
 10.84089 -1.26646
 10.84165 -1.26643
 10.84243 -1.26643
 10.84320 -1.26643
 10.84425 -1.26637
 10.84503 -1.26634
 10.84579 -1.26626
 10.84655 -1.26626
 10.84733 -1.26620
 10.84811 -1.26626
 10.84887 -1.26614
 10.84962 -1.26611
 10.85038 -1.26602
 10.85121 -1.26602
 10.85205 -1.26597
 10.85282 -1.26591
 10.85358 -1.26594
 10.85433 -1.26588
 10.85526 -1.26585
 10.85603 -1.26582
 10.85678 -1.26573
 10.85753 -1.26573
 10.85832 -1.26571
 10.85907 -1.26562
 10.85982 -1.26562
 10.86057 -1.26559
 10.86132 -1.26556
 10.86207 -1.26547
 10.86283 -1.26545
 10.86358 -1.26545
 10.86433 -1.26539
 10.86507 -1.26533
 10.86591 -1.26530
 10.86675 -1.26524
 10.86750 -1.26527
 10.86824 -1.26521
 10.86898 -1.26516
 10.86991 -1.26516
 10.87066 -1.26513
 10.87140 -1.26507
 10.87214 -1.26504
 10.87290 -1.26501
 10.87367 -1.26495
 10.87443 -1.26492
 10.87519 -1.26487
 10.87593 -1.26484
 10.87676 -1.26475
 10.87759 -1.26478
 10.87833 -1.26475
 10.87906 -1.26472
 10.87980 -1.26469
 10.88070 -1.26469
 10.88145 -1.26463
 10.88218 -1.26458
 10.88292 -1.26452
 10.88367 -1.26547
 10.88444 -1.26443
 10.88517 -1.26437
 10.88590 -1.26437
 10.88663 -1.26432
 10.88736 -1.26429
 10.88810 -1.26426
 10.88885 -1.26417
 10.88958 -1.26417
 10.89031 -1.26414
 10.89111 -1.26408
 10.89191 -1.26408
 10.89265 -1.26403
 10.89338 -1.26414
 10.89410 -1.26397
 10.89501 -1.26400
 10.89573 -1.26391
 10.89648 -1.26382
 10.89720 -1.26385
 10.89796 -1.26379
 10.89870 -1.26377
 10.89943 -1.26377
 10.90015 -1.26368
 10.90089 -1.26365
 10.90169 -1.26362
 10.90250 -1.26356
 10.90323 -1.26356
 10.90395 -1.26350
 10.90468 -1.26350
 10.90557 -1.26348
 10.90630 -1.26339
 10.90701 -1.26342
 10.90773 -1.26339
 10.90848 -1.26336
 10.90921 -1.26336
 10.90994 -1.26324
 10.91066 -1.26327
 10.91139 -1.26316
 10.91222 -1.26319
 10.91297 -1.26313
 10.91368 -1.26310
 10.91439 -1.26310
 10.91512 -1.26304
 10.91599 -1.26301
 10.91670 -1.26295
 10.91743 -1.26290
 10.91813 -1.26295
 10.91886 -1.26284
 10.91960 -1.26281
 10.92031 -1.26278
 10.92103 -1.26275
 10.92173 -1.26275
 10.92253 -1.26267
 10.92330 -1.26261
 10.92401 -1.26264
 10.92473 -1.26264
 10.92543 -1.26258
 10.92631 -1.26255
 10.92701 -1.26249
 10.92773 -1.26243
 10.92843 -1.26240
 10.92915 -1.26232
 10.92986 -1.26235
 10.93060 -1.26229
 10.93130 -1.26229
 10.93201 -1.26223
 10.93278 -1.26217
 10.93355 -1.26220
 10.93426 -1.26217
 10.93496 -1.26214
 10.93567 -1.26206
 10.93652 -1.26211
 10.93724 -1.26203
 10.93793 -1.26200
 10.93862 -1.26197
 10.93935 -1.26194
 10.94006 -1.26185
 10.94075 -1.26185
 10.94146 -1.26177
 10.94215 -1.26174
 10.94293 -1.26177
 10.94369 -1.26177
 10.94440 -1.26174
 10.94508 -1.26171
 10.94579 -1.26159
 10.94665 -1.26162
 10.94736 -1.26159
 10.94804 -1.26151
 10.94875 -1.26151
 10.94945 -1.26148
 10.95015 -1.26151
 10.95085 -1.26142
 10.95156 -1.26136
 10.95224 -1.26136
 10.95299 -1.26130
 10.95374 -1.26130
 10.95444 -1.26128
 10.95514 -1.26125
 10.95582 -1.26116
 10.95668 -1.26116
 10.95738 -1.26113
 10.95807 -1.26110
 10.95877 -1.26101
 10.95947 -1.26101
 10.96016 -1.26104
 10.96084 -1.26093
 10.96153 -1.26087
 10.96221 -1.26087
 10.96297 -1.26081
 10.96374 -1.26084
 10.96441 -1.26078
 10.96510 -1.26078
 10.96843 -1.26070
 10.96916 -1.26067
 10.96988 -1.26058
 10.97059 -1.26055
 10.97129 -1.26049
 10.97201 -1.26044
 10.97273 -1.26041
 10.97346 -1.26041
 10.97416 -1.26038
 10.97486 -1.26032
 10.97556 -1.26032
 10.97626 -1.26023
 10.97697 -1.26020
 10.97772 -1.26020
 10.97850 -1.26012
 10.97920 -1.26015
 10.97990 -1.26006
 10.98060 -1.26006
 10.98130 -1.26000
 10.98201 -1.25997
 10.98271 -1.25991
 10.98340 -1.25988
 10.98417 -1.25986
 10.98493 -1.25983
 10.98563 -1.25980
 10.98632 -1.25974
 10.98702 -1.25974
 10.98771 -1.25968
 10.98844 -1.25965
 10.98911 -1.25965
 10.98980 -1.25962
 10.99049 -1.25960
 10.99132 -1.25948
 10.99201 -1.25951
 10.99268 -1.25945
 10.99336 -1.25948
 10.99405 -1.25939
 10.99473 -1.25936
 10.99542 -1.25931
 10.99611 -1.25928
 10.99680 -1.25925
 10.99748 -1.25925
 10.99817 -1.25922
 10.99886 -1.25913
 10.99954 -1.25919
 11.00029 -1.25907
 11.00104 -1.25907
 11.00173 -1.25905
 11.00241 -1.25905
 11.00309 -1.25899
 11.00379 -1.25896
 11.00449 -1.25890
 11.00516 -1.25887
 11.00584 -1.25884
 11.00650 -1.25881
 11.00731 -1.25884
 11.00799 -1.25876
 11.00866 -1.25873
 11.00934 -1.25873
 11.01001 -1.25867
 11.01067 -1.25864
 11.01135 -1.25858
 11.01201 -1.25855
 11.01267 -1.25858
 11.01335 -1.25852
 11.01404 -1.25847
 11.01470 -1.25844
 11.01537 -1.25838
 11.01603 -1.25838
 11.01685 -1.25838
 11.01751 -1.25826
 11.01818 -1.25826
 11.01885 -1.25821
 11.01951 -1.25821
 11.02018 -1.25818
 11.02085 -1.25815
 11.02152 -1.25815
 11.02218 -1.25806
 11.02284 -1.25806
 11.02353 -1.25803
 11.02420 -1.25797
 11.02485 -1.25797
 11.02552 -1.25794
 11.02632 -1.25792
 11.02698 -1.25789
 11.02763 -1.25783
 11.02830 -1.25780
 11.02896 -1.25777
 11.02963 -1.25774
 11.03029 -1.25771
 11.03096 -1.25771
 11.03161 -1.25768
 11.03227 -1.25763
 11.03293 -1.25760
 11.03359 -1.25754
 11.03426 -1.25757
 11.03492 -1.25748
 11.03584 -1.25751
 11.03650 -1.25745
 11.03716 -1.25745
 11.03780 -1.25739
 11.03851 -1.25731
 11.03920 -1.25731
 11.03986 -1.25734
 11.04051 -1.25725
 11.04116 -1.25728
 11.04196 -1.25725
 11.04261 -1.25719
 11.04327 -1.25710
 11.04392 -1.25713
 11.04458 -1.25710
 11.04523 -1.25705
 11.04589 -1.25708
 11.04654 -1.25705
 11.04720 -1.25696
 11.04783 -1.25696
 11.04850 -1.25693
 11.04915 -1.25687
 11.04979 -1.25684
 11.05044 -1.25682
 11.05123 -1.25682
 11.05187 -1.25676
 11.05252 -1.25673
 11.05317 -1.25670
 11.05382 -1.25664
 11.05447 -1.25664
 11.05511 -1.25664
 11.05576 -1.25661
 11.05641 -1.25653
 11.05706 -1.25653
 11.05769 -1.25650
 11.05833 -1.25647
 11.05898 -1.25641
 11.05962 -1.25641
 11.06041 -1.25638
 11.06104 -1.25635
 11.06168 -1.25629
 11.06233 -1.25629
 11.06295 -1.25624
 11.06360 -1.25618
 11.06424 -1.25618
 11.06488 -1.25612
 11.06551 -1.25609
 11.06615 -1.25609
 11.06679 -1.25606
 11.06745 -1.25603
 11.06807 -1.25603
 11.06872 -1.25598
 11.06949 -1.25595
 11.07013 -1.25589
 11.07077 -1.25586
 11.07140 -1.25586
 11.07204 -1.25589
 11.07268 -1.25580
 11.07331 -1.25574
 11.07395 -1.25574
 11.07459 -1.25574
 11.07522 -1.25569
 11.07586 -1.25563
 11.07649 -1.25563
 11.07713 -1.25560
 11.07782 -1.25560
 11.07852 -1.25548
 11.07915 -1.25551
 11.07978 -1.25551
 11.08041 -1.25548
 11.08104 -1.25540
 11.08169 -1.25540
 11.08232 -1.25540
 11.08295 -1.25534
 11.08358 -1.25531
 11.08434 -1.25531
 11.08496 -1.25528
 11.08559 -1.25528
 11.08624 -1.25525
 11.08688 -1.25519
 11.08751 -1.25516
 11.08813 -1.25514
 11.08876 -1.25514
 11.08939 -1.25514
 11.09001 -1.25508
 11.09064 -1.25496
 11.09126 -1.25496
 11.09189 -1.25499
 11.09258 -1.25487
 11.09326 -1.25485
 11.09388 -1.25490
 11.09451 -1.25485
 11.09511 -1.25482
 11.09575 -1.25479
 11.09639 -1.25470
 11.09701 -1.25470
 11.09763 -1.25470
 11.09825 -1.25461
 11.09899 -1.25461
 11.09961 -1.25461
 11.10023 -1.25459
 11.10085 -1.25453
 11.10147 -1.25450
 11.10211 -1.25444
 11.10272 -1.25441
 11.10334 -1.25444
 11.10394 -1.25432
 11.10458 -1.25438
 11.10519 -1.25438
 11.10579 -1.25432
 11.10641 -1.25427
 11.10709 -1.25424
 11.10776 -1.25421
 11.10837 -1.25418
 11.10899 -1.25415
 11.10960 -1.25412
 11.11022 -1.25409
 11.11086 -1.25409
 11.11147 -1.25406
 11.11208 -1.25401
 11.11274 -1.25401
 11.11343 -1.25398
 11.11404 -1.25395
 11.11465 -1.25392
 11.11526 -1.25392
 11.11587 -1.25383
 11.11649 -1.25380
 11.11710 -1.25383
 11.11771 -1.25377
 11.11832 -1.25372
 11.11906 -1.25369
 11.11967 -1.25363
 11.12028 -1.25363
 11.12088 -1.25360
 11.12149 -1.25363
 11.12210 -1.25357
 11.12270 -1.25357
 11.12331 -1.25360
 11.12391 -1.25348
 11.12452 -1.25343
 11.12512 -1.25343
 11.12574 -1.25337
 11.12635 -1.25337
 11.12701 -1.25334
 11.12765 -1.25328
 11.12826 -1.25325
 11.12886 -1.25325
 11.12946 -1.25322
 11.13008 -1.25320
 11.13068 -1.25317
 11.13128 -1.25311
 11.13188 -1.25308
 11.13254 -1.25302
 11.13321 -1.25302
 11.13381 -1.25302
 11.13441 -1.25296
 11.13502 -1.25291
 11.13562 -1.25296
 11.13623 -1.25291
 11.13683 -1.25288
 11.13743 -1.25288
 11.13808 -1.25279
 11.13874 -1.25276
 11.13933 -1.25276
 11.13993 -1.25273
 11.14052 -1.25276
 11.14112 -1.25267
 11.14173 -1.25267
 11.14232 -1.25262
 11.14291 -1.25256
 11.14357 -1.25253
 11.14422 -1.25253
 11.14481 -1.25259
 11.14542 -1.25250
 11.14601 -1.25250
 11.14660 -1.25247
 11.14720 -1.25238
 11.14780 -1.25238
 11.14839 -1.25241
 11.14905 -1.25233
 11.14970 -1.25230
 11.15028 -1.25227
 11.15089 -1.25227
 11.15148 -1.25221
 11.15207 -1.25218
 11.15267 -1.25215
 11.15326 -1.25209
 11.15384 -1.25209
 11.15449 -1.25204
 11.15514 -1.25207
 11.15573 -1.25201
 11.15632 -1.25201
 11.15690 -1.25198
 11.15750 -1.25192
 11.15809 -1.25192
 11.15869 -1.25186
 11.15927 -1.25183
 11.15990 -1.25186
 11.16055 -1.25181
 11.16113 -1.25178
 11.16172 -1.25181
 11.16231 -1.25172
 11.16291 -1.25172
 11.16349 -1.25172
 11.16407 -1.25166
 11.16465 -1.25163
 11.16529 -1.25166
 11.16593 -1.25157
 11.16651 -1.25154
 11.16710 -1.25152
 11.16768 -1.25140
 11.16826 -1.25143
 11.16885 -1.25143
 11.16943 -1.25140
 11.17001 -1.25149
 11.17064 -1.25134
 11.17136 -1.25134
 11.17194 -1.25125
 11.17253 -1.25131
 11.17310 -1.25123
 11.17380 -1.25125
 11.17438 -1.25120
 11.17497 -1.25117
 11.17554 -1.25108
 11.17613 -1.25108
 11.17672 -1.25105
 11.17729 -1.25105
 11.17787 -1.25099
 11.17845 -1.25097
 11.17903 -1.25099
 11.17961 -1.25091
 11.18019 -1.25091
 11.18076 -1.25085
 11.18137 -1.25088
 11.18200 -1.25085
 11.18257 -1.25082
 11.18314 -1.25076
 11.18372 -1.25070
 11.18429 -1.25076
 11.18486 -1.25068
 11.18544 -1.25065
 11.18603 -1.25065
 11.18664 -1.25059
 11.18726 -1.25056
 11.18783 -1.25053
 11.18839 -1.25047
 11.18898 -1.25050
 11.18954 -1.25053
 11.19011 -1.25044
 11.19069 -1.25044
 11.19125 -1.25041
 11.19187 -1.25041
 11.19248 -1.25036
 11.19306 -1.25033
 11.19362 -1.25027
 11.19419 -1.25030
 11.19477 -1.25024
 11.19533 -1.25018
 11.19589 -1.25015
 11.19647 -1.25007
 11.19709 -1.25013
 11.19769 -1.25010
 11.19825 -1.25013
 11.19883 -1.25004
 11.19939 -1.25010
 11.19996 -1.24995
 11.20052 -1.25001
 11.20108 -1.24995
 11.20166 -1.24992
 11.20226 -1.24995
 11.20287 -1.24986
 11.20343 -1.24984
 11.20400 -1.24984
 11.20456 -1.24978
 11.20512 -1.24975
 11.20569 -1.24972
 11.20625 -1.24972
 11.20680 -1.24966
 11.20741 -1.24966
 11.20802 -1.24960
 11.20859 -1.24963
 11.20915 -1.24958
 11.20971 -1.24958
 11.21027 -1.24955
 11.21083 -1.24949
 11.21138 -1.24952
 11.21195 -1.24949
 11.21256 -1.24940
 11.21315 -1.24937
 11.21372 -1.24946
 11.21427 -1.24937
 11.21482 -1.24934
 11.21539 -1.24934
 11.21594 -1.25010
 11.21649 -1.24926
 11.21706 -1.24926
 11.21766 -1.24920
 11.21827 -1.24923
 11.21882 -1.24920
 11.21938 -1.24917
 11.21993 -1.24914
 11.22049 -1.24908
 11.22104 -1.24908
 11.22159 -1.24902
 11.22215 -1.24902
 11.22276 -1.24900
 11.22336 -1.24900
 11.22390 -1.24894
 11.22446 -1.24897
 11.22501 -1.24888
 11.22557 -1.24891
 11.22612 -1.24885
 11.22666 -1.24882
 11.22721 -1.24882
 11.22781 -1.24879
 11.22841 -1.24876
 11.22895 -1.24876
 11.22951 -1.24871
 11.23004 -1.24871
 11.23060 -1.24868
 11.23114 -1.24862
 11.23168 -1.24859
 11.23223 -1.24862
 11.23282 -1.24859
 11.23343 -1.24853
 11.23397 -1.24853
 11.23453 -1.24850
 11.23507 -1.24853
 11.23561 -1.24845
 11.23617 -1.24842
 11.23671 -1.24842
 11.23726 -1.24842
 11.23784 -1.24836
 11.23842 -1.24833
 11.23897 -1.24836
 11.23951 -1.24833
 11.24005 -1.24824
 11.24060 -1.24821
 11.24114 -1.24821
 11.24168 -1.24818
 11.24223 -1.24685
 11.24280 -1.24810
 11.24339 -1.24810
 11.24394 -1.24810
 11.24448 -1.24807
 11.24503 -1.24804
 11.24556 -1.24804
 11.24611 -1.24798
 11.24665 -1.24798
 11.24718 -1.24798
 11.24777 -1.24792
 11.24836 -1.24787
 11.24889 -1.24784
 11.24944 -1.24790
 11.24997 -1.24787
 11.25052 -1.24778
 11.25105 -1.24772
 11.25158 -1.24781
 11.25211 -1.24775
 11.25270 -1.24775
 11.25328 -1.24769
 11.25381 -1.24766
 11.25434 -1.24766
 11.25487 -1.24763
 11.25542 -1.24761
 11.25595 -1.24758
 11.25649 -1.24755
 11.25702 -1.24752
 11.25760 -1.24746
 11.25818 -1.24740
 11.25871 -1.24743
 11.25925 -1.24743
 11.25978 -1.24740
 11.26031 -1.24735
 11.26085 -1.24732
 11.26138 -1.24732
 11.26190 -1.24726
 11.26248 -1.24723
 11.26306 -1.24723
 11.26360 -1.24717
 11.26414 -1.24720
 11.26468 -1.24714
 11.26522 -1.24717
 11.26575 -1.24708
 11.26628 -1.24711
 11.26682 -1.24708
 11.26737 -1.24703
 11.26802 -1.24700
 11.26855 -1.24697
 11.26909 -1.24697
 11.26963 -1.24694
 11.27026 -1.24694
 11.27079 -1.24688
 11.27132 -1.24688
 11.27185 -1.24685
 11.27244 -1.24679
 11.27302 -1.24679
 11.27355 -1.24677
 11.27407 -1.24668
 11.27464 -1.24668
 11.27522 -1.24665
 11.27575 -1.24662
 11.27630 -1.24662
 11.27683 -1.24659
 11.27735 -1.24656
 11.27788 -1.24659
 11.27840 -1.24656
 11.27893 -1.24653
 11.27949 -1.24648
 11.28004 -1.24642
 11.28057 -1.24642
 11.28109 -1.24639
 11.28162 -1.24639
 11.28214 -1.24636
 11.28266 -1.24642
 11.28318 -1.24630
 11.28371 -1.24630
 11.28426 -1.24624
 11.28481 -1.24622
 11.28534 -1.24619
 11.28587 -1.24616
 11.28638 -1.24619
 11.28691 -1.24613
 11.28744 -1.24607
 11.28796 -1.24607
 11.28849 -1.24601
 11.28903 -1.24604
 11.28958 -1.24601
 11.29010 -1.24601
 11.29063 -1.24598
 11.29116 -1.24590
 11.29181 -1.24593
 11.29234 -1.24590
 11.29286 -1.24587
 11.29340 -1.24587
 11.29394 -1.24581
 11.29450 -1.24578
 11.29504 -1.24572
 11.29556 -1.24578
 11.29611 -1.24572
 11.29665 -1.24564
 11.29717 -1.24567
 11.29771 -1.24567
 11.29823 -1.24561
 11.29887 -1.24561
 11.29941 -1.24555
 11.29994 -1.24558
 11.30046 -1.24552
 11.30100 -1.24546
 11.30156 -1.24546
 11.30208 -1.24546
 11.30261 -1.24543
 11.30314 -1.24540
 11.30368 -1.24532
 11.30420 -1.24538
 11.30471 -1.24532
 11.30524 -1.24526
 11.30587 -1.24523
 11.30640 -1.24520
 11.30692 -1.24523
 11.30744 -1.24523
 11.30800 -1.24514
 11.30855 -1.24514
 11.30906 -1.24514
 11.30959 -1.24517
 11.31013 -1.24512
 11.31067 -1.24500
 11.31118 -1.24506
 11.31171 -1.24500
 11.31222 -1.24497
 11.31285 -1.24500
 11.31337 -1.24494
 11.31391 -1.24491
 11.31442 -1.24491
 11.31496 -1.24483
 11.31549 -1.24485
 11.31600 -1.24480
 11.31652 -1.24480
 11.31705 -1.24480
 11.31761 -1.24474
 11.31812 -1.24468
 11.31863 -1.24471
 11.31914 -1.24471
 11.31964 -1.24459
 11.32015 -1.24459
 11.32065 -1.24459
 11.32115 -1.24454
 11.32169 -1.24456
 11.32223 -1.24451
 11.32273 -1.24454
 11.32324 -1.24445
 11.32374 -1.24448
 11.32424 -1.24454
 11.32475 -1.24442
 11.32525 -1.24439
 11.32575 -1.24436
 11.32628 -1.24433
 11.32681 -1.24430
 11.32730 -1.24428
 11.32781 -1.24430
 11.32831 -1.24428
 11.32882 -1.24425
 11.32932 -1.24416
 11.32981 -1.24419
 11.33032 -1.24416
 11.33083 -1.24416
 11.33136 -1.24416
 11.33187 -1.24407
 11.33237 -1.24407
 11.33287 -1.24404
 11.33338 -1.24404
 11.33388 -1.24399
 11.33437 -1.24404
 11.33487 -1.24401
 11.33540 -1.24399
 11.33591 -1.24387
 11.33641 -1.24393
 11.33691 -1.24387
 11.33741 -1.24384
 11.33790 -1.24387
 11.33840 -1.24378
 11.33889 -1.24378
 11.33940 -1.24378
 11.33992 -1.24373
 11.34045 -1.24370
 11.34093 -1.24370
 11.34143 -1.24367
 11.34193 -1.24367
 11.34242 -1.24358
 11.34291 -1.24361
 11.34341 -1.24358
 11.34390 -1.24355
 11.34442 -1.24352
 11.34495 -1.24349
 11.34545 -1.24352
 11.34593 -1.24346
 11.34643 -1.24346
 11.34692 -1.24346
 11.34742 -1.24338
 11.34792 -1.24335
 11.34841 -1.24338
 11.34892 -1.24332
 11.34945 -1.24326
 11.34994 -1.24332
 11.35044 -1.24329
 11.35093 -1.24323
 11.35153 -1.24326
 11.35202 -1.24317
 11.35252 -1.24317
 11.35301 -1.24317
 11.35354 -1.24309
 11.35408 -1.24309
 11.35457 -1.24315
 11.35506 -1.24303
 11.35558 -1.24303
 11.35610 -1.24300
 11.35659 -1.24297
 11.35709 -1.24297
 11.35758 -1.24291
 11.35807 -1.24289
 11.35856 -1.24286
 11.35905 -1.24286
 11.35954 -1.24283
 11.36005 -1.24280
 11.36056 -1.24280
 11.36105 -1.24280
 11.36154 -1.24280
 11.36203 -1.24271
 11.36252 -1.24271
 11.36302 -1.24262
 11.36350 -1.24268
 11.36399 -1.24260
 11.36449 -1.24260
 11.36500 -1.24254
 11.36549 -1.24254
 11.36597 -1.24251
 11.36646 -1.24257
 11.36695 -1.24251
 11.36743 -1.24248
 11.36794 -1.24245
 11.36843 -1.24245
 11.36891 -1.24242
 11.36941 -1.24242
 11.36990 -1.24239
 11.37039 -1.24236
 11.37087 -1.24236
 11.37146 -1.24233
 11.37194 -1.24228
 11.37243 -1.24225
 11.37291 -1.24228
 11.37343 -1.24216
 11.37396 -1.24222
 11.37445 -1.24222
 11.37493 -1.24216
 11.37543 -1.24213
 11.37593 -1.24210
 11.37641 -1.24210
 11.37696 -1.24202
 11.37744 -1.24207
 11.37804 -1.24205
 11.37852 -1.24202
 11.37901 -1.24199
 11.37949 -1.24193
 11.37999 -1.24196
 11.38050 -1.24187
 11.38098 -1.24187
 11.38147 -1.24187
 11.38197 -1.24184
 11.38247 -1.24178
 11.38295 -1.24184
 11.38343 -1.24178
 11.38390 -1.24170
 11.38438 -1.24170
 11.38487 -1.24176
 11.38535 -1.24164
 11.38583 -1.24161
 11.38631 -1.24164
 11.38680 -1.24161
 11.38728 -1.24155
 11.38775 -1.24161
 11.38823 -1.24155
 11.38871 -1.24152
 11.38918 -1.24150
 11.38966 -1.24150
 11.39013 -1.24144
 11.39063 -1.24141
 11.39111 -1.24141
 11.39160 -1.24138
 11.39209 -1.24138
 11.39256 -1.24132
 11.39313 -1.24132
 11.39361 -1.24129
 11.39408 -1.24126
 11.39456 -1.24126
 11.39507 -1.24118
 11.39558 -1.24121
 11.39605 -1.24118
 11.39652 -1.24115
 11.39703 -1.24118
 11.39752 -1.24106
 11.39799 -1.24109
 11.39847 -1.24106
 11.39896 -1.24106
 11.39954 -1.24103
 11.40002 -1.24100
 11.40049 -1.24094
 11.40097 -1.24100
 11.40146 -1.24094
 11.40197 -1.24094
 11.40245 -1.24094
 11.40293 -1.24086
 11.40341 -1.24086
 11.40390 -1.24083
 11.40437 -1.24086
 11.40483 -1.24080
 11.40531 -1.24080
 11.40589 -1.24077
 11.40637 -1.24077
 11.40685 -1.24074
 11.40733 -1.24068
 11.40782 -1.24071
 11.40830 -1.24071
 11.40878 -1.24066
 11.40927 -1.24066
 11.40975 -1.24063
 11.41022 -1.24063
 11.41070 -1.24063
 11.41118 -1.24060
 11.41164 -1.24054
 11.41220 -1.24057
 11.41268 -1.24048
 11.41316 -1.24048
 11.41362 -1.24045
 11.41411 -1.24039
 11.41460 -1.24045
 11.41507 -1.24039
 11.41555 -1.24037
 11.41604 -1.24034
 11.41652 -1.24034
 11.41699 -1.24028
 11.41753 -1.24028
 11.41799 -1.24028
 11.41857 -1.24028
 11.41903 -1.24019
 11.41949 -1.24019
 11.41996 -1.24019
 11.42044 -1.24013
 11.42094 -1.24013
 11.42141 -1.24011
 11.42187 -1.24013
 11.42235 -1.24011
 11.42284 -1.24008
 11.42330 -1.24005
 11.42376 -1.24005
 11.42422 -1.24002
 11.42479 -1.24005
 11.42526 -1.23996
 11.42572 -1.23996
 11.42619 -1.23993
 11.42667 -1.23987
 11.42714 -1.23984
 11.42761 -1.23984
 11.42807 -1.23984
 11.42855 -1.23987
 11.42903 -1.23976
 11.42950 -1.23976
 11.42996 -1.23976
 11.43042 -1.23973
 11.43098 -1.23973
 11.43144 -1.23967
 11.43189 -1.23967
 11.43236 -1.23970
 11.43285 -1.23958
 11.43334 -1.23961
 11.43379 -1.23961
 11.43425 -1.23953
 11.43472 -1.23958
 11.43521 -1.23953
 11.43568 -1.23955
 11.43615 -1.23953
 11.43660 -1.23950
 11.43723 -1.23947
 11.43768 -1.23944
 11.43813 -1.23935
 11.43860 -1.23938
 11.43906 -1.23932
 11.43951 -1.23935
 11.43996 -1.23929
 11.44043 -1.23929
 11.44089 -1.23927
 11.44136 -1.23918
 11.44182 -1.23924
 11.44227 -1.23918
 11.44273 -1.23918
 11.44328 -1.23915
 11.44374 -1.23912
 11.44419 -1.23912
 11.44464 -1.23909
 11.44513 -1.23903
 11.44562 -1.23903
 11.44606 -1.23903
 11.44651 -1.23900
 11.44698 -1.23903
 11.44746 -1.23892
 11.44791 -1.23895
 11.44837 -1.23889
 11.44883 -1.23889
 11.44937 -1.23880
 11.44982 -1.23883
 11.45028 -1.23892
 11.45073 -1.23874
 11.45122 -1.23877
 11.45169 -1.23874
 11.45214 -1.23871
 11.45259 -1.23871
 11.45305 -1.23869
 11.45352 -1.23866
 11.45398 -1.23866
 11.45443 -1.23860
 11.45489 -1.23860
 11.45544 -1.23863
 11.45589 -1.23854
 11.45635 -1.23851
 11.45681 -1.23848
 11.45726 -1.23848
 11.45774 -1.23845
 11.45819 -1.23845
 11.45863 -1.23843
 11.45910 -1.23840
 11.45956 -1.23834
 11.46000 -1.23834
 11.46045 -1.23831
 11.46090 -1.23831
 11.46144 -1.23834
 11.46189 -1.23822
 11.46234 -1.23825
 11.46279 -1.23819
 11.46326 -1.23819
 11.46372 -1.23811
 11.46417 -1.23811
 11.46463 -1.23811
 11.46508 -1.23808
 11.46555 -1.23805
 11.46600 -1.23805
 11.46644 -1.23802
 11.46689 -1.23799
 11.46742 -1.23802
 11.46787 -1.23796
 11.46832 -1.23796
 11.46877 -1.23793
 11.46923 -1.23793
 11.46969 -1.23793
 11.47014 -1.23788
 11.47058 -1.23785
 11.47104 -1.23779
 11.47149 -1.23779
 11.47194 -1.23779
 11.47239 -1.23776
 11.47284 -1.23773
 11.47337 -1.23773
 11.47383 -1.23770
 11.47427 -1.23767
 11.47472 -1.23764
 11.47518 -1.23759
 11.47563 -1.23756
 11.47608 -1.23759
 11.47653 -1.23761
 11.47697 -1.23759
 11.47743 -1.23750
 11.47787 -1.23753
 11.47832 -1.23747
 11.47876 -1.23747
 11.47930 -1.23744
 11.47975 -1.23744
 11.48019 -1.23738
 11.48063 -1.23732
 11.48109 -1.23732
 11.48154 -1.23732
 11.48199 -1.23727
 11.48243 -1.23724
 11.48287 -1.23724
 11.48334 -1.23724
 11.48378 -1.23718
 11.48422 -1.23724
 11.48467 -1.23718
 11.48520 -1.23712
 11.48564 -1.23712
 11.48608 -1.23715
 11.48654 -1.23704
 11.48698 -1.23704
 11.48743 -1.23704
 11.48787 -1.23701
 11.48831 -1.23695
 11.48875 -1.23695
 11.48920 -1.23692
 11.48964 -1.23695
 11.49008 -1.23692
 11.49053 -1.23683
 11.49105 -1.23683
 11.49150 -1.23686
 11.49194 -1.23677
 11.49238 -1.23677
 11.49283 -1.23675
 11.49328 -1.23677
 11.49372 -1.23669
 11.49416 -1.23672
 11.49459 -1.23666
 11.49504 -1.23666
 11.49548 -1.23666
 11.49593 -1.23654
 11.49636 -1.23660
 11.49688 -1.23660
 11.49732 -1.23657
 11.49777 -1.23651
 11.49820 -1.23651
 11.49865 -1.23646
 11.49910 -1.23643
 11.49953 -1.23646
 11.49997 -1.23640
 11.50041 -1.23643
 11.50086 -1.23640
 11.50129 -1.23637
 11.50173 -1.23628
 11.50217 -1.23631
 11.50270 -1.23634
 11.50313 -1.23625
 11.50358 -1.23634
 11.50401 -1.23625
 11.50444 -1.23622
 11.50489 -1.23620
 11.50532 -1.23620
 11.50575 -1.23620
 11.50619 -1.23611
 11.50663 -1.23614
 11.50706 -1.23614
 11.50751 -1.23611
 11.50794 -1.23608
 11.50846 -1.23608
 11.50889 -1.23602
 11.50932 -1.23605
 11.50976 -1.23596
 11.51021 -1.23596
 11.51065 -1.23593
 11.51108 -1.23593
 11.51152 -1.23591
 11.51195 -1.23588
 11.51238 -1.23585
 11.51281 -1.23582
 11.51324 -1.23585
 11.51367 -1.23579
 11.51420 -1.23576
 11.51463 -1.23573
 11.51507 -1.23576
 11.51550 -1.23573
 11.51593 -1.23570
 11.51636 -1.23565
 11.51679 -1.23570
 11.51724 -1.23565
 11.51767 -1.23562
 11.51810 -1.23565
 11.51853 -1.23562
 11.51896 -1.23556
 11.51940 -1.23550
 11.51992 -1.23556
 11.52034 -1.23550
 11.52077 -1.23553
 11.52120 -1.23547
 11.52164 -1.23538
 11.52208 -1.23541
 11.52251 -1.23538
 11.52294 -1.23536
 11.52338 -1.23533
 11.52380 -1.23536
 11.52424 -1.23533
 11.52466 -1.23530
 11.52509 -1.23530
 11.52560 -1.23530
 11.52603 -1.23524
 11.52646 -1.23524
 11.52687 -1.23521
 11.52731 -1.23515
 11.52775 -1.23521
 11.52817 -1.23515
 11.52860 -1.23509
 11.52903 -1.23512
 11.52946 -1.23512
 11.52989 -1.23512
 11.53031 -1.23507
 11.53074 -1.23501
 11.53125 -1.23504
 11.53168 -1.23501
 11.53212 -1.23498
 11.53255 -1.23492
 11.53297 -1.23492
 11.53339 -1.23489
 11.53382 -1.23495
 11.53424 -1.23486
 11.53466 -1.23492
 11.53509 -1.23483
 11.53552 -1.23483
 11.53594 -1.23481
 11.53637 -1.23481
 11.53688 -1.23481
 11.53730 -1.23478
 11.53772 -1.23472
 11.53814 -1.23481
 11.53857 -1.23472
 11.53900 -1.23472
 11.53942 -1.23466
 11.53983 -1.23463
 11.54025 -1.23460
 11.54068 -1.23457
 11.54110 -1.23463
 11.54152 -1.23460
 11.54193 -1.23457
 11.54243 -1.23457
 11.54285 -1.23452
 11.54327 -1.23446
 11.54368 -1.23449
 11.54411 -1.23446
 11.54455 -1.23446
 11.54496 -1.23437
 11.54537 -1.23437
 11.54579 -1.23440
 11.54622 -1.23440
 11.54663 -1.23437
 11.54704 -1.23428
 11.54746 -1.23431
 11.54797 -1.23431
 11.54838 -1.23431
 11.54880 -1.23426
 11.54921 -1.23420
 11.54964 -1.23420
 11.55006 -1.23420
 11.55049 -1.23423
 11.55090 -1.23411
 11.55131 -1.23411
 11.55174 -1.23411
 11.55215 -1.23408
 11.55256 -1.23408
 11.55299 -1.23402
 11.55349 -1.23408
 11.55390 -1.23405
 11.55431 -1.23402
 11.55471 -1.23402
 11.55515 -1.23402
 11.55558 -1.23388
 11.55599 -1.23397
 11.55640 -1.23394
 11.55681 -1.23391
 11.55722 -1.23388
 11.55764 -1.23388
 11.55805 -1.23385
 11.55847 -1.23376
 11.55896 -1.23379
 11.55937 -1.23376
 11.55979 -1.23379
 11.56020 -1.23376
 11.56062 -1.23373
 11.56104 -1.23373
 11.56146 -1.23370
 11.56187 -1.23362
 11.56229 -1.23365
 11.56270 -1.23365
 11.56312 -1.23359
 11.56353 -1.23362
 11.56395 -1.23356
 11.56444 -1.23359
 11.56485 -1.23356
 11.56527 -1.23350
 11.56567 -1.23350
 11.56609 -1.23347
 11.56651 -1.23347
 11.56692 -1.23342
 11.56732 -1.23347
 11.56773 -1.23342
 11.56815 -1.23342
 11.56855 -1.23342
 11.56896 -1.23336
 11.56937 -1.23333
 11.56987 -1.23336
 11.57028 -1.23333
 11.57069 -1.23330
 11.57110 -1.23336
 11.57151 -1.23327
 11.57192 -1.23333
 11.57234 -1.23324
 11.57274 -1.23318
 11.57316 -1.23318
 11.57357 -1.23315
 11.57398 -1.23318
 11.57438 -1.23313
 11.57480 -1.23313
 11.57528 -1.23318
 11.57569 -1.23310
 11.57609 -1.23310
 11.57650 -1.23315
 11.57691 -1.23307
 11.57733 -1.23301
 11.57773 -1.23301
 11.57813 -1.23298
 11.57853 -1.23298
 11.57894 -1.23298
 11.57934 -1.23286
 11.57975 -1.23295
 11.58015 -1.23286
 11.58064 -1.23292
 11.58103 -1.23284
 11.58143 -1.23284
 11.58183 -1.23284
 11.58225 -1.23284
 11.58266 -1.23278
 11.58306 -1.23272
 11.58346 -1.23272
 11.58386 -1.23275
 11.58427 -1.23272
 11.58467 -1.23269
 11.58507 -1.23272
 11.58547 -1.23266
 11.58596 -1.23266
 11.58635 -1.23266
 11.58675 -1.23260
 11.58715 -1.23263
 11.58756 -1.23255
 11.58798 -1.23255
 11.58837 -1.23255
 11.58877 -1.23249
 11.58917 -1.23249
 11.58958 -1.23243
 11.58997 -1.23243
 11.59037 -1.23243
 11.59077 -1.23240
 11.59125 -1.23234
 11.59165 -1.23234
 11.59205 -1.23231
 11.59245 -1.23229
 11.59286 -1.23231
 11.59326 -1.23229
 11.59366 -1.23229
 11.59406 -1.23223
 11.59445 -1.23223
 11.59487 -1.23226
 11.59527 -1.23223
 11.59566 -1.23220
 11.59606 -1.23217
 11.59654 -1.23217
 11.59693 -1.23211
 11.59733 -1.23214
 11.59772 -1.23211
 11.59813 -1.23205
 11.59853 -1.23205
 11.59892 -1.23205
 11.59933 -1.23203
 11.59972 -1.23200
 11.60012 -1.23197
 11.60051 -1.23203
 11.60091 -1.23197
 11.60131 -1.23188
 11.60177 -1.23194
 11.60218 -1.23188
 11.60257 -1.23182
 11.60296 -1.23185
 11.60336 -1.23185
 11.60377 -1.23176
 11.60416 -1.23179
 11.60455 -1.23174
 11.60495 -1.23176
 11.60534 -1.23174
 11.60574 -1.23165
 11.60613 -1.23168
 11.60652 -1.23168
 11.60700 -1.23168
 11.60739 -1.23165
 11.60779 -1.23162
 11.60818 -1.23162
 11.60858 -1.23159
 11.60898 -1.23156
 11.60937 -1.23156
 11.60977 -1.23156
 11.61016 -1.23153
 11.61055 -1.23150
 11.61094 -1.23150
 11.61133 -1.23145
 11.61172 -1.23145
 11.61219 -1.23147
 11.61258 -1.23145
 11.61297 -1.23136
 11.61336 -1.23142
 11.61376 -1.23136
 11.61416 -1.23136
 11.61455 -1.23130
 11.61494 -1.23133
 11.61533 -1.23124
 11.61572 -1.23127
 11.61612 -1.23127
 11.61651 -1.23127
 11.61689 -1.23119
 11.61737 -1.23121
 11.61776 -1.23119
 11.61815 -1.23119
 11.61854 -1.23113
 11.61893 -1.23110
 11.61933 -1.23113
 11.61972 -1.23110
 11.62011 -1.23107
 11.62050 -1.23107
 11.62089 -1.23110
 11.62127 -1.23107
 11.62167 -1.23101
 11.62205 -1.23104
 11.62253 -1.23101
 11.62292 -1.23095
 11.62331 -1.23098
 11.62369 -1.23092
 11.62409 -1.23090
 11.62448 -1.23090
 11.62486 -1.23087
 11.62526 -1.23084
 11.62564 -1.23087
 11.62603 -1.23084
 11.62642 -1.23078
 11.62681 -1.23078
 11.62720 -1.23078
 11.62766 -1.23081
 11.62805 -1.23069
 11.62843 -1.23072
 11.62883 -1.23069
 11.62921 -1.23069
 11.62960 -1.23069
 11.62998 -1.23064
 11.63037 -1.23064
 11.63076 -1.23061
 11.63115 -1.23055
 11.63154 -1.23061
 11.63192 -1.23058
 11.63231 -1.23055
 11.63277 -1.23058
 11.63316 -1.23046
 11.63354 -1.23043
 11.63392 -1.23040
 11.63431 -1.23043
 11.63470 -1.23043
 11.63509 -1.23043
 11.63547 -1.23037
 11.63585 -1.23037
 11.63624 -1.23035
 11.63663 -1.23035
 11.63701 -1.23026
 11.63740 -1.23029
 11.63786 -1.23026
 11.63825 -1.23029
 11.63864 -1.23017
 11.63902 -1.23020
 11.63941 -1.23020
 11.63980 -1.23017
 11.64018 -1.23011
 11.64057 -1.23017
 11.64094 -1.23011
 11.64133 -1.23008
 11.64172 -1.23006
 11.64211 -1.23006
 11.64249 -1.23003
 11.64296 -1.23006
 11.64333 -1.23000
 11.64372 -1.23000
 11.64411 -1.22997
 11.64448 -1.22997
 11.64487 -1.22994
 11.64525 -1.22994
 11.64563 -1.22988
 11.64602 -1.22985
 11.64640 -1.22991
 11.64685 -1.22988
 11.64722 -1.22982
 11.64763 -1.22982
 11.64805 -1.22974
 11.64843 -1.22971
 11.64881 -1.22977
 11.64920 -1.22977
 11.64967 -1.22977
 11.65005 -1.22965
 11.65043 -1.22968
 11.65081 -1.22968
 11.65119 -1.22965
 11.65158 -1.22962
 11.65195 -1.22965
 11.65233 -1.22959
 11.65272 -1.22956
 11.65309 -1.22953
 11.65346 -1.22956
 11.65385 -1.22951
 11.65423 -1.22951
 11.65468 -1.22959
 11.65506 -1.22948
 11.65544 -1.22945
 11.65583 -1.22951
 11.65620 -1.22956
 11.65658 -1.22942
 11.65695 -1.22942
 11.65733 -1.22939
 11.65770 -1.22942
 11.65809 -1.22936
 11.65846 -1.22933
 11.65884 -1.22927
 11.65921 -1.22930
 11.65966 -1.22930
 11.66003 -1.22924
 11.66041 -1.22922
 11.66078 -1.22919
 11.66116 -1.22919
 11.66154 -1.22916
 11.66191 -1.22916
 11.66228 -1.22913
 11.66266 -1.22919
 11.66303 -1.22913
 11.66340 -1.22916
 11.66378 -1.22910
 11.66415 -1.22904
 11.66460 -1.22910
 11.66497 -1.22901
 11.66535 -1.22901
 11.66573 -1.22901
 11.66610 -1.22898
 11.66647 -1.22893
 11.66685 -1.22893
 11.66722 -1.22901
 11.66759 -1.22890
 11.66797 -1.22896
 11.66834 -1.22890
 11.66872 -1.22887
 11.66909 -1.22884
 11.66954 -1.22890
 11.66991 -1.22878
 11.67028 -1.22881
 11.67066 -1.22878
 11.67103 -1.22875
 11.67141 -1.22872
 11.67178 -1.22875
 11.67215 -1.22878
 11.67253 -1.22872
 11.67290 -1.22869
 11.67328 -1.22872
 11.67365 -1.22864
 11.67402 -1.22864
 11.67447 -1.22861
 11.67484 -1.22861
 11.67521 -1.22858
 11.67558 -1.22855
 11.67596 -1.22852
 11.67632 -1.22846
 11.67670 -1.22846
 11.67706 -1.22852
 11.67743 -1.22846
 11.67786 -1.22849
 11.67824 -1.22849
 11.67861 -1.22846
 11.67900 -1.22843
 11.67939 -1.22841
 11.67976 -1.22843
 11.68014 -1.22838
 11.68050 -1.22838
 11.68095 -1.22843
 11.68132 -1.22835
 11.68169 -1.22832
 11.68206 -1.22829
 11.68243 -1.22826
 11.68279 -1.22829
 11.68316 -1.22826
 11.68353 -1.22823
 11.68390 -1.22823
 11.68427 -1.22820
 11.68464 -1.22814
 11.68501 -1.22817
 11.68538 -1.22814
 11.68582 -1.22814
 11.68619 -1.22814
 11.68656 -1.22806
 11.68693 -1.22809
 11.68729 -1.22806
 11.68766 -1.22806
 11.68803 -1.22809
 11.68840 -1.22800
 11.68877 -1.22800
 11.68914 -1.22806
 11.68950 -1.22794
 11.68987 -1.22797
 11.69024 -1.22794
 11.69067 -1.22791
 11.69104 -1.22788
 11.69141 -1.22791
 11.69178 -1.22791
 11.69214 -1.22783
 11.69251 -1.22780
 11.69287 -1.22785
 11.69324 -1.22777
 11.69361 -1.22783
 11.69397 -1.22777
 11.69433 -1.22777
 11.69470 -1.22771
 11.69507 -1.22771
 11.69551 -1.22771
 11.69588 -1.22771
 11.69625 -1.22771
 11.69662 -1.22762
 11.69698 -1.22768
 11.69735 -1.22759
 11.69772 -1.22765
 11.69808 -1.22768
 11.69845 -1.22759
 11.69881 -1.22754
 11.69918 -1.22757
 11.69954 -1.22754
 11.69991 -1.22754
 11.70034 -1.22751
 11.70070 -1.22748
 11.70107 -1.22748
 11.70143 -1.22745
 11.70180 -1.22748
 11.70216 -1.22745
 11.70252 -1.22739
 11.70289 -1.22739
 11.70325 -1.22733
 11.70362 -1.22736
 11.70398 -1.22739
 11.70434 -1.22730
 11.70471 -1.22728
 11.70514 -1.22730
 11.70551 -1.22728
 11.70588 -1.22722
 11.70624 -1.22722
 11.70660 -1.22725
 11.70696 -1.22719
 11.70733 -1.22719
 11.70769 -1.22716
 11.70805 -1.22716
 11.70842 -1.22710
 11.70878 -1.22713
 11.70914 -1.22710
 11.70951 -1.22710
 11.70995 -1.22707
 11.71031 -1.22707
 11.71067 -1.22707
 11.71103 -1.22701
 11.71140 -1.22701
 11.71176 -1.22699
 11.71213 -1.22693
 11.71249 -1.22696
 11.71285 -1.22690
 11.71322 -1.22693
 11.71358 -1.22693
 11.71394 -1.22690
 11.71430 -1.22687
 11.71473 -1.22687
 11.71510 -1.22690
 11.71547 -1.22684
 11.71583 -1.22681
 11.71619 -1.22684
 11.71655 -1.22675
 11.71691 -1.22684
 11.71727 -1.22673
 11.71763 -1.22670
 11.71800 -1.22673
