This is Dataplot data file     CLARK3.DAT
Density of a Bose-particles cold gas
(This is a 1/5 decimated subset of CLARK2.DAT)
Charles Clark, Div. Chief: Electron & Optical Physics Div.
               Physics Laboratory, NIST
Date--1995
Response Variable = density of a cold gas of Bose particles
Number of observations = 2000
Number of variables per line image = 2
Order of variables per line image--
   1. Response variable = Bose gas density
   2. Factor 1          = X = distance?
Statistical areas--non-linear regression
                   (fit via Hermite polynomials)
To read this file into Dataplot--
      SKIP 25
      READ CLARK3.DAT Y X
      PLOT Y X
 
 
 
 
 
      Density                X
---------------------------------
7.0904733533777908e-01     0.000
7.0903822279162065e-01     0.005
7.0901609264255794e-01     0.010
7.0898094569105596e-01     0.015
7.0893278320849196e-01     0.020
7.0887160693722429e-01     0.025
7.0879741909068683e-01     0.030
7.0871022235350833e-01     0.035
7.0861001988165806e-01     0.040
7.0849681530261499e-01     0.045
7.0837061271556323e-01     0.050
7.0823141669161238e-01     0.055
7.0807923227404146e-01     0.060
7.0791406497856846e-01     0.065
7.0773592079364389e-01     0.070
7.0754480618076776e-01     0.075
7.0734072807483162e-01     0.080
7.0712369388448282e-01     0.085
7.0689371149251234e-01     0.090
7.0665078925626712e-01     0.095
7.0639493600808223e-01     0.100
7.0612616105573711e-01     0.105
7.0584447418293461e-01     0.110
7.0554988564979837e-01     0.115
7.0524240619339473e-01     0.120
7.0492204702827332e-01     0.125
7.0458881984702870e-01     0.130
7.0424273682088112e-01     0.135
7.0388381060027738e-01     0.140
7.0351205431551000e-01     0.145
7.0312748157735494e-01     0.150
7.0273010647772660e-01     0.155
7.0231994359035121e-01     0.160
7.0189700797145527e-01     0.165
7.0146131516047139e-01     0.170
7.0101288118075933e-01     0.175
7.0055172254034093e-01     0.180
7.0007785623265029e-01     0.185
6.9959129973729772e-01     0.190
6.9909207102084547e-01     0.195
6.9858018853759618e-01     0.200
6.9805567123039369e-01     0.205
6.9751853853143309e-01     0.210
6.9696881036308167e-01     0.215
6.9640650713870955e-01     0.220
6.9583164976352796e-01     0.225
6.9524425963543579e-01     0.230
6.9464435864587293e-01     0.235
6.9403196918067989e-01     0.240
6.9340711412096290e-01     0.245
6.9276981684396266e-01     0.250
6.9212010122392775e-01     0.255
6.9145799163299027e-01     0.260
6.9078351294204321e-01     0.265
6.9009669052161904e-01     0.270
6.8939755024276883e-01     0.275
6.8868611847793926e-01     0.280
6.8796242210184944e-01     0.285
6.8722648849236356e-01     0.290
6.8647834553136045e-01     0.295
6.8571802160559958e-01     0.300
6.8494554560757870e-01     0.305
6.8416094693638785e-01     0.310
6.8336425549855406e-01     0.315
6.8255550170887758e-01     0.320
6.8173471649125894e-01     0.325
6.8090193127951482e-01     0.330
6.8005717801818277e-01     0.335
6.7920048916331222e-01     0.340
6.7833189768324320e-01     0.345
6.7745143705936828e-01     0.350
6.7655914128688022e-01     0.355
6.7565504487550121e-01     0.360
6.7473918285019496e-01     0.365
6.7381159075185937e-01     0.370
6.7287230463799863e-01     0.375
6.7192136108337364e-01     0.380
6.7095879718063023e-01     0.385
6.6998465054090428e-01     0.390
6.6899895929440056e-01     0.395
6.6800176209094786e-01     0.400
6.6699309810052454e-01     0.405
6.6597300701375750e-01     0.410
6.6494152904239201e-01     0.415
6.6389870491973002e-01     0.420
6.6284457590103774e-01     0.425
6.6177918376392009e-01     0.430
6.6070257080866168e-01     0.435
6.5961477985853201e-01     0.440
6.5851585426005532e-01     0.445
6.5740583788324314e-01     0.450
6.5628477512178718e-01     0.455
6.5515271089321458e-01     0.460
6.5400969063900105e-01     0.465
6.5285576032464221e-01     0.470
6.5169096643968272e-01     0.475
6.5051535599770061e-01     0.480
6.4932897653624677e-01     0.485
6.4813187611673739e-01     0.490
6.4692410332430039e-01     0.495
6.4570570726757126e-01     0.500
6.4447673757844093e-01     0.505
6.4323724441175156e-01     0.510
6.4198727844494163e-01     0.515
6.4072689087763679e-01     0.520
6.3945613343118768e-01     0.525
6.3817505834815247e-01     0.530
6.3688371839172175e-01     0.535
6.3558216684508884e-01     0.540
6.3427045751075961e-01     0.545
6.3294864470980350e-01     0.550
6.3161678328104465e-01     0.555
6.3027492858019141e-01     0.560
6.2892313647890363e-01     0.565
6.2756146336379626e-01     0.570
6.2618996613537914e-01     0.575
6.2480870220693074e-01     0.580
6.2341772950330698e-01     0.585
6.2201710645968167e-01     0.590
6.2060689202021924e-01     0.595
6.1918714563667898e-01     0.600
6.1775792726694889e-01     0.605
6.1631929737350932e-01     0.610
6.1487131692182440e-01     0.615
6.1341404737866201e-01     0.620
6.1194755071033913e-01     0.625
6.1047188938089536e-01     0.630
6.0898712635018915e-01     0.635
6.0749332507192066e-01     0.640
6.0599054949157705e-01     0.645
6.0447886404430129e-01     0.650
6.0295833365268381e-01     0.655
6.0142902372447404e-01     0.660
5.9989100015021546e-01     0.665
5.9834432930079906e-01     0.670
5.9678907802493764e-01     0.675
5.9522531364655873e-01     0.680
5.9365310396211679e-01     0.685
5.9207251723782250e-01     0.690
5.9048362220679107e-01     0.695
5.8888648806610666e-01     0.700
5.8728118447380329e-01     0.705
5.8566778154576327e-01     0.710
5.8404634985253023e-01     0.715
5.8241696041603797e-01     0.720
5.8077968470625441e-01     0.725
5.7913459463774086e-01     0.730
5.7748176256612527e-01     0.735
5.7582126128448963e-01     0.740
5.7415316401967142e-01     0.745
5.7247754442847953e-01     0.750
5.7079447659382243e-01     0.755
5.6910403502075146e-01     0.760
5.6740629463241565e-01     0.765
5.6570133076593199e-01     0.770
5.6398921916816669e-01     0.775
5.6227003599143099e-01     0.780
5.6054385778908977e-01     0.785
5.5881076151108322e-01     0.790
5.5707082449936174e-01     0.795
5.5532412448323509e-01     0.800
5.5357073957463365e-01     0.805
5.5181074826328425e-01     0.810
5.5004422941179965e-01     0.815
5.4827126225068235e-01     0.820
5.4649192637324207e-01     0.825
5.4470630173042844e-01     0.830
5.4291446862557891e-01     0.835
5.4111650770908082e-01     0.840
5.3931249997295061e-01     0.845
5.3750252674532839e-01     0.850
5.3568666968488887e-01     0.855
5.3386501077516979e-01     0.860
5.3203763231881818e-01     0.865
5.3020461693175402e-01     0.870
5.2836604753725347e-01     0.875
5.2652200735995081e-01     0.880
5.2467257991976046e-01     0.885
5.2281784902572070e-01     0.890
5.2095789876975707e-01     0.895
5.1909281352036962e-01     0.900
5.1722267791624199e-01     0.905
5.1534757685977484e-01     0.910
5.1346759551054422e-01     0.915
5.1158281927868410e-01     0.920
5.0969333381819726e-01     0.925
5.0779922502019215e-01     0.930
5.0590057900604801e-01     0.935
5.0399748212051065e-01     0.940
5.0209002092471766e-01     0.945
5.0017828218915539e-01     0.950
4.9826235288654802e-01     0.955
4.9634232018468133e-01     0.960
4.9441827143916056e-01     0.965
4.9249029418610463e-01     0.970
4.9055847613477760e-01     0.975
4.8862290516015866e-01     0.980
4.8668366929545237e-01     0.985
4.8474085672453920e-01     0.990
4.8279455577436914e-01     0.995
4.8084485490729945e-01     1.000
4.7889184271337670e-01     1.005
4.7693560790256617e-01     1.010
4.7497623929692923e-01     1.015
4.7301382582275009e-01     1.020
4.7104845650261379e-01     1.025
4.6908022044743658e-01     1.030
4.6710920684845075e-01     1.035
4.6513550496914446e-01     1.040
4.6315920413715972e-01     1.045
4.6118039373614850e-01     1.050
4.5919916319759002e-01     1.055
4.5721560199256917e-01     1.060
4.5522979962352017e-01     1.065
4.5324184561593445e-01     1.070
4.5125182951003667e-01     1.075
4.4925984085242915e-01     1.080
4.4726596918770750e-01     1.085
4.4527030405004814e-01     1.090
4.4327293495477099e-01     1.095
4.4127395138987724e-01     1.100
4.3927344280756564e-01     1.105
4.3727149861572823e-01     1.110
4.3526820816942813e-01     1.115
4.3326366076235978e-01     1.120
4.3125794561829567e-01     1.125
4.2925115188251917e-01     1.130
4.2724336861324702e-01     1.135
4.2523468477304299e-01     1.140
4.2322518922022356e-01     1.145
4.2121497070025937e-01     1.150
4.1920411783717271e-01     1.155
4.1719271912493389e-01     1.160
4.1518086291885847e-01     1.165
4.1316863742700655e-01     1.170
4.1115613070158707e-01     1.175
4.0914343063036812e-01     1.180
4.0713062492809604e-01     1.185
4.0511780112792456e-01     1.190
4.0310504657285656e-01     1.195
4.0109244840720021e-01     1.200
3.9908009356804064e-01     1.205
3.9706806877673123e-01     1.210
3.9505646053040344e-01     1.215
3.9304535509350019e-01     1.220
3.9103483848933268e-01     1.225
3.8902499649166322e-01     1.230
3.8701591461631646e-01     1.235
3.8500767811282016e-01     1.240
3.8300037195607795e-01     1.245
3.8099408083807645e-01     1.250
3.7898888915962703e-01     1.255
3.7698488102214633e-01     1.260
3.7498214021947568e-01     1.265
3.7298075022974209e-01     1.270
3.7098079420726282e-01     1.275
3.6898235497449466e-01     1.280
3.6698551501403054e-01     1.285
3.6499035646064526e-01     1.290
3.6299696109339136e-01     1.295
3.6100541032774824e-01     1.300
3.5901578520782501e-01     1.305
3.5702816639861962e-01     1.310
3.5504263417833604e-01     1.315
3.5305926843076102e-01     1.320
3.5107814863770198e-01     1.325
3.4909935387148833e-01     1.330
3.4712296278753740e-01     1.335
3.4514905361698667e-01     1.340
3.4317770415939419e-01     1.345
3.4120899177550879e-01     1.350
3.3924299338011160e-01     1.355
3.3727978543493042e-01     1.360
3.3531944394162877e-01     1.365
3.3336204443487039e-01     1.370
3.3140766197546179e-01     1.375
3.2945637114357390e-01     1.380
3.2750824603204365e-01     1.385
3.2556336023975802e-01     1.390
3.2362178686512094e-01     1.395
3.2168359849960537e-01     1.400
3.1974886722139084e-01     1.405
3.1781766458908933e-01     1.410
3.1589006163555855e-01     1.415
3.1396612886180619e-01     1.420
3.1204593623098537e-01     1.425
3.1012955316248147e-01     1.430
3.0821704852609400e-01     1.435
3.0630849063631199e-01     1.440
3.0440394724668607e-01     1.445
3.0250348554429696e-01     1.450
3.0060717214432231e-01     1.455
2.9871507308470235e-01     1.460
2.9682725382090613e-01     1.465
2.9494377922079751e-01     1.470
2.9306471355960462e-01     1.475
2.9119012051499116e-01     1.480
2.8932006316223169e-01     1.485
2.8745460396949113e-01     1.490
2.8559380479321023e-01     1.495
2.8373772687359650e-01     1.500
2.8188643083022202e-01     1.505
2.8003997665772934e-01     1.510
2.7819842372164477e-01     1.515
2.7636183075430087e-01     1.520
2.7453025585086843e-01     1.525
2.7270375646549805e-01     1.530
2.7088238940757231e-01     1.535
2.6906621083806942e-01     1.540
2.6725527626603729e-01     1.545
2.6544964054518028e-01     1.550
2.6364935787055799e-01     1.555
2.6185448177539650e-01     1.560
2.6006506512801236e-01     1.565
2.5828116012885033e-01     1.570
2.5650281830763383e-01     1.575
2.5473009052062995e-01     1.580
2.5296302694802703e-01     1.585
2.5120167709142782e-01     1.590
2.4944608977145535e-01     1.595
2.4769631312547397e-01     1.600
2.4595239460542370e-01     1.605
2.4421438097576989e-01     1.610
2.4248231831156619e-01     1.615
2.4075625199663248e-01     1.620
2.3903622672184621e-01     1.625
2.3732228648354819e-01     1.630
2.3561447458206206e-01     1.635
2.3391283362032753e-01     1.640
2.3221740550264697e-01     1.645
2.3052823143354512e-01     1.650
2.2884535191674202e-01     1.655
2.2716880675423842e-01     1.660
2.2549863504551343e-01     1.665
2.2383487518683426e-01     1.670
2.2217756487067736e-01     1.675
2.2052674108526080e-01     1.680
2.1888244011418728e-01     1.685
2.1724469753619741e-01     1.690
2.1561354822503251e-01     1.695
2.1398902634940670e-01     1.700
2.1237116537308759e-01     1.705
2.1075999805508477e-01     1.710
2.0915555644994607e-01     1.715
2.0755787190816002e-01     1.720
2.0596697507666498e-01     1.725
2.0438289589946304e-01     1.730
2.0280566361833910e-01     1.735
2.0123530677368354e-01     1.740
1.9967185320541808e-01     1.745
1.9811533005402421e-01     1.750
1.9656576376167281e-01     1.755
1.9502318007345470e-01     1.760
1.9348760403871115e-01     1.765
1.9195906001246291e-01     1.770
1.9043757165693778e-01     1.775
1.8892316194319522e-01     1.780
1.8741585315284681e-01     1.785
1.8591566687987238e-01     1.790
1.8442262403253015e-01     1.795
1.8293674483536038e-01     1.800
1.8145804883128086e-01     1.805
1.7998655488377402e-01     1.810
1.7852228117916380e-01     1.815
1.7706524522898209e-01     1.820
1.7561546387242280e-01     1.825
1.7417295327888291e-01     1.830
1.7273772895058928e-01     1.835
1.7130980572531038e-01     1.840
1.6988919777915126e-01     1.845
1.6847591862943090e-01     1.850
1.6706998113764090e-01     1.855
1.6567139751248405e-01     1.860
1.6428017931299185e-01     1.865
1.6289633745171958e-01     1.870
1.6151988219801769e-01     1.875
1.6015082318137844e-01     1.880
1.5878916939485652e-01     1.885
1.5743492919856242e-01     1.890
1.5608811032322692e-01     1.895
1.5474871987383609e-01     1.900
1.5341676433333520e-01     1.905
1.5209224956640008e-01     1.910
1.5077518082327476e-01     1.915
1.4946556274367462e-01     1.920
1.4816339936075282e-01     1.925
1.4686869410512937e-01     1.930
1.4558144980898158e-01     1.935
1.4430166871019393e-01     1.940
1.4302935245656692e-01     1.945
1.4176450211008279e-01     1.950
1.4050711815122746e-01     1.955
1.3925720048336671e-01     1.960
1.3801474843717593e-01     1.965
1.3677976077512166e-01     1.970
1.3555223569599373e-01     1.975
1.3433217083948670e-01     1.980
1.3311956329082936e-01     1.985
1.3191440958546069e-01     1.990
1.3071670571375110e-01     1.995
1.2952644712576797e-01     2.000
1.2834362873608351e-01     2.005
1.2716824492862402e-01     2.010
1.2600028956155931e-01     2.015
1.2483975597223067e-01     2.020
1.2368663698211634e-01     2.025
1.2254092490183292e-01     2.030
1.2140261153617174e-01     2.035
1.2027168818916850e-01     2.040
1.1914814566920519e-01     2.045
1.1803197429414296e-01     2.050
1.1692316389648441e-01     2.055
1.1582170382856431e-01     2.060
1.1472758296776746e-01     2.065
1.1364078972177200e-01     2.070
1.1256131203381757e-01     2.075
1.1148913738799658e-01     2.080
1.1042425281456748e-01     2.085
1.0936664489528880e-01     2.090
1.0831629976877272e-01     2.095
1.0727320313585702e-01     2.100
1.0623734026499405e-01     2.105
1.0520869599765563e-01     2.110
1.0418725475375254e-01     2.115
1.0317300053706771e-01     2.120
1.0216591694070155e-01     2.125
1.0116598715252852e-01     2.130
1.0017319396066365e-01     2.135
9.9187519758937956e-02     2.140
9.8208946552381493e-02     2.145
9.7237455962713007e-02     2.150
9.6273029233835114e-02     2.155
9.5315647237333698e-02     2.160
9.4365290477980701e-02     2.165
9.3421939099238960e-02     2.170
9.2485572888768228e-02     2.175
9.1556171283931190e-02     2.180
9.0633713377298475e-02     2.185
8.9718177922151643e-02     2.190
8.8809543337983049e-02     2.195
8.7907787715991628e-02     2.200
8.7012888824573670e-02     2.205
8.6124824114807402e-02     2.210
8.5243570725930626e-02     2.215
8.4369105490810253e-02     2.220
8.3501404941402943e-02     2.225
8.2640445314205835e-02     2.230
8.1786202555696477e-02     2.235
8.0938652327760915e-02     2.240
8.0097770013109346e-02     2.245
7.9263530720678141e-02     2.250
7.8435909291017486e-02     2.255
7.7614880301663816e-02     2.260
7.6800418072496227e-02     2.265
7.5992496671075965e-02     2.270
7.5191089917968093e-02     2.275
7.4396171392044838e-02     2.280
7.3607714435769411e-02     2.285
7.2825692160460004e-02     2.290
7.2050077451532718e-02     2.295
7.1280842973723099e-02     2.300
7.0517961176285185e-02     2.305
6.9761404298167726e-02     2.310
6.9011144373166536e-02     2.315
6.8267153235052433e-02     2.320
6.7529402522674184e-02     2.325
6.6797863685035583e-02     2.330
6.6072507986346243e-02     2.335
6.5353306511045262e-02     2.340
6.4640230168797233e-02     2.345
6.3933249699460099e-02     2.350
6.3232335678024054e-02     2.355
6.2537458519521083e-02     2.360
6.1848588483904482e-02     2.365
6.1165695680897858e-02     2.370
6.0488750074813039e-02     2.375
5.9817721489336423e-02     2.380
5.9152579612283158e-02     2.385
5.8493294000318795e-02     2.390
5.7839834083647831e-02     2.395
5.7192169170668695e-02     2.400
5.6550268452594733e-02     2.405
5.5914101008040784e-02     2.410
5.5283635807574838e-02     2.415
5.4658841718234451e-02     2.420
5.4039687508007438e-02     2.425
5.3426141850276526e-02     2.430
5.2818173328227538e-02     2.435
5.2215750439220769e-02     2.440
5.1618841599125193e-02     2.445
5.1027415146615213e-02     2.450
5.0441439347429513e-02     2.455
4.9860882398591891e-02     2.460
4.9285712432593526e-02     2.465
4.8715897521536621e-02     2.470
4.8151405681239032e-02     2.475
4.7592204875299624e-02     2.480
4.7038263019124150e-02     2.485
4.6489547983911347e-02     2.490
4.5946027600599078e-02     2.495
4.5407669663770321e-02     2.500
4.4874441935518726e-02     2.505
4.4346312149273572e-02     2.510
4.3823248013584060e-02     2.515
4.3305217215862564e-02     2.520
4.2792187426086842e-02     2.525
4.2284126300461043e-02     2.530
4.1781001485035288e-02     2.535
4.1282780619283747e-02     2.540
4.0789431339641156e-02     2.545
4.0300921282997615e-02     2.550
3.9817218090151492e-02     2.555
3.9338289409220531e-02     2.560
3.8864102899010954e-02     2.565
3.8394626232344485e-02     2.570
3.7929827099343352e-02     2.575
3.7469673210673141e-02     2.580
3.7014132300743470e-02     2.585
3.6563172130866496e-02     2.590
3.6116760492373161e-02     2.595
3.5674865209687295e-02     2.600
3.5237454143357480e-02     2.605
3.4804495193046688e-02     2.610
3.4375956300479814e-02     2.615
3.3951805452348910e-02     2.620
3.3532010683176516e-02     2.625
3.3116540078136726e-02     2.630
3.2705361775834378e-02     2.635
3.2298443971042229e-02     2.640
3.1895754917396234e-02     2.645
3.1497262930049043e-02     2.650
3.1102936388281818e-02     2.655
3.0712743738074366e-02     2.660
3.0326653494633756e-02     2.665
2.9944634244881543e-02     2.670
2.9566654649899670e-02     2.675
2.9192683447335197e-02     2.680
2.8822689453763966e-02     2.685
2.8456641567013365e-02     2.690
2.8094508768444309e-02     2.695
2.7736260125192570e-02     2.700
2.7381864792369700e-02     2.705
2.7031292015223567e-02     2.710
2.6684511131258800e-02     2.715
2.6341491572317233e-02     2.720
2.6002202866618578e-02     2.725
2.5666614640761483e-02     2.730
2.5334696621685162e-02     2.735
2.5006418638591817e-02     2.740
2.4681750624830037e-02     2.745
2.4360662619739376e-02     2.750
2.4043124770456333e-02     2.755
2.3729107333681932e-02     2.760
2.3418580677411149e-02     2.765
2.3111515282624402e-02     2.770
2.2807881744941281e-02     2.775
2.2507650776236864e-02     2.780
2.2210793206220752e-02     2.785
2.1917279983979125e-02     2.790
2.1627082179480030e-02     2.795
2.1340170985042182e-02     2.800
2.1056517716767507e-02     2.805
2.0776093815937712e-02     2.810
2.0498870850375130e-02     2.815
2.0224820515768075e-02     2.820
1.9953914636961025e-02     2.825
1.9686125169209895e-02     2.830
1.9421424199402643e-02     2.835
1.9159783947245521e-02     2.840
1.8901176766415201e-02     2.845
1.8645575145677159e-02     2.850
1.8392951709970476e-02     2.855
1.8143279221459460e-02     2.860
1.7896530580552277e-02     2.865
1.7652678826886987e-02     2.870
1.7411697140285183e-02     2.875
1.7173558841673611e-02     2.880
1.6938237393974005e-02     2.885
1.6705706402961502e-02     2.890
1.6475939618091871e-02     2.895
1.6248910933297923e-02     2.900
1.6024594387755393e-02     2.905
1.5802964166618558e-02     2.910
1.5583994601725954e-02     2.915
1.5367660172276506e-02     2.920
1.5153935505476310e-02     2.925
1.4942795377156490e-02     2.930
1.4734214712362347e-02     2.935
1.4528168585914160e-02     2.940
1.4324632222939978e-02     2.945
1.4123580999380651e-02     2.950
1.3924990442467504e-02     2.955
1.3728836231172881e-02     2.960
1.3535094196633974e-02     2.965
1.3343740322550176e-02     2.970
1.3154750745554309e-02     2.975
1.2968101755558079e-02     2.980
1.2783769796072002e-02     2.985
1.2601731464500209e-02     2.990
1.2421963512410395e-02     2.995
1.2244442845779231e-02     3.000
1.2069146525213603e-02     3.005
1.1896051766147954e-02     3.010
1.1725135939018069e-02     3.015
1.1556376569411626e-02     3.020
1.1389751338195826e-02     3.025
1.1225238081622424e-02     3.030
1.1062814791410469e-02     3.035
1.0902459614807106e-02     3.040
1.0744150854626704e-02     3.045
1.0587866969268679e-02     3.050
1.0433586572714291e-02     3.055
1.0281288434502754e-02     3.060
1.0130951479686965e-02     3.065
9.9825547887691605e-03     3.070
9.8360775976168227e-03     3.075
9.6914992973591539e-03     3.080
9.5487994342643937e-03     3.085
9.4079577095983399e-03     3.090
9.2689539794643481e-03     3.095
9.1317682546251267e-03     3.100
8.9963807003066287e-03     3.105
8.8627716359843470e-03     3.110
8.7309215351523365e-03     3.115
8.6008110250752248e-03     3.120
8.4724208865235556e-03     3.125
8.3457320534927187e-03     3.130
8.2207256129058180e-03     3.135
8.0973828043007165e-03     3.140
7.9756850195015997e-03     3.145
7.8556138022753217e-03     3.150
7.7371508479728394e-03     3.155
7.6202780031560165e-03     3.160
7.5049772652100860e-03     3.165
7.3912307819420618e-03     3.170
7.2790208511653819e-03     3.175
7.1683299202710583e-03     3.180
7.0591405857856268e-03     3.185
6.9514355929161569e-03     3.190
6.8451978350826228e-03     3.195
6.7404103534378836e-03     3.200
6.6370563363755677e-03     3.205
6.5351191190261152e-03     3.210
6.4345821827412582e-03     3.215
6.3354291545671942e-03     3.220
6.2376438067067285e-03     3.225
6.1412100559706433e-03     3.230
6.0461119632185456e-03     3.235
5.9523337327894634e-03     3.240
5.8598597119224440e-03     3.245
5.7686743901673946e-03     3.250
5.6787623987864357e-03     3.255
5.5901085101460000e-03     3.260
5.5026976370999370e-03     3.265
5.4165148323638531e-03     3.270
5.3315452878809465e-03     3.275
5.2477743341795592e-03     3.280
5.1651874397226896e-03     3.285
5.0837702102497139e-03     3.290
5.0035083881105327e-03     3.295
4.9243878515923727e-03     3.300
4.8463946142394861e-03     3.305
4.7695148241659593e-03     3.310
4.6937347633618639e-03     3.315
4.6190408469929632e-03     3.320
4.5454196226942002e-03     3.325
4.4728577698571782e-03     3.330
4.4013420989118439e-03     3.335
4.3308595506026028e-03     3.340
4.2613971952590469e-03     3.345
4.1929422320615313e-03     3.350
4.1254819883017775e-03     3.355
4.0590039186387279e-03     3.360
3.9934956043498372e-03     3.365
3.9289447525779888e-03     3.370
3.8653391955742692e-03     3.375
3.8026668899367368e-03     3.380
3.7409159158454221e-03     3.385
3.6800744762937225e-03     3.390
3.6201308963163831e-03     3.395
3.5728144570217721e-03     3.400
3.5144561069400128e-03     3.405
3.4569617993265391e-03     3.410
3.4003203490734143e-03     3.415
3.3445206883070395e-03     3.420
3.2895518656140869e-03     3.425
3.2354030452648877e-03     3.430
3.1820635064344341e-03     3.435
3.1295226424211250e-03     3.440
3.0777699598634901e-03     3.445
3.0267950779549820e-03     3.450
2.9765877276570303e-03     3.455
2.9271377509105354e-03     3.460
2.8784350998458819e-03     3.465
2.8304698359917168e-03     3.470
2.7832321294825732e-03     3.475
2.7367122582655037e-03     3.480
2.6909006073058800e-03     3.485
2.6457876677924942e-03     3.490
2.6013640363421043e-03     3.495
2.5576204142035304e-03     3.500
2.5145476064615045e-03     3.505
2.4721365212403241e-03     3.510
2.4303781689075116e-03     3.515
2.3892636612775479e-03     3.520
2.3487842108158709e-03     3.525
2.3089311298431811e-03     3.530
2.2696958297402669e-03     3.535
2.2310698201533823e-03     3.540
2.1930447082003559e-03     3.545
2.1556121976775283e-03     3.550
2.1187640882675946e-03     3.555
2.0824922747485364e-03     3.560
2.0467887462036721e-03     3.565
2.0116455852329895e-03     3.570
1.9770549671658281e-03     3.575
1.9430091592750433e-03     3.580
1.9095005199927207e-03     3.585
1.8765214981275617e-03     3.590
1.8440646320840336e-03     3.595
1.8121225490833567e-03     3.600
1.7806879643864509e-03     3.605
1.7497536805189070e-03     3.610
1.7193125864980847e-03     3.615
1.6893576570624071e-03     3.620
1.6598819519029605e-03     3.625
1.6308786148974532e-03     3.630
1.6023408733466281e-03     3.635
1.5742620372132137e-03     3.640
1.5466354983634687e-03     3.645
1.5194547298114113e-03     3.650
1.4927132849658063e-03     3.655
1.4664047968799580e-03     3.660
1.4405229775044145e-03     3.665
1.4150616169426129e-03     3.670
1.3900145827095583e-03     3.675
1.3653758189935790e-03     3.680
1.3411393459212414e-03     3.685
1.3172992588254627e-03     3.690
1.2938497275168934e-03     3.695
1.2707849955586230e-03     3.700
1.2480993795442588e-03     3.705
1.2257872683794416e-03     3.710
1.2038431225668365e-03     3.715
1.1822614734946651e-03     3.720
1.1610369227288038e-03     3.725
1.1401641413085271e-03     3.730
1.1196378690459107e-03     3.735
1.0994529138289547e-03     3.740
1.0796041509284707e-03     3.745
1.0600865223087594e-03     3.750
1.0408950359421390e-03     3.755
1.0220247651273381e-03     3.760
1.0034708478118156e-03     3.765
9.8522848591801426e-04     3.770
9.6729294467361453e-04     3.775
9.4965955194578459e-04     3.780
9.3232369757949264e-04     3.785
9.1528083273988245e-04     3.790
8.9852646925876105e-04     3.795
8.8205617898521184e-04     3.800
8.6586559314036956e-04     3.805
8.4995040167636896e-04     3.810
8.3430635263950911e-04     3.815
8.1892925153763309e-04     3.820
8.0381496071176234e-04     3.825
7.8895939871199484e-04     3.830
7.7435853967769387e-04     3.835
7.6000841272197113e-04     3.840
7.4590510132049913e-04     3.845
7.3204474270465326e-04     3.850
7.1842352725900104e-04     3.855
7.0503769792315638e-04     3.860
6.9188354959800677e-04     3.865
6.7895742855632367e-04     3.870
6.6625573185776898e-04     3.875
6.5377490676830289e-04     3.880
6.4151145018400649e-04     3.885
6.2946190805931665e-04     3.890
6.1762287483969240e-04     3.895
6.0599099289870568e-04     3.900
5.9456295197956449e-04     3.905
5.8333548864107816e-04     3.910
5.7230538570805561e-04     3.915
5.6146947172614891e-04     3.920
5.5082462042113471e-04     3.925
5.4036775016263615e-04     3.930
5.3009582343229128e-04     3.935
5.2000584629634825e-04     3.940
5.1009486788270852e-04     3.945
5.0035997986239166e-04     3.950
4.9079831593543664e-04     3.955
4.8140705132122027e-04     3.960
4.7218340225319721e-04     3.965
4.6312462547804998e-04     3.970
4.5422801775924220e-04     3.975
4.4549091538497322e-04     3.980
4.3691069368051623e-04     3.985
4.2848476652493828e-04     3.990
4.2021058587219041e-04     3.995
4.1208564127655944e-04     4.000
4.0410745942246514e-04     4.005
3.9627360365859733e-04     4.010
3.8858167353638030e-04     4.015
3.8102930435274793e-04     4.020
3.7361416669722030e-04     4.025
3.6633396600326646e-04     4.030
3.5918644210394270e-04     4.035
3.5216936879178281e-04     4.040
3.4528055338293811e-04     4.045
3.3851783628554069e-04     4.050
3.3187909057227731e-04     4.055
3.2536222155716269e-04     4.060
3.1896516637648523e-04     4.065
3.1268589357391738e-04     4.070
3.0652240268976618e-04     4.075
3.0047272385434927e-04     4.080
2.9453491738547807e-04     4.085
2.8870707339002509e-04     4.090
2.8298731136956181e-04     4.095
2.7737377983004334e-04     4.100
2.7186465589551978e-04     4.105
2.6645814492585904e-04     4.110
2.6115248013845093e-04     4.115
2.5594592223388295e-04     4.120
2.5083675902555611e-04     4.125
2.4582330507322698e-04     4.130
2.4090390132044880e-04     4.135
2.3607691473589268e-04     4.140
2.3134073795852460e-04     4.145
2.2669378894661863e-04     4.150
2.2213451063057596e-04     4.155
2.1766137056953932e-04     4.160
2.1327286061176496e-04     4.165
2.0896749655873966e-04     4.170
2.0474381783301476e-04     4.175
2.0060038714973146e-04     4.180
1.9653579019181659e-04     4.185
1.9254863528882452e-04     4.190
1.8863755309939630e-04     4.195
1.8480119629731757e-04     4.200
1.8103823926114552e-04     4.205
1.7734737776738317e-04     4.210
1.7372732868717281e-04     4.215
1.7017682968648804e-04     4.220
1.6669463892979205e-04     4.225
1.6327953478714621e-04     4.230
1.5993031554473343e-04     4.235
1.5664579911877911e-04     4.240
1.5342482277283661e-04     4.245
1.5026624283841932e-04     4.250
1.4716893443894596e-04     4.255
1.4413179121697823e-04     4.260
1.4115372506472287e-04     4.265
1.3823366585777273e-04     4.270
1.3537056119205856e-04     4.275
1.3256337612399074e-04     4.280
1.2981109291375828e-04     4.285
1.2711271077176338e-04     4.290
1.2446724560816400e-04     4.295
1.2187372978549743e-04     4.300
1.1933121187436064e-04     4.305
1.1683875641211898e-04     4.310
1.1439544366461816e-04     4.315
1.1200036939087375e-04     4.320
1.0965264461071053e-04     4.325
1.0735139537532730e-04     4.330
1.0509576254075912e-04     4.335
1.0288490154421287e-04     4.340
1.0071798218324730e-04     4.345
9.8594188397775718e-05     4.350
9.6512718054859997e-05     4.355
9.4472782736274626e-05     4.360
9.2473607528812191e-05     4.365
9.0514430817304921e-05     4.370
8.8594504080337935e-05     4.375
8.6713091688625288e-05     4.380
8.4869470706027450e-05     4.385
8.3062930693180332e-05     4.390
8.1292773513713375e-05     4.395
7.9558313143029803e-05     4.400
7.7858875479624138e-05     4.405
7.6193798158911380e-05     4.410
7.4562430369543736e-05     4.415
7.2964132672187433e-05     4.420
7.1398276820737607e-05     4.425
6.9864245585944180e-05     4.430
6.8361432581424733e-05     4.435
6.6889242092039452e-05     4.440
6.5447088904604190e-05     4.445
6.4034398140916398e-05     4.450
6.2650605093069554e-05     4.455
6.1295155061032511e-05     4.460
5.9967503192469229e-05     4.465
5.8667114324775171e-05     4.470
5.7393462829305376e-05     4.475
5.6146032457772378e-05     4.480
5.4924316190788468e-05     4.485
5.3727816088530096e-05     4.490
5.2556043143500372e-05     4.495
5.1408517135366538e-05     4.500
5.0284766487849551e-05     4.505
4.9184328127642728e-05     4.510
4.8106747345336037e-05     4.515
4.7051577658324726e-05     4.520
4.6018380675678126e-05     4.525
4.5006725964947535e-05     4.530
4.4016190920890066e-05     4.535
4.3046360636086946e-05     4.540
4.2096827773433672e-05     4.545
4.1167192440481391e-05     4.550
4.0257062065606077e-05     4.555
3.9366051275985948e-05     4.560
3.8493781777363988e-05     4.565
3.7639882235575613e-05     4.570
3.6803988159820314e-05     4.575
3.5985741787655499e-05     4.580
3.5184791971692790e-05     4.585
3.4400794067975737e-05     4.590
3.3633409826018731e-05     4.595
3.2882307280486491e-05     4.600
3.2147160644494630e-05     4.605
3.1427650204510617e-05     4.610
3.0723462216836132e-05     4.615
3.0034288805650684e-05     4.620
2.9359827862596934e-05     4.625
2.8699782947889187e-05     4.630
2.8053863192924830e-05     4.635
2.7421783204380864e-05     4.640
2.6803262969775534e-05     4.645
2.6198027764477833e-05     4.650
2.5605808060144835e-05     4.655
2.5026339434569909e-05     4.660
2.4459362482922734e-05     4.665
2.3904622730363505e-05     4.670
2.3361870546013655e-05     4.675
2.2830861058264850e-05     4.680
2.2311354071409423e-05     4.685
2.1803113983574340e-05     4.690
2.1305909705942087e-05     4.695
2.0819514583240858e-05     4.700
2.0343706315487541e-05     4.705
1.9878266880966787e-05     4.710
1.9422982460429544e-05     4.715
1.8977643362494852e-05     4.720
1.8542043950238193e-05     4.725
1.8115982568951192e-05     4.730
1.7699261475055828e-05     4.735
1.7291686766158229e-05     4.740
1.6893068312226033e-05     4.745
1.6503219687873868e-05     4.750
1.6121958105742025e-05     4.755
1.5749104350952912e-05     4.760
1.5384482716630587e-05     4.765
1.5027920940468291e-05     4.770
1.4679250142329814e-05     4.775
1.4338304762869603e-05     4.780
1.4004922503157837e-05     4.785
1.3678944265296146e-05     4.790
1.3360214094009754e-05     4.795
1.3048579119202388e-05     4.800
1.2743889499460380e-05     4.805
1.2445998366492002e-05     4.810
1.2154761770488919e-05     4.815
1.1870038626396649e-05     4.820
1.1591690661080435e-05     4.825
1.1319582361373966e-05     4.830
1.1053580922998188e-05     4.835
1.0793556200337066e-05     4.840
1.0539380657058371e-05     4.845
1.0290929317566661e-05     4.850
1.0048079719276478e-05     4.855
9.8107118656935600e-06     4.860
9.5787081802921492e-06     4.865
9.3519534611765963e-06     4.870
9.1303348365155739e-06     4.875
8.9137417207374511e-06     4.880
8.7020657714752927e-06     4.885
8.4952008472503463e-06     4.890
8.2930429658828742e-06     4.895
8.0954902636193316e-06     4.900
7.9024429549650946e-06     4.905
7.7138032932119053e-06     4.910
7.5294755316496192e-06     4.915
7.3493658854516762e-06     4.920
7.1733824942239954e-06     4.925
7.0014353852072185e-06     4.930
6.8334364371220181e-06     4.935
6.6692993446477413e-06     4.940
6.5089395835245215e-06     4.945
6.3522743762690968e-06     4.950
6.1992226584948499e-06     4.955
6.0497050458266502e-06     4.960
5.9036438014011273e-06     4.965
5.7609628039431511e-06     4.970
5.6215875164095732e-06     4.975
5.4854449551911954e-06     4.980
5.3524636598640308e-06     4.985
5.2225736634813413e-06     4.990
5.0957064633977087e-06     4.995
4.9717949926166205e-06     5.000
4.8507735916533316e-06     5.005
4.7325779809046341e-06     5.010
4.6171452335173248e-06     5.015
4.5044137487475514e-06     5.020
4.3943232258028020e-06     5.025
4.2868146381589814e-06     5.030
4.1818302083447016e-06     5.035
4.0793133831851716e-06     5.040
3.9792088094983087e-06     5.045
3.8814623102354988e-06     5.050
3.7860208610598306e-06     5.055
3.6928325673545537e-06     5.060
3.6018466416546388e-06     5.065
3.5130133814945269e-06     5.070
3.4262841476650707e-06     5.075
3.3416113428729172e-06     5.080
3.2589483907956306e-06     5.085
3.1782497155259409e-06     5.090
3.0994707213985541e-06     5.095
3.0225677731932179e-06     5.100
2.9474981767075617e-06     5.105
2.8742201596936229e-06     5.110
2.8026928531518108e-06     5.115
2.7328762729762944e-06     5.120
2.6647313019458267e-06     5.125
2.5982196720541760e-06     5.130
2.5333039471742715e-06     5.135
2.4699475060504497e-06     5.140
2.4081145256131565e-06     5.145
2.3477699646105004e-06     5.150
2.2888795475513073e-06     5.155
2.2314097489541811e-06     5.160
2.1753277778974022e-06     5.165
2.1206015628643374e-06     5.170
2.0671997368792733e-06     5.175
2.0150916229286453e-06     5.180
1.9642472196626098e-06     5.185
1.9146371873721013e-06     5.190
1.8662328342365652e-06     5.195
1.8190061028375201e-06     5.200
1.7729295569333844e-06     5.205
1.7279763684908571e-06     5.210
1.6841203049683688e-06     5.215
1.6413357168471183e-06     5.220
1.5995975254053056e-06     5.225
1.5588812107311917e-06     5.230
1.5191627999707951e-06     5.235
1.4804188558059476e-06     5.240
1.4426264651586509e-06     5.245
1.4057632281176247e-06     5.250
1.3698072470830612e-06     5.255
1.3347371161256559e-06     5.260
1.3005319105560369e-06     5.265
1.2671711767007874e-06     5.270
1.2346349218812897e-06     5.275
1.2029036045917318e-06     5.280
1.1719581248726395e-06     5.285
1.1417798148763389e-06     5.290
1.1123504296208686e-06     5.295
1.0836521379288661e-06     5.300
1.0556675135480345e-06     5.305
1.0283795264498512e-06     5.310
1.0017715343032138e-06     5.315
9.7582727411981777e-07     5.320
9.5053085406804306e-07     5.325
9.2586674545226166e-07     5.330
9.0181977485446634e-07     5.335
8.7837511643520074e-07     5.340
8.5551828439081671e-07     5.345
8.3323512556412253e-07     5.350
8.1151181220558035e-07     5.355
7.9033483488217076e-07     5.360
7.6969099553119380e-07     5.365
7.4956740065624788e-07     5.370
7.2995145466270511e-07     5.375
7.1083085333003542e-07     5.380
6.9219357741840464e-07     5.385
6.7402788640696255e-07     5.390
6.5632231236134511e-07     5.395
6.3906565392789354e-07     5.400
6.2224697045219867e-07     5.405
6.0585557621956936e-07     5.410
5.8988103481508644e-07     5.415
5.7431315360095602e-07     5.420
5.5914197830888210e-07     5.425
5.4435778774526004e-07     5.430
5.2995108860699930e-07     5.435
5.1591261040582038e-07     5.440
5.0223330049895156e-07     5.445
4.8890431922412205e-07     5.450
4.7591703513684302e-07     5.455
4.6326302034797472e-07     5.460
4.5093404595960885e-07     5.465
4.3892207759735959e-07     5.470
4.2721927103715027e-07     5.475
4.1581796792465458e-07     5.480
4.0471069158555848e-07     5.485
3.9389014292485100e-07     5.490
3.8334919641339136e-07     5.495
3.7308089616001625e-07     5.500
3.6307845206748993e-07     5.505
3.5333523607063920e-07     5.510
3.4384477845502950e-07     5.515
3.3460076425457576e-07     5.520
3.2559702972651887e-07     5.525
3.1682755890220644e-07     5.530
3.0828648021216927e-07     5.535
2.9996806318399733e-07     5.540
2.9186671521154682e-07     5.545
2.8397697839404568e-07     5.550
2.7629352644368340e-07     5.555
2.6881116166030089e-07     5.560
2.6152481197181923e-07     5.565
2.5442952803907735e-07     5.570
2.4752048042376177e-07     5.575
2.4079295681814960e-07     5.580
2.3424235933540188e-07     5.585
2.2786420185916968e-07     5.590
2.2165410745129542e-07     5.595
2.1560780581642678e-07     5.600
2.0972113082236128e-07     5.605
2.0399001807498923e-07     5.610
1.9841050254669593e-07     5.615
1.9297871625713141e-07     5.620
1.8769088600525581e-07     5.625
1.8254333115160143e-07     5.630
1.7753246144971323e-07     5.635
1.7265477492573658e-07     5.640
1.6790685580516178e-07     5.645
1.6328537248572950e-07     5.650
1.5878707555554340e-07     5.655
1.5440879585543791e-07     5.660
1.5014744258467594e-07     5.665
1.4600000144906573e-07     5.670
1.4196353285060818e-07     5.675
1.3803517011779591e-07     5.680
1.3421211777570895e-07     5.685
1.3049164985506483e-07     5.690
1.2687110823940282e-07     5.695
1.2334790104958667e-07     5.700
1.1991950106484063e-07     5.705
1.1658344417953864e-07     5.710
1.1333732789498518e-07     5.715
1.1017880984544156e-07     5.720
1.0710560635766707e-07     5.725
1.0411549104325723e-07     5.730
1.0120629342307419e-07     5.735
9.8375897583084329e-08     5.740
9.5622240860923882e-08     5.745
9.2943312562533487e-08     5.750
9.0337152708211413e-08     5.755
8.7801850807451474e-08     5.760
8.5335544661941165e-08     5.765
8.2936419196111719e-08     5.770
8.0602705314640393e-08     5.775
7.8332678786319704e-08     5.780
7.6124659153721295e-08     5.785
7.3977008668087527e-08     5.790
7.1888131248905608e-08     5.795
6.9856471467620620e-08     5.800
6.7880513554959765e-08     5.805
6.5958780431348919e-08     5.810
6.4089832759917448e-08     5.815
6.2272268021588497e-08     5.820
6.0504719611775037e-08     5.825
5.8785855958197913e-08     5.830
5.7114379659364913e-08     5.835
5.5489026643249171e-08     5.840
5.3908565345720640e-08     5.845
5.2371795908294385e-08     5.850
5.0877549394760598e-08     5.855
4.9424687026282377e-08     5.860
4.8012099434543733e-08     5.865
4.6638705932548897e-08     5.870
4.5303453802675335e-08     5.875
4.4005317601594551e-08     5.880
4.2743298481684592e-08     5.885
4.1516423528559007e-08     5.890
4.0323745114355032e-08     5.895
3.9164340266421040e-08     5.900
3.8037310051059845e-08     5.905
3.6941778971984570e-08     5.910
3.5876894383155364e-08     5.915
3.4841825915671808e-08     5.920
3.3835764918399487e-08     5.925
3.2857923912022577e-08     5.930
3.1907536056211801e-08     5.935
3.0983854629613342e-08     5.940
3.0086152522363443e-08     5.945
2.9213721740843083e-08     5.950
2.8365872924392224e-08     5.955
2.7541934873710030e-08     5.960
2.6741254090672537e-08     5.965
2.5963194329304825e-08     5.970
2.5207136157651088e-08     5.975
2.4472476530292238e-08     5.980
2.3758628371263598e-08     5.985
2.3065020167133829e-08     5.990
2.2391095570008253e-08     5.995
2.1736313010228377e-08     6.000
2.1100145318540458e-08     6.005
2.0482079357514538e-08     6.010
1.9881615661997748e-08     6.015
1.9298268088391578e-08     6.020
1.8731563472546855e-08     6.025
1.8181041296075270e-08     6.030
1.7646253360880405e-08     6.035
1.7126763471714987e-08     6.040
1.6622147126576751e-08     6.045
1.6131991214758321e-08     6.050
1.5655893722370688e-08     6.055
1.5193463445164456e-08     6.060
1.4744319708476641e-08     6.065
1.4308092094134214e-08     6.070
1.3884420174150019e-08     6.075
1.3472953251050471e-08     6.080
1.3073350104676661e-08     6.085
1.2685278745306084e-08     6.090
1.2308416172943776e-08     6.095
1.1942448142636680e-08     6.100
1.1587068935666637e-08     6.105
1.1241981136482327e-08     6.110
1.0906895415232161e-08     6.115
1.0581530315764847e-08     6.120
1.0265612048965679e-08     6.125
9.9588742913006007e-09     6.130
9.6610579884432544e-09     6.135
9.3719111638618978e-09     6.140
9.0911887322471770e-09     6.145
8.8186523176636142e-09     6.150
8.5540700763106499e-09     6.155
8.2972165237815428e-09     6.160
8.0478723667114474e-09     6.165
7.8058243387076595e-09     6.170
7.5708650404584431e-09     6.175
7.3427927839183666e-09     6.180
7.1214114404710797e-09     6.185
6.9065302929723432e-09     6.190
6.6979638915786643e-09     6.195
6.4955319132688327e-09     6.200
6.2990590249678484e-09     6.205
6.1083747501852565e-09     6.210
5.9233133390810134e-09     6.215
5.7437136418751968e-09     6.220
5.5694189855189598e-09     6.225
5.4002770535462558e-09     6.230
5.2361397690281448e-09     6.235
5.0768631805526959e-09     6.240
4.9223073511558084e-09     6.245
4.7723362501299064e-09     6.250
4.6268176476388771e-09     6.255
4.4856230120698135e-09     6.260
4.3486274100533729e-09     6.265
4.2157094090863585e-09     6.270
4.0867509826916068e-09     6.275
3.9616374180519417e-09     6.280
3.8402572260561943e-09     6.285
3.7225020536972270e-09     6.290
3.6082665987626401e-09     6.295
3.4974485267610556e-09     6.300
3.3899483900275665e-09     6.305
3.2856695489535807e-09     6.310
3.1845180952877430e-09     6.315
3.0864027774555217e-09     6.320
2.9912349278466347e-09     6.325
2.8989283920205356e-09     6.330
2.8093994597814923e-09     6.335
2.7225667980757978e-09     6.340
2.6383513856649692e-09     6.345
2.5566764495299108e-09     6.350
2.4774674029617981e-09     6.355
2.4006517852970397e-09     6.360
2.3261592032541566e-09     6.365
2.2539212738319333e-09     6.370
2.1838715687287305e-09     6.375
2.1159455602442639e-09     6.380
2.0500805686256922e-09     6.385
1.9862157108211487e-09     6.390
1.9242918506044547e-09     6.395
1.8642515500358882e-09     6.400
1.8060390222245195e-09     6.405
1.7496000853586758e-09     6.410
1.6948821179717653e-09     6.415
1.6418340154115903e-09     6.420
1.5904061474820110e-09     6.425
1.5405503172266537e-09     6.430
1.4922197208250273e-09     6.435
1.4453689085721868e-09     6.440
1.3999537469138366e-09     6.445
1.3559313815093824e-09     6.450
1.3132602012961837e-09     6.455
1.2718998035289316e-09     6.460
1.2318109597686455e-09     6.465
1.1929555827965270e-09     6.470
1.1552966944284717e-09     6.475
1.1187983942066183e-09     6.480
1.0834258289449782e-09     6.485
1.0491451631067103e-09     6.490
1.0159235499911602e-09     6.495
9.8372910370941970e-10     6.500
9.5253087192757688e-10     6.505
9.2229880935741951e-10     6.510
8.9300375197489792e-10     6.515
8.6461739194707151e-10     6.520
8.3711225324881070e-10     6.525
8.1046166795095286e-10     6.530
7.8463975316215340e-10     6.535
7.5962138860702971e-10     6.540
7.3538219482369571e-10     6.545
7.1189851196420951e-10     6.550
6.8914737918188255e-10     6.555
6.6710651458974630e-10     6.560
6.4575429577499779e-10     6.565
6.2506974085448406e-10     6.570
6.0503249005681992e-10     6.575
5.8562278781695653e-10     6.580
5.6682146536951122e-10     6.585
5.4860992382742951e-10     6.590
5.3097011773295757e-10     6.595
5.1388453906818068e-10     6.600
4.9733620171278612e-10     6.605
4.8130862633694229e-10     6.610
4.6578582571757961e-10     6.615
4.5075229046661402e-10     6.620
4.3619297515995805e-10     6.625
4.2209328485646161e-10     6.630
4.0843906199622322e-10     6.635
3.9521657366794045e-10     6.640
3.8241249923529980e-10     6.645
3.7001391831260737e-10     6.650
3.5800829908015951e-10     6.655
3.4638348693008964e-10     6.660
3.3512769343366163e-10     6.665
3.2422948562122144e-10     6.670
3.1367777556626247e-10     6.675
3.0346181026525858e-10     6.680
2.9357116180517403e-10     6.685
2.8399571781072631e-10     6.690
2.7472567216374338e-10     6.695
2.6575151598710385e-10     6.700
2.5706402888598976e-10     6.705
2.4865427043934505e-10     6.710
2.4051357193464679e-10     6.715
2.3263352833925404e-10     6.720
2.2500599050179933e-10     6.725
2.1762305757724276e-10     6.730
2.1047706966940078e-10     6.735
2.0356060068490873e-10     6.740
1.9686645139273823e-10     6.745
1.9038764268356404e-10     6.750
1.8411740902341043e-10     6.755
1.7804919209616108e-10     6.760
1.7217663462966777e-10     6.765
1.6649357440033114e-10     6.770
1.6099403841115855e-10     6.775
1.5567223723844782e-10     6.780
1.5052255954237475e-10     6.785
1.4553956673688014e-10     6.790
1.4071798781439311e-10     6.795
1.3605271432103160e-10     6.800
1.3153879547805229e-10     6.805
1.2717143344542485e-10     6.810
1.2294597872353092e-10     6.815
1.1885792568908178e-10     6.820
1.1490290826147127e-10     6.825
1.1107669569586507e-10     6.830
1.0737518849944989e-10     6.835
1.0379441446733992e-10     6.840
1.0033052483475726e-10     6.845
9.6979790542176301e-11     6.850
9.3738598610223451e-11     6.855
9.0603448621210988e-11     6.860
8.7570949304262814e-11     6.865
8.4637815221081651e-11     6.870
8.1800863549484144e-11     6.875
7.9057010961909105e-11     6.880
7.6403270596181899e-11     6.885
7.3836749115896021e-11     6.890
7.1354643857841060e-11     6.895
6.8954240063978708e-11     6.900
6.6632908195541521e-11     6.905
6.4388101326889441e-11     6.910
6.2217352616834014e-11     6.915
6.0118272855191771e-11     6.920
5.8088548082403104e-11     6.925
5.6125937280105086e-11     6.930
5.4228270130607359e-11     6.935
5.2393444843278824e-11     6.940
5.0619426045908912e-11     6.945
4.8904242739157144e-11     6.950
4.7245986312263565e-11     6.955
4.5642808618240414e-11     6.960
4.4092920106813211e-11     6.965
4.2594588013435291e-11     6.970
4.1146134602737780e-11     6.975
3.9745935464831274e-11     6.980
3.8392417862914345e-11     6.985
3.7084059130691293e-11     6.990
3.5819385118141689e-11     6.995
3.4596968684226390e-11     7.000
3.3415428235154733e-11     7.005
3.2273426306876894e-11     7.010
3.1169668190501494e-11     7.015
3.0102900599378534e-11     7.020
2.9071910376621007e-11     7.025
2.8075523241874609e-11     7.030
2.7112602576177978e-11     7.035
2.6182048243790577e-11     7.040
2.5282795449895703e-11     7.045
2.4413813633118412e-11     7.050
2.3574105391827414e-11     7.055
2.2762705443220716e-11     7.060
2.1978679614223279e-11     7.065
2.1221123863251785e-11     7.070
2.0489163331929459e-11     7.075
1.9781951425861563e-11     7.080
1.9098668923604718e-11     7.085
1.8438523112991589e-11     7.090
1.7800746953993979e-11     7.095
1.7184598267333068e-11     7.100
1.6589358948066353e-11     7.105
1.6014334203405302e-11     7.110
1.5458851814037356e-11     7.115
1.4922261418248692e-11     7.120
1.4403933818163236e-11     7.125
1.3903260307434129e-11     7.130
1.3419652019742790e-11     7.135
1.2952539297480022e-11     7.140
1.2501371080000600e-11     7.145
1.2065614310862452e-11     7.150
1.1644753363476934e-11     7.155
1.1238289484614416e-11     7.160
1.0845740255225636e-11     7.165
1.0466639068054764e-11     7.170
1.0100534621535789e-11     7.175
9.7469904294785761e-12     7.180
9.4055843460654606e-12     7.185
9.0759081056935576e-12     7.190
8.7575668772113923e-12     7.195
8.4501788321120435e-12     7.200
8.1533747262572494e-12     7.205
7.8667974947209355e-12     7.210
7.5901018593508087e-12     7.215
7.3229539486603853e-12     7.220
7.0650309296740531e-12     7.225
6.8160206513596634e-12     7.230
6.5756212992936941e-12     7.235
6.3435410612147197e-12     7.240
6.1194978031308236e-12     7.245
5.9032187556572155e-12     7.250
5.6944402102693110e-12     7.255
5.4929072251662212e-12     7.260
5.2983733404487637e-12     7.265
5.1106003023246770e-12     7.270
4.9293577960627635e-12     7.275
4.7544231874256112e-12     7.280
4.5855812723187561e-12     7.285
4.4226240344021948e-12     7.290
4.2653504104176262e-12     7.295
4.1135660629922936e-12     7.300
3.9670831606872453e-12     7.305
3.8257201650654963e-12     7.310
3.6893016245613388e-12     7.315
3.5576579749397415e-12     7.320
3.4306253461402622e-12     7.325
3.3080453753066182e-12     7.330
3.1897650258090109e-12     7.335
3.0756364120720144e-12     7.340
2.9655166300265073e-12     7.345
2.8592675930099866e-12     7.350
2.7567558729443735e-12     7.355
2.6578525466261269e-12     7.360
2.5624330469682742e-12     7.365
2.4703770190388681e-12     7.370
2.3815681807451919e-12     7.375
2.2958941880175277e-12     7.380
2.2132465043510234e-12     7.385
2.1335202745680741e-12     7.390
2.0566142026684387e-12     7.395
1.9824304336378129e-12     7.400
1.9108744390899220e-12     7.405
1.8418549066209316e-12     7.410
1.7752836327586207e-12     7.415
1.7110754193925214e-12     7.420
1.6491479735745961e-12     7.425
1.5894218105835408e-12     7.430
1.5318201601490722e-12     7.435
1.4762688757356696e-12     7.440
1.4226963467885445e-12     7.445
1.3710334138473643e-12     7.450
1.3212132864364891e-12     7.455
1.2731714636429764e-12     7.460
1.2268456572966881e-12     7.465
1.1821757176692054e-12     7.470
1.1391035616111140e-12     7.475
1.0975731030494907e-12     7.480
1.0575301857700242e-12     7.485
1.0189225184104986e-12     7.490
9.8169961159462308e-13     7.495
9.4581271713749312e-13     7.500
9.1121476925603606e-13     7.505
8.7786032771992449e-13     7.510
8.4570552288047790e-13     7.515
8.1470800251696563e-13     7.520
7.8482688044170208e-13     7.525
7.5602268680712595e-13     7.530
7.2825732005984861e-13     7.535
7.0149400048839518e-13     7.540
6.7569722531302804e-13     7.545
6.5083272526769463e-13     7.550
6.2686742262568545e-13     7.555
6.0376939062214446e-13     7.560
5.8150781422804771e-13     7.565
5.6005295223171149e-13     7.570
5.3937610058523800e-13     7.575
5.1944955697475574e-13     7.580
5.0024658657448533e-13     7.585
4.8174138894606087e-13     7.590
4.6390906604567370e-13     7.595
4.4672559130283719e-13     7.600
4.3016777973570039e-13     7.605
4.1421325906901125e-13     7.610
3.9884044182182467e-13     7.615
3.8402849833317444e-13     7.620
3.6975733069493420e-13     7.625
3.5600754756202102e-13     7.630
3.4276043981114010e-13     7.635
3.2999795702010948e-13     7.640
3.1770268474076240e-13     7.645
3.0585782253924605e-13     7.650
2.9444716277842004e-13     7.655
2.8345507011782762e-13     7.660
2.7286646170754619e-13     7.665
2.6266678805294549e-13     7.670
2.5284201452816251e-13     7.675
2.4337860351679005e-13     7.680
2.3426349715897816e-13     7.685
2.2548410068483129e-13     7.690
2.1702826631462566e-13     7.695
2.0888427770699130e-13     7.700
2.0104083493685200e-13     7.705
1.9348703998545888e-13     7.710
1.8621238272546555e-13     7.715
1.7920672738452985e-13     7.720
1.7246029947146393e-13     7.725
1.6596367314948904e-13     7.730
1.5970775904163238e-13     7.735
1.5368379245381646e-13     7.740
1.4788332200164307e-13     7.745
1.4229819862734217e-13     7.750
1.3692056499380223e-13     7.755
1.3174284524300729e-13     7.760
1.2675773510665479e-13     7.765
1.2195819235709069e-13     7.770
1.1733742758712229e-13     7.775
1.1288889530762028e-13     7.780
1.0860628535220068e-13     7.785
1.0448351457862745e-13     7.790
1.0051471885690645e-13     7.795
9.6694245334394189e-14     7.800
9.3016644968541662e-14     7.805
8.9476665318216999e-14     7.810
8.6069243584846276e-14     7.815
8.2789499894902316e-14     7.820
7.9632730815549406e-14     7.825
7.6594403095528090e-14     7.830
7.3670147623621287e-14     7.835
7.0855753597302608e-14     7.840
6.8147162894409294e-14     7.845
6.5540464640923090e-14     7.850
6.3031889968172995e-14     7.855
6.0617806952991320e-14     7.860
5.8294715734579689e-14     7.865
5.6059243802039673e-14     7.870
5.3908141446731944e-14     7.875
5.1838277373821497e-14     7.880
4.9846634467551173e-14     7.885
4.7930305704974730e-14     7.890
4.6086490213052786e-14     7.895
4.4312489464187607e-14     7.900
4.2605703605438222e-14     7.905
4.0963627916816151e-14     7.910
3.9383849394218539e-14     7.915
3.7864043452702560e-14     7.920
3.6401970745952666e-14     7.925
3.4995474097928950e-14     7.930
3.3642475542823013e-14     7.935
3.2340973469577310e-14     7.940
3.1089039867349693e-14     7.945
2.9884817668429062e-14     7.950
2.8726518185225269e-14     7.955
2.7612418638070890e-14     7.960
2.6540859770683249e-14     7.965
2.5510243550241949e-14     7.970
2.4519030949141021e-14     7.975
2.3565739805574509e-14     7.980
2.2648942760210662e-14     7.985
2.1767265266303366e-14     7.990
2.0919383670681411e-14     7.995
2.0104023363140281e-14     8.000
1.9319956991849894e-14     8.005
1.8566002742468456e-14     8.010
1.7841022678736414e-14     8.015
1.7143921142396396e-14     8.020
1.6473643210362479e-14     8.025
1.5829173207129874e-14     8.030
1.5209533270488443e-14     8.035
1.4613781968666925e-14     8.040
1.4041012967101350e-14     8.045
1.3490353743081730e-14     8.050
1.2960964346592368e-14     8.055
1.2452036205718539e-14     8.060
1.1962790975047963e-14     8.065
1.1492479425551225e-14     8.070
1.1040380374475701e-14     8.075
1.0605799653839932e-14     8.080
1.0188069116162978e-14     8.085
9.7865456761114763e-15     8.090
9.4006103867919932e-15     8.095
9.0296675494611673e-15     8.100
8.6731438554678313e-15     8.105
8.3304875592835469e-15     8.110
8.0011676815166626e-15     8.115
7.6846732408442670e-15     8.120
7.3805125138328275e-15     8.125
7.0882123216551403e-15     8.130
6.8073173427441876e-15     8.135
6.5373894504603402e-15     8.140
6.2780070748778088e-15     8.145
6.0287645878301771e-15     8.150
5.7892717103824721e-15     8.155
5.5591529419291687e-15     8.160
5.3380470101421312e-15     8.165
5.1256063410232851e-15     8.170
4.9214965483401473e-15     8.175
4.7253959417492870e-15     8.180
4.5369950529364853e-15     8.185
4.3559961791265847e-15     8.190
4.1821129433380530e-15     8.195
4.0150698707796588e-15     8.200
3.8546019808085450e-15     8.205
3.7004543938879897e-15     8.210
3.5523819530044375e-15     8.215
3.4101488590217366e-15     8.220
3.2735283194692395e-15     8.225
3.1423022102778417e-15     8.230
3.0162607499959643e-15     8.235
2.8952021860333784e-15     8.240
2.7789324924972705e-15     8.245
2.6672650792000830e-15     8.250
2.5600205114338995e-15     8.255
2.4570262401204799e-15     8.260
2.3581163419596914e-15     8.265
2.2631312692129692e-15     8.270
2.1719176087709800e-15     8.275
2.0843278501675833e-15     8.280
2.0002201622137527e-15     8.285
1.9194581779372811e-15     8.290
1.8419107875250253e-15     8.295
1.7674519389753689e-15     8.300
1.6959604461789952e-15     8.305
1.6273198041564764e-15     8.310
1.5614180111902826e-15     8.315
1.4981473975990217e-15     8.320
1.4374044609101647e-15     8.325
1.3790897071964924e-15     8.330
1.3231074983501394e-15     8.335
1.2693659050757937e-15     8.340
1.2177765653930346e-15     8.345
1.1682545484448672e-15     8.350
1.1207182234171710e-15     8.355
1.0750891333807094e-15     8.360
1.0312918738741027e-15     8.365
9.8925397605289830e-16     8.370
9.4890579423599456e-16     8.375
9.1018039768696699e-16     8.380
8.7301346647362770e-16     8.385
8.3734319125493800e-16     8.390
8.0311017684968360e-16     8.395
7.7025734944684423e-16     8.400
7.3872986732253193e-16     8.405
7.0847503493332945e-16     8.410
6.7944222026061247e-16     8.415
6.5158277528497484e-16     8.420
6.2484995947438464e-16     8.425
5.9919886617377914e-16     8.430
5.7458635178807700e-16     8.435
5.5097096765443597e-16     8.440
5.2831289450343826e-16     8.445
5.0657387941249935e-16     8.450
4.8571717515846130e-16     8.455
4.6570748187960348e-16     8.460
4.4651089096067251e-16     8.465
4.2809483105772397e-16     8.470
4.1042801618256054e-16     8.475
3.9348039576956775e-16     8.480
3.7722310665053868e-16     8.485
3.6162842686585223e-16     8.490
3.4666973124300869e-16     8.495
3.3232144867604304e-16     8.500
3.1855902104181391e-16     8.505
3.0535886369156217e-16     8.510
2.9269832745831117e-16     8.515
2.8055566212301275e-16     8.520
2.6890998128433746e-16     8.525
2.5774122857913110e-16     8.530
2.4703014520247192e-16     8.535
2.3675823867821316e-16     8.540
2.2690775283263319e-16     8.545
2.1746163892568700e-16     8.550
2.0840352789594728e-16     8.555
1.9971770367701722e-16     8.560
1.9138907754473493e-16     8.565
1.8340316345604829e-16     8.570
1.7574605434183768e-16     8.575
1.6840439931742832e-16     8.580
1.6136538177586014e-16     8.585
1.5461669833029286e-16     8.590
1.4814653857318554e-16     8.595
1.4194356562109545e-16     8.600
1.3599689741511882e-16     8.605
1.3029608874811073e-16     8.610
1.2483111399090278e-16     8.615
1.1959235049078876e-16     8.620
1.1457056261655450e-16     8.625
1.0975688642527645e-16     8.630
1.0514281492707029e-16     8.635
1.0072018392484789e-16     8.640
9.6481158407024681e-17     8.645
9.2418219471931881e-17     8.650
8.8524151763498491e-17     8.655
8.4792031398546697e-17     8.660
8.1215214366776066e-17     8.665
7.7787325385230945e-17     8.670
7.4502247189737905e-17     8.675
7.1354110246460685e-17     8.680
6.8337282867358621e-17     8.685
6.5446361713946722e-17     8.690
6.2676162674362422e-17     8.695
6.0021712099285666e-17     8.700
5.7478238382838986e-17     8.705
5.5041163875101411e-17     8.710
5.2706097113386479e-17     8.715
5.0468825359923716e-17     8.720
4.8325307434051692e-17     8.725
4.6271666827488824e-17     8.730
4.4304185091679250e-17     8.735
4.2419295486635256e-17     8.740
4.0613576881102220e-17     8.745
3.8883747894256441e-17     8.750
3.7226661269527192e-17     8.755
3.5639298471492338e-17     8.760
3.4118764497142607e-17     8.765
3.2662282893142815e-17     8.770
3.1267190971045880e-17     8.775
2.9930935212715448e-17     8.780
2.8651066858518335e-17     8.785
2.7425237671129963e-17     8.790
2.6251195868073290e-17     8.795
2.5126782216374665e-17     8.800
2.4049926282979192e-17     8.805
2.3018642834809147e-17     8.810
2.2031028382586314e-17     8.815
2.1085257862770095e-17     8.820
2.0179581452173640e-17     8.825
1.9312321510039589e-17     8.830
1.8481869642552468e-17     8.835
1.7686683884963103e-17     8.840
1.6925285996684098e-17     8.845
1.6196258864900073e-17     8.850
1.5498244012405358e-17     8.855
1.4829939205549486e-17     8.860
1.4190096158332406e-17     8.865
1.3577518328843920e-17     8.870
1.2991058804389593e-17     8.875
1.2429618271790184e-17     8.880
1.1892143069475620e-17     8.885
1.1377623318128622e-17     8.890
1.0885091126759075e-17     8.895
1.0413618871211014e-17     8.900
9.9623175422237504e-18     8.905
9.5303351602786671e-18     8.910
9.1168552545728698e-18     8.915
8.7210954035658685e-18     8.920
8.3423058346428344e-18     8.925
7.9797680805384567e-18     8.930
7.6327936902529518e-18     8.935
7.3007229922860569e-18     8.940
6.9829239080957269e-18     8.945
6.6787908137741015e-18     8.950
6.3877434480097013e-18     8.955
6.1092258644832123e-18     8.960
5.8427054269150818e-18     8.965
5.5876718450548551e-18     8.970
5.3436362499694034e-18     8.975
5.1101303070517578e-18     8.980
4.8867053652346029e-18     8.985
4.6729316409531219e-18     8.990
4.4683974354588594e-18     8.995
4.2727083841416144e-18     9.000
4.0854867365700601e-18     9.005
3.9063706660125304e-18     9.010
3.7350136072490183e-18     9.015
3.5710836215317552e-18     9.020
3.4142627875983527e-18     9.025
3.2642466176840809e-18     9.030
3.1207434975223491e-18     9.035
2.9834741493623344e-18     9.040
2.8521711170718121e-18     9.045
2.7265782724300500e-18     9.050
2.6064503417513318e-18     9.055
2.4915524520145599e-18     9.060
2.3816596957063094e-18     9.065
2.2765567136176790e-18     9.070
2.1760372948642439e-18     9.075
2.0799039934291126e-18     9.080
1.9879677605559951e-18     9.085
1.9000475923467533e-18     9.090
1.8159701919436882e-18     9.095
1.7355696457016378e-18     9.100
1.6586871127789796e-18     9.105
1.5851705275993313e-18     9.110
1.5148743146580839e-18     9.115
1.4476591151689863e-18     9.120
1.3833915250661504e-18     9.125
1.3219438438965596e-18     9.130
1.2631938341569686e-18     9.135
1.2070244906469061e-18     9.140
1.1533238194268018e-18     9.145
1.1019846259871259e-18     9.150
1.0529043122500100e-18     9.155
1.0059846820403379e-18     9.160
9.6113175467807453e-19     9.165
9.1825558635737532e-19     9.170
8.7727009899202872e-19     9.175
8.3809291621942800e-19     9.180
8.0064520626786490e-19     9.185
7.6485153140409317e-19     9.190
7.3063970368931749e-19     9.195
6.9794064678311610e-19     9.200
6.6668826354523261e-19     9.205
6.3681930919535513e-19     9.210
6.0827326980089688e-19     9.215
5.8099224587209201e-19     9.220
5.5492084085269369e-19     9.225
5.3000605430328308e-19     9.230
5.0619717958246509e-19     9.235
4.8344570583917881e-19     9.240
4.6170522413697293e-19     9.245
4.4093133753852133e-19     9.250
4.2108157498555477e-19     9.255
4.0211530881626624e-19     9.260
3.8399367576865581e-19     9.265
3.6667950132452190e-19     9.270
3.5013722725477095e-19     9.275
3.3433284223245346e-19     9.280
3.1923381538543432e-19     9.285
3.0480903266582460e-19     9.290
2.9102873591846293e-19     9.295
2.7786446453547724e-19     9.300
2.6528899958868475e-19     9.305
2.5327631033605635e-19     9.310
2.4180150300268062e-19     9.315
2.3084077174090683e-19     9.320
2.2037135167813903e-19     9.325
2.1037147396466748e-19     9.330
2.0082032273746926e-19     9.335
1.9169799391942280e-19     9.340
1.8298545577672688e-19     9.345
1.7466451116049654e-19     9.350
1.6671776136159899e-19     9.355
1.5912857151071913e-19     9.360
1.5188103745851076e-19     9.365
1.4495995407332376e-19     9.370
1.3835078489670049e-19     9.375
1.3203963309921966e-19     9.380
1.2601321368174085e-19     9.385
1.2025882686935003e-19     9.390
1.1476433264751339e-19     9.395
1.0951812639205758e-19     9.400
1.0450911554662021e-19     9.405
9.9726697303142891e-20     9.410
9.5160737242834332e-20     9.415
9.0801548896835992e-20     9.420
8.6639874187490380e-20     9.425
8.2666864712793650e-20     9.430
7.8874063838147146e-20     9.435
7.5253389561057775e-20     9.440
7.1797118115847596e-20     9.445
6.8497868286850260e-20     9.450
6.5348586399871659e-20     9.455
6.2342531962972294e-20     9.460
5.9473263928853207e-20     9.465
5.6734627552280280e-20     9.470
5.4120741817116317e-20     9.475
5.1625987408592169e-20     9.480
4.9244995207478914e-20     9.485
4.6972635283815082e-20     9.490
4.4804006368771642e-20     9.495
4.2734425784164390e-20     9.500
4.0759419809966946e-20     9.505
3.8874714471027971e-20     9.510
3.7076226724981585e-20     9.515
3.5360056034107252e-20     9.520
3.3722476304623895e-20     9.525
3.2159928177608786e-20     9.530
3.0669011656397079e-20     9.535
2.9246479055965310e-20     9.540
2.7889228260416334e-20     9.545
2.6594296275274951e-20     9.550
2.5358853061868783e-20     9.555
2.4180195641610317e-20     9.560
2.3055742458515853e-20     9.565
2.1983027988794639e-20     9.570
2.0959697586818716e-20     9.575
1.9983502557235870e-20     9.580
1.9052295443434710e-20     9.585
1.8164025522976997e-20     9.590
1.7316734501026825e-20     9.595
1.6508552393179290e-20     9.600
1.5737693589466119e-20     9.605
1.5002453091665386e-20     9.610
1.4301202916381600e-20     9.615
1.3632388656683312e-20     9.620
1.2994526195397441e-20     9.625
1.2386198563455101e-20     9.630
1.1806052936967028e-20     9.635
1.1252797766979616e-20     9.640
1.0725200036122127e-20     9.645
1.0222082636605442e-20     9.650
9.7423218642716511e-21     9.655
9.2848450236208859e-21     9.660
8.8486281389630854e-21     9.665
8.4326937670495082e-21     9.670
8.0361089067407752e-21     9.675
7.6579830014603323e-21     9.680
7.2974660303650549e-21     9.685
6.9537466843421891e-21     9.690
6.6260506231085268e-21     9.695
6.3136388098513541e-21     9.700
6.0158059200025068e-21     9.705
5.7318788208872018e-21     9.710
5.4612151191283235e-21     9.715
5.2032017728249376e-21     9.720
4.9572537656508715e-21     9.725
4.7228128401448370e-21     9.730
4.4993462875821275e-21     9.735
4.2863457919309141e-21     9.740
4.0833263255057214e-21     9.745
3.8898250940338746e-21     9.750
3.7054005289513785e-21     9.755
3.5296313248388847e-21     9.760
3.3621155200008112e-21     9.765
3.2024696182764239e-21     9.770
3.0503277502571046e-21     9.775
2.9053408721622345e-21     9.780
2.7671760007035006e-21     9.785
2.6355154823404995e-21     9.790
2.5100562954004354e-21     9.795
2.3905093836013360e-21     9.800
2.2765990195830504e-21     9.805
2.1680621971107632e-21     9.810
2.0646480506750081e-21     9.815
1.9661173012679855e-21     9.820
1.8722417271697074e-21     9.825
1.7828036586287359e-21     9.830
1.6975954953716539e-21     9.835
1.6164192459221077e-21     9.840
1.5390860877552240e-21     9.845
1.4654159473564014e-21     9.850
1.3952370992942768e-21     9.855
1.3283857834571906e-21     9.860
1.2647058396399593e-21     9.865
1.2040483587037800e-21     9.870
1.1462713495665026e-21     9.875
1.0912394213132254e-21     9.880
1.0388234797488511e-21     9.885
9.8890043774422487e-22     9.890
9.4135293875600279e-22     9.895
8.9606909292840082e-22     9.900
8.5294222521068826e-22     9.905
8.1187063494990007e-22     9.910
7.7275736644199880e-22     9.915
7.3550998994781189e-22     9.920
7.0004039270198869e-22     9.925
6.6626457946433917e-22     9.930
6.3410248218280286e-22     9.935
6.0347777835673384e-22     9.940
5.7431771770730708e-22     9.945
5.4655295677961320e-22     9.950
5.2011740111761214e-22     9.955
4.9494805466923446e-22     9.960
4.7098487609422593e-22     9.965
4.4817064166200293e-22     9.970
4.2645081444072099e-22     9.975
4.0577341949221694e-22     9.980
3.8608892480022317e-22     9.985
3.6735012767151323e-22     9.990
3.4951204636129481e-22     9.995
