DENSITY OF 2-ADMISSABLE NUBMERS
SEYMOUR HABER
NUMBER OF OBSERVATIONS = 292
NUMBER OF VARIABLES PER LINE IMAGE = 1
RESPONSE VARIABLE 1 = DENSITY
TO READ THIS INTO DATAPLOT--
   SKIP 25
   READ HABER1.DAT Y

 
 
 
 
 
 
 
 
 
 
 
 
 
 
DENSITY
--------
0.50555
0.50775
0.51077
0.51304
0.51503
0.51730
0.51833
0.51943
0.51989
0.51931
0.51709
0.51493
0.51190
0.51035
0.50748
0.50618
0.50580
0.50534
0.50792
0.51019
0.51291
0.51636
0.51920
0.52133
0.52250
0.52317
0.52340
0.52318
0.52128
0.51896
0.51674
0.51508
0.51253
0.51205
0.51119
0.51233
0.51313
0.51509
0.51725
0.51906
0.52099
0.52301
0.52470
0.52535
0.52547
0.52491
0.52305
0.52184
0.51883
0.51737
0.51546
0.51516
0.51517
0.51568
0.51669
0.51943
0.52138
0.52432
0.52682
0.52874
0.53053
0.53125
0.53122
0.53070
0.52947
0.52773
0.52644
0.52346
0.52267
0.52217
0.52091
0.52208
0.52324
0.52477
0.52644
0.52859
0.53110
0.53271
0.53450
0.53563
0.53579
0.53548
0.53419
0.53228
0.53066
0.52855
0.52711
0.52582
0.52626
0.52622
0.52723
0.52900
0.53118
0.53335
0.53571
0.53734
0.53857
0.53978
0.54021
0.53974
0.53935
0.53801
0.53620
0.53495
0.53348
0.53297
0.53278
0.53339
0.53464
0.53586
0.53799
0.54061
0.54275
0.54481
0.54658
0.54766
0.54810
0.54790
0.54705
0.54630
0.54451
0.54333
0.54235
0.54147
0.54135
0.54224
0.54355
0.54518
0.54698
0.54938
0.55149
0.55352
0.55501
0.55601
0.55648
0.55648
0.55586
0.55511
0.55381
0.55274
0.55128
0.55067
0.55037
0.55084
0.55141
0.55309
0.55499
0.55671
0.55896
0.56078
0.56242
0.56342
0.56398
0.56398
0.56334
0.56227
0.56106
0.56013
0.55920
0.55873
0.55862
0.55926
0.56016
0.56150
0.56330
0.56520
0.56712
0.56879
0.57025
0.57133
0.57185
0.57191
0.57161
0.57068
0.56989
0.56860
0.56768
0.56725
0.56690
0.56750
0.56851
0.56966
0.57151
0.57318
0.57504
0.57681
0.57822
0.57942
0.58004
0.58021
0.58012
0.57923
0.57851
0.57761
0.57687
0.57636
0.57661
0.57688
0.57788
0.57925
0.58074
0.58253
0.58435
0.58614
0.58760
0.58872
0.58941
0.58971
0.58954
0.58898
0.58808
0.58736
0.58670
0.58626
0.58622
0.58663
0.58755
0.58877
0.59032
0.59213
0.59379
0.59546
0.59685
0.59793
0.59851
0.59890
0.59853
0.59841
0.59757
0.59696
0.59645
0.59598
0.59603
0.59648
0.59719
0.59848
0.59980
0.60141
0.60310
0.60456
0.60594
0.60706
0.60777
0.60807
0.60801
0.60770
0.60701
0.60633
0.60576
0.60558
0.60545
0.60584
0.60667
0.60774
0.60912
0.61056
0.61221
0.61364
0.61486
0.61593
0.61658
0.61694
0.61697
0.61662
0.61626
0.61568
0.61525
0.61499
0.61500
0.61548
0.61615
0.61722
0.61864
0.62003
0.62154
0.62302
0.62435
0.62538
0.62616
0.62644
0.62663
0.62630
0.62589
0.62543
0.62498
0.62481
0.62486
0.62524
0.62609
0.62701
0.62828
0.62968
