      This is DATAPLOT file HFNOSMED.DAT
 
 
 
                  Halfnormal Order Statistic Medians
 
                            Sample Size n
             1     2     3     4     5     6     7     8     9    10
           ------------------------------------------------------------
      1.   0.67  0.38  0.26  0.20  0.16  0.14  0.12  0.10  0.09  0.08
      2.         1.05  0.67  0.50  0.40  0.34  0.29  0.25  0.23  0.20
      3.               1.26  0.87  0.67  0.56  0.47  0.41  0.37  0.33
      4.                     1.41  1.01  0.80  0.67  0.58  0.51  0.46
      5.                           1.52  1.12  0.91  0.77  0.67  0.60
      6.                                 1.60  1.20  0.99  0.85  0.75
      7.                                       1.67  1.28  1.07  0.92
      8.                                             1.73  1.34  1.13
      9.                                                   1.79  1.40
     10.                                                         1.83
 
 
                            Sample Size n
            11    12    13    14    15    16    17    18    19    20
           ------------------------------------------------------------
     1.    0.08  0.07  0.07  0.06  0.06  0.05  0.05  0.05  0.04  0.04
     2.    0.19  0.17  0.16  0.15  0.14  0.13  0.12  0.12  0.11  0.10
     3.    0.30  0.28  0.25  0.24  0.22  0.21  0.19  0.18  0.17  0.17
     4.    0.42  0.38  0.35  0.33  0.31  0.29  0.27  0.25  0.24  0.23
     5.    0.54  0.49  0.45  0.42  0.39  0.37  0.34  0.33  0.31  0.29
     6.    0.67  0.61  0.56  0.52  0.48  0.45  0.42  0.40  0.38  0.36
     7.    0.82  0.74  0.67  0.62  0.58  0.54  0.50  0.47  0.45  0.42
     8.    0.99  0.88  0.80  0.73  0.67  0.63  0.59  0.55  0.52  0.49
     9.    1.18  1.04  0.93  0.85  0.78  0.72  0.67  0.63  0.60  0.56
    10.    1.45  1.23  1.09  0.98  0.90  0.83  0.77  0.72  0.67  0.64
    11.    1.87  1.49  1.28  1.14  1.03  0.94  0.87  0.81  0.76  0.71
    12.          1.91  1.53  1.32  1.18  1.07  0.98  0.91  0.85  0.80
    13.                1.94  1.57  1.36  1.21  1.10  1.02  0.94  0.88
    14.                      1.97  1.60  1.39  1.25  1.14  1.05  0.98
    15.                            2.00  1.63  1.42  1.28  1.17  1.08
    16.                                  2.03  1.66  1.45  1.31  1.20
    17.                                        2.05  1.69  1.48  1.34
    18.                                              2.08  1.71  1.51
    19.                                                    2.10  1.74
    20.                                                          2.12
