This is file   HUMPHR11.DAT = Jim's SUMALL.DAT
Thermoluminescent Dosimetry
Data Collection Date = June 21, 1993
Jim Humphreys
September 1993
NUMBER OF OBSERVATIONS = (21 dates ) x (1 + 18x4) =15XX (approx.)
NUMBER OF VARIABLES PER LINE IMAGE = 9 (only 7 used)
NUMBER OF DATES = 21
ORDER OF VARIABLES ON A LINE IMAGE--
   1. Date ID (21 LEVELS--1, 2, 13 to 28, 30 to 32)
   2. Hour of Day
   3. Minute
   4. Second
   5. Card ID (54 LEVELS--DRAWN FROM 1 TO 66)
   6. Chip Number (4 LEVELS--1 to 4)
   7. "Integrated Spectrum"
   8. Left Half Spectrum
   9. Right Half Spectrum
To read this into Dataplot--
   SKIP 25
   READ HUMPHR11.DAT DATE J1 J2 J3 CARD CHIP Y
Note--  -9.99 = missing data
Note--My "date" == Jim's TLD File Number
"DATE" HR MIN SEC  CARD CHIP     DOSE         DOSE         DOSE
-----------------------------------------------------------------
   1  10 19 00      60   1      170.72        -9.99        -9.99
   1  10 24 00      60   2        5.63        -9.99        -9.99
   1  10 28 00      60   3        6.26        -9.99        -9.99
   1  10 32 00      60   4      160.32        -9.99        -9.99
   1  10 38 00      20   1      146.85        -9.99        -9.99
   1  10 42 00      20   2        7.36        -9.99        -9.99
   1  10 47 00      20   3        6.87        -9.99        -9.99
   1  10 51 00      20   4      153.94        -9.99        -9.99
   1  10 57 00      34   1      168.49        -9.99        -9.99
   1  11  1 00      34   2        6.55        -9.99        -9.99
   1  11  6 00      34   3        6.59        -9.99        -9.99
   1  11 10 00      34   4      190.24        -9.99        -9.99
   1  11 15 00      54   1      234.98        -9.99        -9.99
   1  11 20 00      54   2        9.17        -9.99        -9.99
   1  11 25 00      54   3        8.32        -9.99        -9.99
   1  11 30 00      54   4      210.85        -9.99        -9.99
   1  11 36 00      38   1      187.42        -9.99        -9.99
   1  11 41 00      38   2        8.55        -9.99        -9.99
   1  11 47 00      38   3       11.10        -9.99        -9.99
   1  11 51 00      38   4      217.79        -9.99        -9.99
   1  12  1 00      51   4      204.10        -9.99        -9.99
   1  12  6 00      51   3        8.09        -9.99        -9.99
   1  12 10 00      51   2        8.25        -9.99        -9.99
   1  12 15 00      51   1      182.11        -9.99        -9.99
   1  12 21 00      25   4      162.52        -9.99        -9.99
   1  12 26 00      25   3        6.79        -9.99        -9.99
   1  12 30 00      25   2        6.71        -9.99        -9.99
   1  12 34 00      25   1      158.32        -9.99        -9.99
   1  12 41 00      48   4      239.32        -9.99        -9.99
   1  12 45 00      48   3        7.22        -9.99        -9.99
   1  12 50 00      48   2        8.05        -9.99        -9.99
   1  12 55 00      48   1      214.68        -9.99        -9.99
   1  12 59 00       1   1      263.73        -9.99        -9.99
   1   1  5 00       1   4      259.61        -9.99        -9.99
   1   1 11 00       1   3        9.89        -9.99        -9.99
   1   1 16 00       1   2        8.91        -9.99        -9.99
   1   1 45 00       7   2        6.39        -9.99        -9.99
   1   1 50 00       7   1      155.24        -9.99        -9.99
   1   1 54 00       7   4      173.46        -9.99        -9.99
   1   1 59 00       7   3        6.30        -9.99        -9.99
   1   2  6 00      31   4      181.64        -9.99        -9.99
   1   2 10 00      31   3        6.17        -9.99        -9.99
   1   2 15 00      31   2        6.14        -9.99        -9.99
   1   2 20 00      31   1      168.02        -9.99        -9.99
   1   2 25 00      28   1      200.05        -9.99        -9.99
   1   2 30 00      28   4      199.74        -9.99        -9.99
   1   2 35 00      28   3        9.35        -9.99        -9.99
   1   2 40 00      28   2       10.14        -9.99        -9.99
   1   2 45 00      22   2       12.66        -9.99        -9.99
   1   2 51 00      22   1      198.56        -9.99        -9.99
   1   2 57 00      22   4      221.39        -9.99        -9.99
   1   3  2 00      22   3       10.56        -9.99        -9.99
   1   3  7 00      16   4      217.28        -9.99        -9.99
   1   3 13 00      16   3        8.74        -9.99        -9.99
   1   3 18 00      16   2        9.84        -9.99        -9.99
   1   3 24 00      16   1      186.29        -9.99        -9.99
   1   3 29 00      17   1      179.65        -9.99        -9.99
   1   3 34 00      17   4      181.04        -9.99        -9.99
   1   3 40 00      17   3        9.09        -9.99        -9.99
   1   3 44 00      17   2        8.08        -9.99        -9.99
   1   3 50 00      37   2       11.00        -9.99        -9.99
   1   3 55 00      37   1      201.08        -9.99        -9.99
   1   4  1 00      37   4      229.29        -9.99        -9.99
   1   4  7 00      37   3        9.76        -9.99        -9.99
   1   4 11 00      33   3        8.44        -9.99        -9.99
   1   4 17 00      33   2        8.70        -9.99        -9.99
   1   4 22 00      33   1      204.79        -9.99        -9.99
   1   4 28 00      33   4      180.90        -9.99        -9.99
   1   4 33 00      21   4      174.05        -9.99        -9.99
   1   4 38 00      21   3        8.23        -9.99        -9.99
   1   4 43 00      21   2       13.43        -9.99        -9.99
   1   4 51 00      21   1      176.10        -9.99        -9.99
 
   2  10 00 10      19   4      218.95       209.83         9.12
   2  10 05 17      19   3        6.77         5.35         1.43
   2  10 10 14      19   2        6.63         5.07         2.26
   2  10 14 23      19   1      217.14       208.45         8.70
   2  10 19 17      18   1      180.91        81.08        99.82
   2  10 23 31      18   4      186.97       105.68        81.29
   2  10 28 05      18   3        7.47         3.28         3.41
   2  10 32 25      18   2        5.97         2.65         3.31
   2  10 37 26       6   2        5.91          .92         3.01
   2  10 41 26       6   1      193.15        74.48       103.37
   2  10 45 36       6   4      197.64       112.55        85.09
   2  10 49 39       6   3        6.36         2.74         1.07
   2  10 54 23      52   3        7.57         5.95         1.62
   2  10 58 43      52   2        6.71         5.04         1.67
   2  11 02 53      52   1      214.26       204.56         9.69
   2  11 07 07      52   4      229.10       197.68        10.50
   2  11 13 06      32   4      252.71       225.13         3.69
   2  11 17 48      32   3        8.20         5.95         2.25
   2  11 24 24      32   2       10.96         8.28         2.68
   2  11 29 15      32   1      253.88       187.09          .42
   2  11 34 51      26   1      205.65       131.81        73.84
   2  11 39 19      26   4      206.46       132.79        73.66
   2  11 43 49      26   3        6.78         4.36         2.42
   2  11 48 23      26   2        6.57         4.25         2.31
   2  11 53 07      64   2        6.98         4.39         2.59
   2  11 57 38      64   1      171.00       119.20        51.80
   2  12 06 12      64   4      181.85       129.13        52.72
   2  12 10 29      64   3        6.27         4.01         2.26
   2  12 18 33       3   3       10.83         4.04         6.78
   2  12 23 31       3   2        7.54         3.67         3.87
   2  12 27 36       3   1      212.46       125.53        86.93
   2  12 31 46       3   4      186.86        14.30        93.90
   2  12 38 55      13   4      231.03       225.99         5.04
   2  12 43 16      13   3        8.32         6.09         2.23
   2  12 48 02      13   2        7.47         5.60         1.86
   2  13 27 27      40   2        8.16         4.85         5.84
   2  13 31 30      40   1      218.75       176.91        41.84
   2  13 35 26      40   4      212.42       171.32        41.10
   2  13 39 44      40   3        7.60         5.11         2.49
   2  13 45 59      23   3        7.73         5.14         1.92
   2  13 50 19      23   2        9.26         6.79         2.47
   2  13 54 51      23   1      206.21       200.64         5.57
   2  13 59 24      23   4      212.39       205.69         6.70
   2  14 05 56      47   4      260.90       249.43        11.47
   2  14 10 22      47   3        8.92         6.39         1.37
   2  14 15 09      47   2        7.79         4.16         2.21
   2  14 19 56      47   1      238.43         5.03         6.32
   2  14 25 18      56   1      229.10       224.06         5.04
   2  14 30 06      56   4      206.76       195.92         3.30
   2  14 36 27      56   3        9.06         6.30         2.76
   2  14 41 15      56   2        8.70         6.24         2.46
   2  14 50 21      10   2        9.01         6.29         2.72
   2  14 55 22      10   1      234.30       193.66          .39
   2  15 00 43      10   4      241.33       203.91         5.17
   2  15 06 04      10   3       15.14        11.09         4.05
   2  15 11 44      43   3        7.07         4.38         2.69
   2  15 16 46      43   2        7.02         4.34         2.68
   2  15 25 02      43   1      173.22       139.07        34.16
   2  15 29 39      43   4      184.78       147.52        37.25
   2  15 34 31      50   4      199.47       189.39        10.08
   2  15 38 56      50   3        8.06         5.91         2.15
   2  15 43 33      50   2        8.43         6.13         2.30
   2  15 48 03      50   1      211.15       201.06        10.09
   2  15 57 20      58   1      204.39       194.07        10.32
   2  15 58 20      58   4      191.68       149.55         9.95
   2  16 03 31      58   3        7.60         5.45         2.15
   2  16 08 32      58   2        7.61         5.60         2.01
   2  16 13 32      24   2       10.09         5.70         4.39
   2  16 19 32      24   1      202.15       142.42        59.73
   2  16 24 16      24   4      192.77       137.05        55.72
   2  16 29 07      24   3        7.91         5.05         2.87
 
  13   9 22 32      0   0      658.74       328.91       329.82
  13   9 37 33     36   4      412.42       406.14         6.37
  13   9 41 32     36   3       14.49        11.31         3.18
  13   9 45 40     36   2       12.82        10.06         4.25
  13   9 49 45     36   1      432.53       426.74         5.79
  13   9 53 54     15   1      377.82       216.12       161.70
  13   9 58 01     15   4      394.11       211.39       182.72
  13  10 02 16     15   3       10.62         4.82         5.80
  13  10 06 15     15   2        8.73         3.86         4.87
  13  10 10 14     41   2       11.74         7.53         2.42
  13  10 14 35     41   1      478.08       470.53         7.55
  13  10 19 01     41   4      452.24       444.75         7.48
  13  10 23 30     41   3       13.50        10.42         1.78
  13  10 28 25      5   3       11.94         9.53         2.41
  13  10 32 53      5   2       13.34        10.22         3.12
  13  10 37 16      5   1      423.25       407.28        15.97
  13  10 41 43      5   4      411.49       367.89        14.83
  13  10 45 46     27   4      372.62       368.71         3.91
  13  10 50 12     27   3       11.36         9.00         2.36
  13  10 54 46     27   2       11.57         8.55         3.01
  13  10 59 17     27   1      367.19       362.37         4.82
  13  11 05 24     44   1      525.77       516.46         9.31
  13  11 10 47     44   4      502.98       496.56         6.42
  13  11 15 13     44   3       14.65        11.76         2.89
  13  11 19 44     44   2       11.99         9.48         2.51
  13  11 24 43     62   2       13.53         9.64         3.89
  13  11 30 04     62   1      396.86       384.01        12.85
  13  11 35 02     62   4      387.37       378.03         9.34
  13  11 39 29     62   3       10.47         8.13         2.34
  13  11 48 47     35   3        3.69         1.68         2.01
  13  11 53 15     35   2        9.66         5.77         3.89
  13  11 57 44     35   1      336.26       226.21       110.05
  13  12 02 26     35   4      317.96       213.93       104.03
  13  12 06 18     66   4      365.49       355.53         9.96
  13  12 10 44     66   3       10.60         8.27         2.32
  13  12 15 18     66   2       12.47         9.52         2.96
  13  12 19 18     66   1      347.09       339.06         8.03
  13  14 34 02      8   1      424.30       330.64        93.67
  13  14 38 06      8   4      452.72       327.01       128.42
  13  14 42 07      8   3       10.89         7.26         3.63
  13  14 46 27      8   2       11.41         8.02         3.39
  13  14 50 18     12   2       10.97         8.90         2.07
  13  14 54 12     12   1      353.33       338.82        14.50
  13  14 58 18     12   4      413.70       397.61        16.09
  13  15 02 26     12   3       12.96        10.06         2.90
  13  15 06 21      9   3       13.34        10.33         1.78
  13  15 11 15      9   2       14.58         8.60         3.45
  13  15 15 20      9   1      412.73       397.34        15.38
  13  15 19 34      9   4      408.69       392.72        15.97
  13  15 23 34     55   4      372.52       347.31         7.40
  13  15 27 43     55   3       12.93         9.85         3.08
  13  15 32 04     55   2       13.68        10.31         3.37
  13  15 45 27     55   1      404.13       399.30         4.83
  13  15 49 37     29   1      372.70       265.34       107.35
  13  15 54 31     29   4      337.42       241.35        96.08
  13  15 58 32     29   3       12.36         6.99         5.38
  13  16 02 59     29   2       11.71         7.08         4.63
  13  16 07 26     53   2        5.65         3.59         2.07
  13  16 11 39     53   1      452.05       436.02        16.03
  13  16 16 07     53   4      475.10       457.59        17.51
  13  16 20 30     53   3       12.41         9.58         2.83
  13  16 24 36      4   3       13.59         6.53         7.06
  13  16 29 35      4   2       10.40         5.17         5.23
  13  16 35 00      4   1      326.10       208.28       117.83
  13  16 39 23      4   4      414.64       230.33       184.31
  13  16 48 53     30   4      379.23       322.15        57.08
  13  16 58 05     30   3       12.20         8.05         4.15
  13  17 02 02     30   2       11.81         6.79         5.02
  13  17 05 59     30   1      366.48       307.29        59.19
  13  17 10 27     61   1      316.11       265.17        50.94
  13  17 14 46     61   4      275.58       229.99        45.59
  13  17 19 02     61   3       10.37         7.30         3.07
  13  17 23 28     61   2        9.30         6.14         3.16
 
  14 15 44 21      0   0      659.05       329.27       329.78
  14  9 06 11     16   2       12.36         9.13         3.23
  14  9 10 17     16   1      378.06       372.79         5.27
  14  9 14 29     16   4      435.79       430.75         5.12
  14  9 18 40     16   3       11.50         9.17         2.33
  14  9 22 42     60   3       11.90         7.01         4.89
  14  9 26 57     60   2        9.69         6.13         3.56
  14  9 31 06     60   1      322.23       270.95        51.28
  14  9 35 23     60   4      324.05       268.53        55.52
  14  9 39 19     38   4      443.42       265.59       177.83
  14  9 43 26     38   3       11.19         6.12         1.78
  14  9 47 53     38   2       10.96         2.17         5.06
  14  9 52 01     38   1      383.69       213.87       169.82
  14  9 55 53     22   1      404.89       391.24        13.65
  14 10 00 17     22   4      434.76       388.69        15.56
  14 10 04 36     22   3       11.37         9.19         2.18
  14 10 09 04     22   2       12.12         9.35         2.77
  14 10 13 03     48   2       13.28         9.91         3.37
  14 10 17 29     48   1      458.90       441.55        17.36
  14 10 22 00     48   4      508.24       492.58        15.90
  14 10 26 31     48   3       11.71         9.56         2.15
  14 10 30 44     20   3       25.38        16.25         9.13
  14 10 35 16     20   2       10.06         7.19         2.87
  14 10 39 26     20   1      365.10       352.97        12.13
  14 10 44 01     20   4      381.03       373.45         7.59
  14 10 48 01     17   4      399.48       241.66       157.82
  14 10 52 33     17   3       11.05         6.35         4.70
  14 10 57 11     17   2       10.44         5.17         5.27
  14 11 01 42     17   1      403.26       233.11       170.16
  14 11 05 41     37   1      393.37       378.76        14.61
  14 11 10 12     37   4      433.65       416.22        17.43
  14 11 14 39     37   3       13.24        10.33         2.91
  14 11 19 19     37   2       10.59         8.38         2.20
  14 11 23 20     33   2       16.77        10.87         5.91
  14 11 28 10     33   1      467.66       460.13         7.53
  14 11 33 11     33   4      428.55       422.27         6.27
  14 11 38 09     33   3       15.17        12.04         3.13
  14 11 54 33      1   3       19.43        11.49         7.93
  14 11 58 43      1   2       13.73        10.34         3.40
  14 12 03 49      1   1      504.16       497.70         6.46
  14 12 08 11      1   4      516.01       506.60         9.56
  14 12 20 03     34   4        7.00         3.67         3.33
  14 12 24 12     34   3       11.00         8.78         2.23
  14 12 28 29     34   2       12.27         9.05         3.22
  14 12 32 41     34   1      323.74       311.56        12.17
  14 12 37 30     31   1      346.30       260.88        85.42
  14 12 41 45     31   4      412.87       288.14       124.73
  14 12 45 55     31   3       11.76         6.98         3.08
  14 12 50 14     31   2       10.60         2.03         4.38
  14 12 57 57      7   2       10.78         6.93         3.85
  14 13 02 14      7   1      324.32       259.06        65.26
  14 13 06 39      7   4      369.68       292.41        78.30
  14 13 11 06      7   3       11.58         6.97         4.61
  14 13 16 39     54   3       15.39        10.36         5.03
  14 13 21 04     54   2       14.57        10.55         4.02
  14 13 25 25     54   1      559.76       541.05        18.72
  14 13 29 59     54   4      470.79       464.32         6.47
  14 13 34 58     21   4      450.75       429.35        21.40
  14 13 39 28     21   3       12.80        10.19         2.61
  14 13 44 12     21   2       15.70        10.65         5.05
  14 13 48 45     21   1      418.86       409.10         9.76
  14 13 53 46     28   1      344.12       246.50        97.62
  14 13 58 31     28   4      345.86       248.86        97.00
  14 14 02 41     28   3       10.39         6.75         3.64
  14 14 07 01     28   2       10.38         5.54         4.84
  14 14 11 49     51   2       11.59         7.15         4.44
  14 14 15 58     51   1      380.25       314.35        65.90
  14 14 22 24     51   4      405.37       342.96        62.41
  14 14 26 51     51   3        9.48         7.11         2.37
  14 14 32 14     25   3       11.30         5.88         5.42
  14 14 36 38     25   2       10.43         5.66         4.77
  14 14 40 44     25   1      375.70       252.63       123.07
  14 14 44 52     25   4      694.17       329.54       364.64
 
  15  8 55 07      0   0      661.57       331.45       330.12
  15  9 19 25     56   4      289.64       284.58         5.13
  15  9 23 08     56   3       10.75         8.25         2.50
  15  9 26 59     56   2       10.56         8.36         2.20
  15  9 30 46     56   1      319.98       311.23         8.75
  15  9 34 38     10   1      299.74       161.14       138.61
  15  9 38 52     10   4      291.82       124.90       166.92
  15  9 42 59     10   3       11.38         5.19         6.19
  15  9 47 15     10   2        9.65         4.72         4.93
  15  9 51 30     13   2        9.52          .99         5.09
  15  9 55 36     13   1      222.91       100.56       122.35
  15  9 59 49     13   4      213.58       100.94       112.65
  15 10 03 55     13   3        9.72         4.78         1.75
  15 10 07 54     58   3       11.07         6.42         4.66
  15 10 12 11     58   2       10.25         6.41         3.84
  15 10 16 27     58   1      279.98       200.73        79.24
  15 10 20 51     58   4      273.26       191.38        82.94
  15 10 24 46     40   4      405.18       396.00         9.18
  15 10 29 10     40   3       14.47        11.01         3.46
  15 10 33 40     40   2       11.77         9.18         2.59
  15 10 38 09     40   1      427.57       416.71        10.86
  15 10 42 12      6   1      233.05        98.75       134.30
  15 10 46 26      6   4      243.04       130.30       112.74
  15 10 50 35      6   3        9.24         4.53         4.70
  15 10 54 48      6   2        8.65         3.97         4.68
  15 10 58 46     18   2       11.23         8.85         2.38
  15 11 03 34     18   1      286.94       273.64        13.30
  15 11 08 04     18   4      288.65       274.04        14.61
  15 11 12 29     18   3        9.94         8.00         1.94
  15 11 18 01     52   3       14.58         7.67         6.91
  15 11 22 20     52   2        9.09         5.29         3.80
  15 11 26 32     52   1      316.35       205.24       111.11
  15 11 30 49     52   4      373.88       222.82       151.06
  15 11 35 15     19   4      278.63       265.78        12.84
  15 11 39 23     19   3       10.64         8.22         2.41
  15 11 43 43     19   2       10.15         7.92         2.23
  15 11 47 53     19   1      284.27       270.21        14.07
  15 12 03 19     26   1      368.24       356.51        11.73
  15 12 07 37     26   4      373.21       362.86        10.53
  15 12 11 59     26   3       12.41         9.18         3.23
  15 12 57 17     26   2       10.47         8.28         2.19
  15 13 02 17      3   2       12.29         9.03         3.26
  15 13 06 17      3   1      279.78       270.17         9.61
  15 13 10 25      3   4      254.22       240.62        13.60
  15 13 14 38      3   3       12.15         9.16         2.99
  15 13 19 33     24   3       11.35         8.33         1.83
  15 13 23 54     24   2       10.97         8.36         2.61
  15 13 28 05     24   1      316.49       302.36        14.13
  15 13 32 24     24   4      299.05       282.55        16.50
  15 13 37 16     23   4      248.23       206.07        43.18
  15 13 41 13     23   3       11.48         6.99         4.49
  15 13 45 19     23   2       11.78         7.73         4.06
  15 13 49 19     23   1      242.47       197.33        45.14
  15 13 53 24     64   1      224.32       181.47        42.85
  15 13 57 58     64   4      242.55       194.97        47.58
  15 14 02 23     64   3        9.52         6.45         3.07
  15 14 06 53     64   2        9.02         6.28         2.74
  15 14 10 56     47   2       10.71         8.24         2.47
  15 14 15 02     47   1      317.60       299.20        18.40
  15 14 19 13     47   4      337.52       317.20        20.32
  15 14 23 18     47   3       11.34         8.71         2.64
  15 14 27 27     32   3        9.93         4.48         5.45
  15 14 31 35     32   2        9.85         4.63         5.23
  15 14 36 17     32   1      233.81       105.50       128.31
  15 14 41 41     32   4      261.93       169.58        92.35
  15 14 46 01     50   4      301.19       284.91        16.28
  15 14 52 02     50   3       11.34         8.66         2.68
  15 14 56 32     50   2       10.43         8.14         2.29
  15 15 01 09     50   1      308.81       290.74        18.07
  15 15 05 57     43   1      345.54       336.71         8.83
  15 15 10 47     43   4      360.34       353.49         6.85
  15 15 23 18     43   3       10.49         8.03         2.46
  15 15 27 56     43   2       10.31         7.73         2.58
 
  16   8 59 18      0   0      661.60       329.25       332.35
  16   9 16 20     29   2       12.69         9.52         3.17
  16   9 20 03     29   1      458.56       449.76         8.80
  16   9 23 53     29   4      409.37       403.19         6.27
  16   9 27 41     29   3       12.44         9.81         2.63
  16   9 31 33      5   3       12.75         5.99         6.76
  16   9 35 47      5   2       10.21         4.64         5.57
  16   9 39 56      5   1      385.28       189.80       195.48
  16   9 44 11      5   4      384.31       219.18       165.13
  16   9 49 20      8   4      388.60       224.97       163.63
  16   9 53 25      8   3        9.81         5.65         1.38
  16   9 58 12      8   2       10.53         6.41         4.13
  16  10 02 25      8   1      374.14       265.70       108.43
  16  10 06 58      9   1      411.93       306.00       105.93
  16  10 11 15      9   4      425.96       293.92       134.48
  16  10 15 31      9   3       10.46         7.14         3.32
  16  10 19 50      9   2       11.90         7.47         4.43
  16  10 24 12     61   2       12.14         9.16         2.99
  16  10 28 26     61   1      434.98       427.95         7.03
  16  10 32 50     61   4      378.88       372.53         6.36
  16  10 37 11     61   3       13.82        10.59         3.22
  16  10 40 54      4   3       10.83         6.30         4.53
  16  10 45 14      4   2        9.52         5.33         4.20
  16  10 49 17      4   1      340.91       218.26       122.65
  16  10 53 28      4   4      375.99       226.93       149.06
  16  12 13 58     44   4      456.69       440.04        16.66
  16  12 17 56     44   3       11.14         9.19         1.96
  16  12 22 05     44   2       12.96        10.22         2.74
  16  12 26 06     44   1      439.94       424.67        15.27
  16  12 31 07     62   1      352.14       260.81        91.33
  16  12 35 16     62   4      342.41       256.37        86.04
  16  12 39 11     62   3        9.08         6.11         2.97
  16  12 43 14     62   2        8.52         6.02         2.50
  16  13 01 51     27   2        9.72         7.82         1.89
  16  13 05 43     27   1      327.49       315.63        11.86
  16  13 09 42     27   4      331.07       319.24        11.83
  16  13 13 43     27   3        9.68         7.78         1.91
  16  13 39 54     15   3       14.49        11.66         2.83
  16  13 44 04     15   2       11.86         9.55         2.31
  16  13 48 13     15   1      550.31       539.88        10.43
  16  13 52 31     15   4      587.93       574.74        13.40
  16  13 56 38     41   4      472.66       463.48         9.17
  16  14 00 51     41   3       11.81         9.35         2.46
  16  14 05 14     41   2       10.90         8.62         2.28
  16  14 09 34     41   1      493.09       480.89        12.20
  16  14 13 24     66   1      370.24       362.88         7.36
  16  14 17 55     66   4      379.46       369.45        10.02
  16  14 22 22     66   3       11.76         9.07         1.61
  16  14 27 09     66   2       13.01        10.27         2.74
  16  14 31 16     12   2       11.33         7.30         4.03
  16  14 35 25     12   1      325.99       271.79        54.20
  16  14 39 36     12   4      380.96       319.36        63.07
  16  14 43 39     12   3       11.33         7.62         3.71
  16  14 49 38     53   3       10.17         6.65         3.52
  16  14 54 09     53   2       10.44         7.72         2.72
  16  14 58 33     53   1      380.61       315.30        65.31
  16  15 03 06     53   4      395.43       330.56        64.86
  16  15 07 06     35   4      400.87       385.65        15.22
  16  15 11 15     35   3       12.44         9.83         2.61
  16  15 15 31     35   2       11.48         8.62         2.85
  16  15 19 37     35   1      414.19       398.97        15.22
  16  15 23 23     30   1      435.76       222.46       213.30
  16  15 27 37     30   4      454.62       253.89       200.73
  16  15 31 47     30   3       12.38         6.03         6.34
  16  15 36 01     30   2       10.59         4.83         5.76
  16  15 39 48     36   2       13.09        10.14         2.95
  16  15 44 24     36   1      387.18       373.82        13.36
  16  15 49 05     36   4      369.32       356.35        12.96
  16  15 53 34     36   3       11.95         9.44         2.51
  16  15 58 59     55   3       19.87        12.25         7.62
  16  16 03 49     55   2       13.46         9.91         3.55
  16  16 08 47     55   1      372.10       367.60         4.50
  16  16 14 07     55   4      330.56       324.85         5.71
 
  17  9:33:23     33   4      376.43       291.26        86.36
  17  9:37:21     33   3        9.95         6.35         3.61
  17  9:41:29     33   2        9.33         6.98         2.36
  17  9:45:32     33   1      410.88       319.00        91.88
  17  9:52:08     51   1      123.46         3.50       119.96
  17  9:56:36     51   4      471.24       322.34       148.90
  17 10:00:39     51   3        9.79         6.82         2.98
  17 10:04:47     51   2       10.44         6.05         4.39
  17 10:09:28     21   2       13.26         9.99         3.28
  17 10:13:40     21   1      421.73       407.50        14.23
  17 10:18:01     21   4      429.57       414.42        15.15
  17 10:22:15     21   3       11.33         9.45         1.14
  17 10:29:30     28   3       21.99        14.84         7.15
  17 10:33:38     28   2       18.16        13.44         4.72
  17 10:37:48     28   1      434.93       428.45         6.48
  17 10:42:08     28   4      434.83       427.78         7.04
  17 10:46:37     20   4      348.76       239.34       109.41
  17 10:50:56     20   3       10.66         6.73         3.93
  17 10:55:19     20   2       10.07         5.77         4.30
  17 10:59:36     20   1      313.60       189.22       124.37
  17 11:06:20     54   1      384.63       192.59       192.05
  17 11:10:39     54   4      387.97       264.86       123.11
  17 11:14:54     54   3       10.06         4.98         5.08
  17 11:19:19     54   2        9.92         5.56         4.37
  17 11:23:56     48   2       15.12        11.12         4.00
  17 11:28:31     48   1      486.40       476.21        10.19
  17 11:33:15     48   4      507.01       498.80         8.22
  17 11:38:01     48   3       14.01        10.75         3.26
  17 11:42:53      1   3       14.00         8.20         5.80
  17 11:47:26      1   2       10.74         6.00         4.74
  17 11:51:57      1   1      368.90       306.96        61.94
  17 11:56:27      1   4      362.09       303.37        58.72
  17 12:00:47     17   4      430.40       415.23        15.17
  17 12:04:24     17   3       12.45         9.89         2.56
  17 12:09:09     17   2       12.78         9.71         3.08
  17 12:12:49     17   1      420.06       404.69        15.37
  17 12:40:12     22   1      379.80       237.97       141.83
  17 12:45:13     22   4      411.74       175.55       239.62
  17 12:49:25     22   3       11.19         5.20         5.99
  17 12:53:55     22   2       10.34         5.05         5.29
  17 12:58:52     34   2       11.25         5.66         5.59
  17 13:03:12     34   1      413.05       407.57         5.47
  17 13:07:39     34   4      464.86       459.65         5.21
  17 13:12:06     34   3       13.66        10.77         2.88
  17 13:17:18     38   3       12.59        10.03         1.53
  17 13:21:51     38   2       12.22         9.51         2.72
  17 13:40:29     38   1      448.82       428.64        20.18
  17 13:44:47     38   4      515.49       496.30        19.19
  17 13:51:05     37   4      370.93       197.13       173.80
  17 14:09:39     37   3       10.33         4.41         5.92
  17 14:14:06     37   2        9.81         4.72         5.09
  17 14:18:02     37   1      344.13       227.48       116.65
  17 14:22:10     60   1      434.46       426.74         7.71
  17 14:26:17     60   4      476.61       463.68        12.93
  17 14:30:24     60   3       13.41        10.57         2.83
  17 14:34:45     60   2       12.80         9.89         2.91
  17 14:38:49      7   2       10.66         5.72         4.95
  17 14:42:51      7   1      323.58       205.11       118.47
  17 14:46:56      7   4      363.69       203.95       159.74
  17 14:50:55      7   3        9.98         5.54         4.44
  17 14:55:07     25   3       15.29        10.68         4.61
  17 14:59:49     25   2       13.47         9.82         3.65
  17 15:04:31     25   1      401.93       393.55         8.38
  17 15:09:52     25   4      500.71       469.62        31.09
  17 15:14:48     31   4      365.78       300.00        65.78
  17 15:20:50     31   2       14.04         7.83         6.21
  17 15:25:06     31   1      336.39       284.73        51.66
  17 15:29:20     31   3        9.65         6.73         2.92
  17 15:34:02     16   3       12.67         9.48         3.20
  17 15:38:17     16   2       11.53         8.39         3.14
  17 15:42:44     16   1      352.01       337.96        14.06
  17 15:47:01     16   4      407.02       391.29        15.73
 
  18  15 41 39      0   0      657.24       329.36       327.89 "
  18   9 57 44     24   4      280.83       184.66        98.59 "
  18  10 01 32     24   3        9.26         6.52         2.74 "
  18  10 05 28     24   2        8.94         6.01         2.93 "
  18  10 09 19     24   1      291.88       202.17        89.70 "
  18  10 13 19     19   1      318.47       299.56        18.91 "
  18  10 17 28     19   4      311.26       295.39        15.87 "
  18  10 21 33     19   3        9.53         7.75         1.78 "
  18  10 25 45     19   2       10.01         7.96         2.06 "
  18  10 30 03     52   2        9.40         7.33         2.07 "
  18  10 35 00     52   1      321.83       307.39        14.44 "
  18  10 39 15     52   4      345.83       330.25        15.58 "
  18  10 43 32     52   3       11.66         8.97         2.69 "
  18  10 47 39     13   3       12.85         9.74         3.11 "
  18  10 52 01     13   2       10.74         8.69         2.05 "
  18  10 56 25     13   1      281.02       267.49        13.53 "
  18  11 01 00     13   4      273.13       259.01        14.11 "
  18  11 05 40     32   4      313.49       294.97        18.53 "
  18  11 09 46     32   3       11.37         8.70         2.67 "
  18  11 14 00     32   2        9.81         7.83         1.98 "
  18  11 18 11     32   1      291.63       272.08        19.55 "
  18  11 23 18     18   1      278.45       264.87        13.57 "
  18  11 28 02     18   4      296.19       281.44        14.76 "
  18  11 32 11     18   3       11.39         8.93         2.47 "
  18  11 36 28     18   2        9.74         7.86         1.88 "
  18  11 40 43     40   2       10.95         8.61         2.33 "
  18  11 45 19     40   1      413.58       406.35         7.23 "
  18  11 50 13     40   4      406.13       399.74         6.39 "
  18  11 55 26     40   3       14.47        11.43         3.04 "
  18  12 00 18     58   3       10.19         7.93         2.26 "
  18  12 05 03     58   2        9.10         7.34         1.76 "
  18  12 09 37     58   1      292.92       278.77        14.15 "
  18  12 14 23     58   4      280.78       265.82        14.96 "
  18  12 19 32      6   4      315.89       122.26       193.63 "
  18  12 23 43      6   3        9.98         4.19         5.79 "
  18  12 27 58      6   2        8.26         3.71         4.54 "
  18  12 32 05      6   1      295.39        92.47       202.92 "
  18  12 54 38      3   1      302.73       295.70         7.03 "
  18  12 58 39      3   4      286.78       278.52         8.40 "
  18  13 02 41      3   3       13.02        10.06         2.96 "
  18  13 06 55      3   2        9.95         7.93         2.01 "
  18  13 11 35     56   2        8.49         5.74         2.75 "
  18  13 15 35     56   1      243.55       183.01        60.54 "
  18  13 19 39     56   4      251.12       203.61        47.51 "
  18  13 23 38     56   3        8.16         5.92         2.24 "
  18  13 28 08     50   3       14.83        11.33         1.99 "
  18  13 32 33     50   2       11.01         8.66         2.35 "
  18  13 36 59     50   1      391.53       358.65        32.88 "
  18  13 41 30     50   4      351.49       341.26        10.22 "
  18  13 45 31     10   4      265.22       119.35       145.87 "
  18  13 49 51     10   3       13.15         5.35         7.80 "
  18  13 54 26     10   2        8.59         4.50         4.09 "
  18  13 58 48     10   1      281.66       163.68       117.98 "
  18  14 05 10     23   1      322.53       314.47         8.06 "
  18  14 09 48     23   4      351.99       342.06         9.94 "
  18  14 14 40     23   3       12.24         9.40         2.84 "
  18  14 20 03     23   2       12.51         9.36         3.15 "
  18  14 24 37     47   2        9.53         6.31         3.22 "
  18  14 29 12     47   1      352.16       227.62       124.54 "
  18  14 35 12     47   4      393.67       236.70       156.98 "
  18  14 43 01     47   3       12.77         6.64         6.14 "
  18  14 47 00     26   3       10.51         5.58         4.94 "
  18  14 51 30     26   2       11.35         5.43         5.91 "
  18  14 55 53     26   1      302.95       116.96       185.99 "
  18  15 00 25     26   4      315.72       130.74       184.98 "
  18  15 07 31     64   4      249.50       200.49        49.01 "
  18  15 11 49     64   3        9.44         6.47         2.97 "
  18  15 16 25     64   2        8.84         6.09         2.75 "
  18  15 20 45     64   1      233.94       187.46        46.48 "
  18  15 24 50     43   1      336.47       329.79         6.69 "
  18  15 29 24     43   4      362.56       356.51         6.05 "
  18  15 34 40     43   3       11.42         8.69         2.74 "
  18  15 39 25     43   2       14.56        11.07         3.48 "
 
  19   8 54 42      0   0      657.86       328.97       328.89
  19   9 05 29     44   2       10.04         5.28         4.75
  19   9 09 16     44   1      400.75       210.17       190.58
  19   9 13 09     44   4      405.58       277.47       134.08
  19   9 16 56     44   3       10.27         6.39         3.88
  19   9 20 35     12   3       12.01         7.61         4.40
  19   9 24 27     12   2       10.62         5.99         4.62
  19   9 28 14     12   1      324.13       260.05        64.08
  19   9 32 08     12   4      397.08       324.93        72.15
  19   9 35 45     36   4      370.90       357.58        13.31
  19   9 39 52     36   3       12.08         9.71         1.40
  19   9 44 18     36   2       12.12         9.48         2.64
  19   9 48 28     36   1      386.36       372.84        13.52
  19   9 52 14     27   1      390.52       380.10        10.42
  19   9 56 34     27   4      398.49       388.61         9.88
  19  10 01 00     27   3       12.17         9.59         2.58
  19  10 05 22     27   2       10.91         8.72         2.19
  19  10 09 30     53   2       15.70        11.74         3.97
  19  10 13 52     53   1      538.48       524.39        14.09
  19  10 18 28     53   4      549.62       537.00        12.61
  19  10 22 57     53   3       13.16        10.16         3.00
  19  10 26 38     29   3       12.88         9.70         3.18
  19  10 31 23     29   2       12.62         9.22         3.40
  19  10 35 56     29   1      397.08       381.52        15.56
  19  10 40 25     29   4      354.27       341.32        12.95
  19  10 44 16     55   4      296.74       207.36        89.39
  19  10 48 51     55   3        9.95         6.25         3.70
  19  10 53 15     55   2       11.48         6.00         5.48
  19  10 57 37     55   1      329.53       228.98       100.55
  19  11 01 34     66   1      345.67       271.82        73.85
  19  11 06 12     66   4      353.87       274.37        79.50
  19  11 10 41     66   3       14.83         7.77         7.06
  19  11 15 16     66   2       10.28         7.18         3.10
  19  11 19 31     62   2       15.82        10.71         5.11
  19  11 24 12     62   1      426.33       417.50         8.83
  19  11 29 07     62   4      420.21       413.00         7.21
  19  11 33 55     62   3       11.67         8.93         2.74
  19  14 17 04     35   3       14.43        11.17         3.27
  19  14 20 58     35   2       11.46         8.59         2.87
  19  14 24 48     35   1      381.60       365.03        16.57
  19  14 28 49     35   4      370.61       352.99        17.87
  19  14 32 35      4   4      459.67       242.69       216.98
  19  14 36 32      4   3       13.27         6.23         7.05
  19  14 43 05      4   1      402.86       220.60       182.27
  19  14 54 04      4   2        7.45         5.12         2.33
  19  14 57 40     15   1      460.58       444.40        16.18
  19  15 01 33     15   4      468.41       450.83        17.57
  19  15 05 24     15   3       11.16         9.29         1.11
  19  15 09 24     15   2        9.90         8.16         1.74
  19  15 13 18      5   2       11.59         6.75         4.83
  19  15 17 22      5   1      406.11       283.54       122.57
  19  15 21 31      5   4      382.71       284.15        98.56
  19  15 25 36      5   3       15.10         7.96         7.15
  19  15 29 31      9   3       11.37         7.46         3.92
  19  15 33 59      9   2       10.61         7.49         3.12
  19  15 38 19      9   1      328.82       273.61        55.20
  19  15 42 48      9   4      327.65       268.90        58.75
  19  15 46 40     30   4      420.03       233.69       186.34
  19  15 51 07     30   3       12.16         5.91         6.25
  19  15 55 41     30   2       11.12         5.07         6.05
  19  16 00 06     30   1      430.28       222.02       208.26
  19  16 04 21     61   1      382.89       377.45         5.43
  19  16 13 35     61   4      340.74       336.02         4.72
  19  16 18 05     61   3       13.32        10.39         2.93
  19  16 22 56     61   2       13.11        10.27         2.84
  19  16 27 06     41   2       14.89        10.97         3.92
  19  16 31 46     41   1      474.76       458.61        16.15
  19  16 36 20     41   4      464.41       453.53        10.89
  19  16 42 12     41   3       14.05         8.85         5.20
  19  16 46 22      8   3       18.46        12.85         5.61
  19  16 51 05      8   2       15.27        11.29         3.97
  19  16 55 39      8   1      447.31       440.31         7.00
  19  17 00 22      8   4      523.77       507.64        16.12
 
  20   9 35 02      0   0      660.24       329.66       330.58
  20   9 45 46     18   4      362.43       346.13        16.53
  20   9 49 48     18   3       10.59         8.54         2.05
  20   9 53 56     18   2       10.42         8.52         1.91
  20   9 58 00     18   1      361.73       345.30        16.43
  20  10 02 07      3   1      289.18       244.08        45.09
  20  10 05 57      3   4      250.88       207.79        43.09
  20  10 09 43      3   3        9.31         6.76         2.55
  20  10 13 35      3   2        8.70         6.30         2.40
  20  10 17 10     50   2       12.45         9.79         2.66
  20  10 21 29     50   1      502.81       469.71        33.11
  20  10 25 52     50   4      404.25       395.33         8.92
  20  10 30 17     50   3       14.73        11.30         2.05
  20  10 34 24     47   3       13.73         6.95         6.78
  20  10 38 44     47   2       12.89         7.12         5.78
  20  10 43 16     47   1      365.04       261.55       103.49
  20  10 47 28     47   4      401.46       281.40       120.06
  20  10 51 37     58   4      337.84       246.19        91.65
  20  11 00 09     58   3       10.24         6.46         3.78
  20  11 04 27     58   2       10.03         6.64         3.39
  20  11 09 51     58   1      345.29       255.49        89.80
  20  11 14 53     19   1      428.46       419.87         8.58
  20  11 19 22     19   4      438.71       429.34         9.36
  20  11 23 53     19   3       12.18         9.65         2.53
  20  11 28 37     19   2       12.13         9.45         2.68
  20  11 32 34     23   2       13.60        10.35         3.24
  20  11 37 17     23   1      340.80       332.77         8.02
  20  11 41 50     23   4      359.13       349.86         9.27
  20  11 46 21     23   3       12.85         9.99         2.86
  20  11 58 36     26   3       11.27         8.66         2.61
  20  12 02 56     26   2        9.79         7.92         1.86
  20  12 07 14     26   1      365.65       349.75        15.90
  20  12 11 41     26   4      384.78       368.07        16.71
  20  12 15 48     40   4      377.61       312.09        65.52
  20  12 20 13     40   3        9.74         7.02         2.72
  20  12 24 44     40   2        8.47         5.58         2.89
  20  12 29 09     40   1      380.93       314.79        66.14
  20  12 48 01     24   1      339.06       176.09       162.98
  20  12 52 20     24   4      318.18       152.04       169.96
  20  12 58 29     24   3        8.74         4.56         4.18
  20  13 04 30     24   2        8.51         4.30         4.21
  20  14 45 46     64   2       10.15         8.17         1.98
  20  14 49 33     64   1      347.05       333.24        13.81
  20  14 53 37     64   4      371.39       357.54        13.85
  20  14 57 25     64   3        9.97         8.00         1.97
  20  15 01 00     13   3       10.35         4.67         2.28
  20  15 05 04     13   2       10.60         4.26         6.33
  20  15 09 05     13   1      350.39       138.90       211.49
  20  15 13 07     13   4      337.57       138.37       199.20
  20  15 16 49     10   4      474.11       460.23        13.88
  20  15 20 55     10   3       24.50        19.23         5.27
  20  15 25 16     10   2       14.79        11.44         3.35
  20  15 35 26     10   1      440.28       432.50         7.77
  20  15 39 07     56   1      410.85       381.63        29.21
  20  15 43 27     56   4      368.59       359.45         9.13
  20  15 47 43     56   3       10.66         8.22         2.44
  20  15 52 07     56   2       11.96         9.41         2.56
  20  15 55 47     32   2       13.16         5.05         8.11
  20  16 00 07     32   1      291.26       136.51       154.75
  20  16 05 15     32   4      328.35       225.88       102.47
  20  16 09 32     32   3        9.65         4.64         5.02
  20  16 13 18      6   3       10.87         4.85         6.02
  20  16 17 29      6   2        8.84         4.28         4.56
  20  16 21 40      6   1      297.75       141.13       156.62
  20  16 26 18      6   4      303.43       175.71       127.72
  20  16 30 30     52   4      520.03       503.14        16.89
  20  16 34 47     52   3       13.44        10.37         3.07
  20  16 39 18     52   2       12.86         9.92         2.94
  20  16 43 44     52   1      454.44       443.56        10.87
  20  16 47 44     43   1      357.71       342.57        15.14
  20  16 52 08     43   4      391.79       375.03        16.75
  20  16 56 23     43   3        8.97         7.08         1.89
  20  17 00 50     43   2       10.96         7.93         3.03
 
  21   8 52 59      0   0      658.15       329.09       329.06
  21   9 00 55     28   2        9.39         4.49         4.90
  21   9 04 56     28   1      332.39       199.69       132.70
  21   9 09 05     28   4      336.84       210.18       131.91
  21   9 13 18     28   3       10.60         5.75         4.86
  21   9 17 13     60   3       14.23        11.38         2.85
  21   9 21 08     60   2       13.87        10.93         2.94
  21   9 25 30     60   1      416.11       411.18         4.93
  21   9 29 28     60   4      448.74       439.57         9.17
  21   9 33 19     17   4      321.22       191.67       129.55
  21   9 37 12     17   3       11.53         5.72         2.85
  21   9 41 12     17   2        8.84         4.35         4.49
  21   9 45 07     17   1      317.75       188.79       128.96
  21   9 48 46     34   1      350.21       337.56        12.65
  21   9 52 45     34   4      313.63       298.64        14.98
  21   9 56 36     34   3       10.59         7.39         3.20
  21  10 00 34     34   2       12.67        10.09         2.58
  21  10 04 06     25   2        9.89         6.51         3.38
  21  10 08 08     25   1      330.62       249.93        80.69
  21  10 12 17     25   4      395.92       254.24       141.68
  21  10 16 19     25   3       20.31         7.83        12.48
  21  10 19 56     22   3       10.78         5.27         5.51
  21  10 24 06     22   2        9.86         4.63         5.23
  21  10 28 15     22   1      358.82       228.91       129.91
  21  10 32 25     22   4      389.89       193.13       196.76
  21  10 36 12      7   4      286.69       242.75        43.94
  21  10 40 37      7   3        9.03         5.93         3.09
  21  10 45 12      7   2        8.04         5.86         2.18
  21  10 49 39      7   1      258.36       218.55        39.82
  21  10 53 28     37   1      355.30       338.87        16.43
  21  10 57 59     37   4      414.05       393.86        20.19
  21  11 02 24     37   3       14.84        10.99         3.86
  21  11 07 00     37   2       10.09         8.05         2.04
  21  11 10 56     31   2       10.53         8.32         2.21
  21  11 15 14     31   1      326.03       311.04        14.99
  21  11 19 36     31   4      376.48       357.35        19.13
  21  11 23 50     31   3        9.98         8.11         1.87
  21  11 40 50     48   3       12.73        10.25         2.49
  21  11 45 17     48   2       11.25         9.07         2.18
  21  11 49 33     48   1      443.21       433.64         9.57
  21  11 53 54     48   4      482.55       474.45         8.26
  21  11 57 48      1   4      422.45       311.95       110.50
  21  12 02 10      1   3       10.01         6.60         3.41
  21  12 06 38      1   2        8.89         4.82         4.07
  21  12 11 05      1   1      417.66       318.91        98.75
  21  12 14 55     54   1      361.11       296.39        64.72
  21  12 19 05     54   4      369.92       312.42        57.50
  21  12 23 08     54   3        9.49         5.90         1.58
  21  12 27 19     54   2        9.37         7.24         2.13
  21  12 30 57     51   2       10.92         8.80         2.12
  21  12 35 26     51   1      429.60       404.12        25.49
  21  12 39 57     51   4      463.14       451.06        12.08
  21  12 44 24     51   3       11.35         9.15         2.20
  21  12 48 18     16   3        9.26         5.39         3.87
  21  12 52 53     16   2        8.30         5.34         2.96
  21  12 57 14     16   1      303.28       207.21        96.07
  21  13 01 42     16   4      356.23       253.24       102.98
  21  15 05 43     20   4      307.94       217.86        90.08
  21  15 20 29     20   3       10.91         6.50         4.42
  21  15 24 38     20   2        8.85         5.38         3.47
  21  15 28 42     20   1      281.56       162.69       118.87
  21  15 32 44     33   1      393.29       378.33        14.95
  21  15 36 42     33   4      370.47       356.71        13.75
  21  15 40 22     33   3       18.71        13.34         5.37
  21  15 45 07     33   2        9.46         7.79         1.67
  21  16 03 52     21   2       14.92        11.58         3.35
  21  16 07 31     21   1      409.42       401.12         8.30
  21  16 11 16     21   4      482.36       465.57        16.79
  21  16 14 47     21   3       14.93        11.89         3.04
  21  16 19 33     38   3       23.05        18.71         4.33
  21  16 23 34     38   2       18.43        14.70         3.73
  21  16 27 11     38   1      502.48       476.54        25.94
  21  16 30 59     38   4      544.81       527.34        17.47
 
  22  15 43 10      0   0      654.38       326.08       328.30
  22   9 28 46     47   4      482.34       247.24       239.87
  22   9 32 30     47   3       10.67         5.10         5.56
  22   9 36 24     47   2       10.61         5.92         4.68
  22   9 40 11     47   1      444.53       268.37       176.16
  22   9 43 52     40   1      505.28       486.45        18.83
  22   9 47 55     40   4      488.64       470.44        18.20
  22   9 51 50     40   3       12.43        10.17         2.26
  22   9 55 54     40   2       10.46         8.59         1.87
  22   9 59 33     64   2        9.61         6.51         3.10
  22  10 03 27     64   1      331.21       279.45        51.76
  22  10 07 27     64   4      355.44       298.93        56.51
  22  10 11 21     64   3        9.63         7.07         2.56
  22  10 14 54     23   3       12.09         9.74         2.35
  22  10 19 17     23   2       13.01        10.34         2.66
  22  10 23 34     23   1      384.85       371.27        13.58
  22  10 27 57     23   4      406.83       392.80        14.02
  22  10 31 44     52   4      566.04       554.29        11.75
  22  10 36 12     52   3       12.68        10.29         2.39
  22  10 40 51     52   2       12.30         9.43         2.88
  22  10 45 46     52   1      507.70       500.12         7.58
  22  10 50 53     19   1      423.87       417.16         6.72
  22  10 55 41     19   4      433.27       426.94         6.33
  22  11 00 30     19   3       11.82         9.53         2.29
  22  11 05 27     19   2       11.52         9.30         2.21
  22  11 10 17     10   2       14.83        11.23         3.60
  22  11 15 34     10   1      508.15       501.58         6.57
  22  11 20 12     10   4      534.37       523.13        11.24
  22  11 24 52     10   3       16.15        12.63         3.51
  22  11 41 07     18   3       16.02         7.94         8.08
  22  11 45 16     18   2       11.01         5.71         5.30
  22  11 49 23     18   1      405.77       240.34       165.43
  22  11 54 08     18   4      388.31       281.05       107.26
  22  11 58 58     24   4      364.81       190.84       173.97
  22  12 03 33     24   3       12.17         5.94         6.23
  22  12 08 08     24   2        9.82         5.06         4.76
  22  12 12 31     24   1      380.88       225.45       155.43
  22  12 36 40     58   1      451.25       439.21        12.04
  22  12 40 52     58   4      433.85       421.20        12.89
  22  12 45 01     58   3       11.41         9.02         2.38
  22  12 50 41     58   2       11.27         9.10         2.17
  22  12 55 21     26   2        9.49         7.21         2.27
  22  12 59 40     26   1      348.67       286.22        62.45
  22  13 04 06     26   4      358.07       298.74        59.32
  22  13 08 26     26   3        9.13         7.06         2.07
  22  13 13 10      6   3       12.73         7.34         5.38
  22  13 17 37      6   2       10.33         6.14         4.19
  22  13 22 00      6   1      456.67       267.12       189.55
  22  13 26 28      6   4      465.17       314.19       150.98
  22  13 31 04     13   4      351.42       194.58       156.84
  22  13 35 25     13   3        9.70         5.16         4.54
  22  13 39 51     13   2       10.16         5.43         4.74
  22  13 44 08     13   1      377.90       221.81       156.09
  22  13 48 04     50   1      385.21       201.11       184.10
  22  13 52 15     50   4      370.58       261.82       108.76
  22  13 56 20     50   3       11.46         5.58         5.89
  22  14 00 31     50   2       10.01         4.41         5.60
  22  14 04 16     32   2       16.65        13.08         3.56
  22  14 08 34     32   1      561.71       537.32        24.38
  22  14 13 00     32   4      495.01       484.89        10.12
  22  14 17 20     32   3       12.19         9.59         2.61
  22  14 21 05     56   3       12.25         9.07         3.19
  22  14 25 53     56   2       12.48         9.79         2.69
  22  14 30 28     56   1      422.29       404.59        17.70
  22  14 35 08     56   4      392.27       378.01        14.26
  22  14 39 04      3   4      383.48       360.72        22.76
  22  14 43 39      3   3       13.10        10.51         2.59
  22  14 48 22      3   2       11.27         8.81         2.46
  22  14 52 55      3   1      417.02       397.72        19.30
  22  14 56 40     43   1      427.60       410.77        16.83
  22  15 01 06     43   4      489.66       470.83        18.83
  22  15 05 22     43   3       16.50        12.65         3.86
  22  15 09 52     43   2       11.50         9.12         2.38
 
  23  16 01 42      0   0      633.08       317.02       319.12
  23  16 08 35     53   4      482.42       464.86        17.81
  23  10 13 27     53   3       10.03         7.95         2.09
  23  10 17 44     53   2       11.76         9.61         2.15
  23  10 21 55     53   1      462.50       446.12        16.38
  23  10 26 42     41   1      456.18       439.78        16.40
  23  10 31 23     41   4      447.90       438.04         9.86
  23  10 36 44     41   3       19.77        12.98         6.79
  23  10 41 18     41   2       12.03         9.03         3.00
  23  11 08 12     35   2       10.13         7.73         2.41
  23  11 12 11     35   1      347.12       332.74        14.38
  23  11 16 19     35   4      332.97       319.41        13.56
  23  11 20 21     35   3       10.26         7.96         2.30
  23  11 24 59     12   3       16.03        11.72         4.31
  23  11 29 17     12   2       12.67         9.59         3.08
  23  11 48 58     12   1      456.13       436.48        19.66
  23  11 53 08     12   4      522.32       504.96        17.35
  23  12 16 09      9   4      475.71       457.22        18.49
  23  12 20 06      9   3       11.09         8.88         2.21
  23  12 24 19      9   2       12.42         9.63         2.79
  23  12 28 30      9   1      438.49       430.11         8.38
  23  12 33 21     15   1      427.16       412.31        14.85
  23  12 37 49     15   4      440.76       425.03        15.73
  23  12 42 14     15   3       13.02        10.19         2.83
  23  12 46 51     15   2        9.52         7.52         2.00
  23  12 51 57      5   2        9.28         4.63         4.66
  23  12 56 09      5   1      336.08       187.49       148.59
  23  13 00 32      5   4      334.70       220.24       114.47
  23  13 04 41      5   3       10.14         5.15         4.99
  23  13 09 21     55   3       10.94         6.40         4.54
  23  13 13 51     55   2       10.98         6.48         4.50
  23  13 18 19     55   1      319.31       229.04        90.27
  23  13 22 55     55   4      278.66       185.31        93.35
  23  13 27 36      4   4      397.40       287.39       110.01
  23  13 32 00      4   3       11.07         7.00         4.07
  23  13 36 28      4   2       10.69         6.71         3.98
  23  13 40 47      4   1      350.89       256.97        93.92
  23  14 20 34     27   1      320.90       276.22        44.68
  23  14 24 35     27   4      311.66       269.10        43.40
  23  14 28 29     27   3        9.47         7.12         2.35
  23  14 32 35     27   2        9.35         6.82         2.53
  23  14 37 19     29   2        9.41         6.82         2.59
  23  14 42 26     29   1      329.72       281.33        48.40
  23  14 50 17     29   4      295.23       253.64        42.61
  23  14 54 12     29   3       10.45         7.07         3.38
  23  14 59 19     30   3       15.33        11.26         4.07
  23  15 03 45     30   2       15.30        11.26         4.04
  23  15 08 09     30   1      464.27       438.75        25.52
  23  15 12 41     30   4      451.16       427.49        23.67
  23  15 17 41     66   4      392.09       384.13         7.96
  23  15 22 22     66   3       12.70         9.22         3.48
  23  15 27 14     66   2       13.24         9.70         3.53
  23  15 31 58     66   1      377.18       370.62         6.56
  23  15 39 17     36   1      349.74       273.02        76.72
  23  15 43 47     36   4      336.04       262.16        73.88
  23  15 48 30     36   3       14.23         8.08         6.15
  23  15 53 04     36   2       10.92         6.30         4.62
  23  16 06 01     62   1      296.50       246.02        50.48
  23  16 11 34     62   4      289.12       238.23        50.88
  23  16 15 56     62   3        8.29         6.00         2.28
  23  17 27 16     44   3       10.67         6.58         4.09
  23  17 36 40     44   2        8.79         4.87         3.92
  23  17 40 55     44   1      430.92       256.98       173.94
  23  17 45 24     44   4      425.63       281.36       144.27
  23  17 50 02     61   4      324.52       224.98        99.54
  23  17 53 56     61   3        9.45         5.23         4.21
  23  17 58 01     61   2        8.44         4.22         4.23
  23  18 01 59     61   1      371.58       247.68       123.90
  23  18 06 32      8   1      439.35       425.57        13.78
  23  18 10 38      8   4      455.26       439.20        16.06
  23  18 14 44      8   3       10.37         8.47         1.90
  23  18 18 57      8   2       11.16         9.25         1.91
 
  24  16 26 09      0   0      636.67       319.45       317.21
  24  16 27 00      6   2       11.39         8.78         2.61
  24  10 15 29      6   1      445.63       417.88        27.76
  24  10 19 33      6   4      432.16       417.47        14.91
  24  10 23 34      6   3       15.82        12.06         3.76
  24  10 28 24     43   3        8.56         4.37         4.19
  24  10 32 40     43   2        7.74         4.14         3.60
  24  10 36 49     43   1      333.49       200.84       132.65
  24  10 40 54     43   4      366.02       247.77       118.25
  24  10 45 20     56   4      351.47       337.20        14.27
  24  10 49 37     56   3        9.65         7.63         2.02
  24  10 54 07     56   2        9.98         8.10         1.88
  24  10 58 31     56   1      361.63       347.67        13.97
  24  11 03 09     56   1      414.18       404.70         9.49
  24  11 07 39     56   4      407.49       396.67        10.82
  24  11 12 08     56   3       13.16         9.91         3.25
  24  11 16 52     56   2       11.13         8.80         2.33
  24  11 21 31     50   2       10.37         5.04         5.33
  24  11 45 43     50   1      407.10       241.05       166.05
  24  11 54 00     50   4      356.97       265.27        91.70
  24  11 58 38     50   3       10.06         6.71         3.34
  24  12 03 17     24   3        8.69         6.69         2.00
  24  12 07 29     24   2        8.26         6.28         1.97
  24  12 11 30     24   1      322.07       271.35        50.72
  24  12 15 36     24   4      300.96       254.06        46.91
  24  12 19 54     26   4      395.29       282.36       112.93
  24  12 24 16     26   3       15.07         8.03         7.04
  24  12 28 48     26   2        9.56         7.06         2.50
  24  12 33 25     26   1      391.97       279.20       112.77
  24  12 38 07     10   1      425.09       416.71         8.38
  24  12 42 44     10   4      432.35       414.28        18.07
  24  12 47 17     10   3       12.37         9.79         2.57
  24  12 52 02     10   2       12.88         9.97         2.90
  24  12 57 04     40   2       11.09         8.85         2.24
  24  13 01 46     40   1      485.47       465.97        19.51
  24  13 24 07     40   4      471.69       452.70        18.99
  24  13 28 36     40   3       12.18         9.75         2.43
  24  13 48 28     18   3       10.87         7.26         3.62
  24  13 52 49     18   2        9.46         6.17         3.29
  24  13 57 13     18   1      308.72       241.34        67.38
  24  14 01 54     18   4      304.59       252.01        53.79
  24  14 06 31     13   4      440.80       417.83        22.97
  24  14 11 03     13   3       16.42        12.33         4.09
  24  14 15 52     13   2       12.13         9.43         2.69
  24  14 20 37     13   1      439.53       419.45        20.08
  24  14 26 03      3   1      284.86       189.36        95.51
  24  14 30 42      3   4      258.64       154.55       104.09
  24  14 35 27      3   3        9.63         5.14         4.49
  24  14 40 06      3   2        8.94         4.43         4.51
  24  14 44 48     47   2       12.85         9.53         3.32
  24  15 11 03     47   1      472.68       459.74        12.94
  24  15 15 32     47   4      529.82       512.26        17.56
  24  15 19 55     47   3       13.52        10.06         3.45
  24  15 24 31     23   3       11.23         8.74         2.49
  24  15 28 53     23   2       11.32         8.67         2.65
  24  15 33 11     23   1      324.39       309.78        14.61
  24  15 37 53     23   4      343.55       327.71        15.84
  24  15 42 28     19   4      388.10       373.01        15.08
  24  15 47 38     19   3       14.03        10.25         3.78
  24  15 51 58     19   2       13.75        10.03         3.72
  24  15 56 15     19   1      373.48       357.09        16.39
  24  16 00 49     52   1      365.79       209.93       155.86
  24  16 05 27     52   4      391.95       189.03       202.92
  24  16 10 04     52   3       12.93         6.34         6.60
  24  16 14 53     52   2       12.50         5.62         6.89
  24  16 19 31     64   2       14.35        10.12         4.22
  24  16 24 14     64   1      360.65       349.10        11.55
  24  16 29 01     64   4      375.33       365.29        10.03
  24  16 33 44     64   3       14.02         9.77         4.25
  24  16 38 12     32   3       14.00         6.83         7.17
  24  16 42 39     32   2       13.30         6.48         6.82
  24  16 46 55     32   1      346.95       163.55       183.40
  24  16 51 20     32   4      366.69       237.08       129.61
 
  25   7 45 04      0   0      630.01       315.95       317.19
  25   7 50 03     33   4      272.61       258.82        14.00
  25   7 57 32     33   3        8.64         6.86         1.78
  25   8 01 28     33   2        9.01         7.03         1.98
  25   8 05 20     33   1      287.12       273.01        14.11
  25   8 09 54     60   1      302.07       296.60         5.47
  25   8 13 58     60   4      325.75       316.54         9.20
  25   8 17 59     60   3       10.57         8.08         2.49
  25   8 22 12     60   2       10.25         7.63         2.61
  25   8 26 18     60   2       10.87         8.40         2.47
  25   8 30 39     60   1      318.89       299.78        19.11
  25   8 35 35     60   4      352.61       342.01        10.60
  25   8 40 09     60   3       10.51         7.99         2.52
  25   8 44 52     28   3       12.62         9.30         3.31
  25   8 49 44     28   2       11.94         8.98         2.97
  25   8 54 45     28   1      287.61       281.63         5.98
  25   8 59 49     28   4      290.01       283.83         6.18
  25   9 04 43     17   4      230.62       142.82        87.81
  25   9 09 24     17   3        9.86         5.81         4.06
  25   9 14 48     17   2        8.78         4.14         4.64
  25   9 19 19     17   1      222.10       133.11        88.99
  25   9 24 09     25   1      258.36       186.81        71.55
  25   9 28 53     25   4      301.90       190.75       111.15
  25   9 33 30     25   3        9.60         6.01         3.58
  25   9 39 16     25   2        9.24         5.97         3.27
  25   9 44 38     20   2       10.13         6.63         3.50
  25  10 16 24     20   1      241.68       167.07        74.61
  25  10 20 45     20   4      255.81       186.34        69.47
  25  10 24 47     20   3       12.11         6.97         5.14
  25  10 29 16     48   3        9.37         4.35         5.02
  25  10 33 58     48   2        9.07         3.70         5.37
  25  10 38 15     48   1      295.83       153.17       142.66
  25  10 42 40     48   4      319.98       190.71       129.27
  25  10 49 06      7   4      259.81       247.48        12.33
  25  10 53 25      7   3        9.47         7.07         2.40
  25  11 01 24      7   2        9.48         7.11         2.36
  25  11 05 45      7   1      236.45       225.33        11.12
  25  12 15 42     34   1      233.69       140.45        93.24
  25  12 19 37     34   4      272.75       162.09       114.51
  25  12 23 33     34   3        9.29         4.14         5.15
  25  12 27 34     34   2        9.39         5.40         3.99
  25  12 31 50     31   2        9.84         4.37         5.48
  25  12 35 53     31   1      231.05       151.64        79.41
  25  12 40 00     31   4      241.36       107.49       133.87
  25  12 43 59     31   3        9.27         4.48         4.80
  25  12 48 22     22   3       10.49         4.98         5.52
  25  12 52 50     22   2        9.82         4.90         4.92
  25  12 57 13     22   1      259.20       148.19       111.01
  25  13 01 47     22   4      274.66       107.73       166.93
  25  13 06 30     54   4      300.32       284.98        15.34
  25  13 10 41     54   3       10.17         7.52         2.65
  25  13 15 05     54   2       10.69         8.06         2.62
  25  13 19 20     54   1      291.40       277.16        14.24
  25  13 23 57     21   1      278.19       263.49        14.70
  25  13 28 30     21   4      278.53       264.44        14.09
  25  13 33 07     21   3       10.32         8.14         2.18
  25  13 37 45     21   2        9.85         7.64         2.21
  25  13 42 30      1   2        9.19         5.18         4.01
  25  13 47 00      1   1      287.10       231.59        55.51
  25  13 51 39      1   4      275.45       224.88        50.57
  25  13 56 09      1   3        8.34         6.12         2.22
  25  14 00 56     38   3       12.67         9.74         2.93
  25  14 05 29     38   2       10.92         8.52         2.39
  25  14 10 08     38   1      408.48       386.13        22.35
  25  14 14 47     38   4      441.55       426.75        14.81
  25  14 20 13     16   4      326.33       316.93         9.39
  25  14 24 42     16   3       11.04         8.48         2.56
  25  14 29 25     16   2        9.67         7.28         2.39
  25  14 34 07     16   1      284.47       276.32         8.15
  25  14 38 45     37   1      240.18       193.34        46.84
  25  14 43 22     37   4      247.72       200.10        47.62
  25  14 47 34     37   3        8.38         5.56         2.82
  25  14 52 28     37   2        8.10         5.61         2.49
 
  26   8 32 29      0   0      634.37       316.76       320.76
  26   8 33 43      4   4      471.35       452.30        19.38
  26   8 41 07      4   3       11.58         9.34         2.24
  26   8 45 16      4   2       10.39         8.32         2.07
  26   8 49 27      4   1      415.33       401.21        14.12
  26   8 54 14      8   1      378.05       320.47        57.58
  26   8 58 15      8   4      384.79       316.02        68.76
  26   9 02 10      8   3        9.36         6.92         2.44
  26   9 06 24      8   2       10.20         7.99         2.21
  26   9 10 53     12   2        9.45         4.72         4.73
  26   9 14 54     12   1      293.48       164.48       129.00
  26   9 19 22     12   4      342.02       198.51       143.51
  26   9 24 29     12   3       10.32         5.05         5.28
  26   9 29 10     30   3       11.98         5.67         6.31
  26   9 33 44     30   2       10.37         4.75         5.62
  26   9 37 45     30   1      406.05       194.47       211.58
  26   9 41 53     30   4      394.18       198.61       195.57
  26   9 46 11     41   4      454.43       446.32         8.11
  26   9 50 26     41   3       19.12        13.04         6.09
  26   9 54 57     41   2       11.71         8.85         2.86
  26   9 59 29     41   1      473.59       462.27        11.33
  26  10 03 59      5   1      408.73       389.33        19.40
  26  10 08 38      5   4      409.21       389.57        19.64
  26  10 13 41      5   3       12.05         9.25         2.80
  26  10 18 24      5   2       11.47         8.73         2.74
  26  10 23 06     61   2       12.33         9.26         3.07
  26  10 27 55     61   1      426.65       419.33         7.32
  26  10 32 52     61   4      365.52       358.44         7.08
  26  10 39 18     61   3       12.95         9.87         3.08
  26  10 44 05     36   3       11.75         7.67         4.08
  26  10 56 00     36   2       11.96         6.23         5.73
  26  11 00 11     36   1      330.91       249.65        81.26
  26  11 04 38     36   4      313.64       235.32        78.32
  26  11 09 27     62   4      293.23       242.09        51.14
  26  11 42 44     62   3       10.41         6.92         3.49
  26  11 47 40     62   2        9.36         6.68         2.67
  26  12 15 55     62   1      302.14       249.89        52.25
  26  12 36 53     66   1      297.04       210.75        86.29
  26  12 41 04     66   4      297.80       209.40        92.57
  26  12 45 25     66   3        8.92         5.08         3.84
  26  12 49 54     66   2        9.88         6.07         3.81
  26  12 54 23     27   2       12.35         9.27         3.08
  26  12 58 31     27   1      390.60       382.96         7.63
  26  13 02 51     27   4      388.25       381.08         7.18
  26  13 07 09     27   3       12.73         9.64         3.09
  26  13 11 39     35   3       11.47         8.60         2.87
  26  13 24 26     35   2       10.43         7.97         2.46
  26  13 28 41     35   1      362.57       345.09        17.48
  26  13 32 56     35   4      345.10       327.91        17.19
  26  13 37 26      9   4      371.40       264.25       107.15
  26  13 41 56      9   3       11.10         7.77         3.33
  26  13 46 36      9   2       10.88         7.29         3.59
  26  13 51 07      9   1      352.83       268.39        84.44
  26  13 55 43     15   1      434.48       423.46        11.02
  26  14 00 44     15   4      456.11       443.06        13.05
  26  14 05 38     15   3       14.91        11.14         3.77
  26  14 10 45     15   2       12.53         9.21         3.32
  26  14 16 01     55   2       13.59        10.08         3.51
  26  14 20 52     55   1      367.44       352.19        15.25
  26  14 25 48     55   4      325.20       311.09        14.11
  26  14 30 36     55   3       11.84         8.89         2.96
  26  14 35 29     29   3       13.65         9.90         3.76
  26  14 40 23     29   2       12.45         9.02         3.43
  26  14 45 11     29   1      416.86       400.99        15.87
  26  14 50 07     29   4      372.70       356.72        15.98
  26  14 55 21     53   4      479.49       460.35        19.13
  26  14 59 52     53   3       12.42         9.14         3.28
  26  15 04 30     53   2       13.33        10.29         3.04
  26  15 09 02     53   1      449.94       432.19        17.75
  26  15 13 27     44   1      408.71       237.28       171.43
  26  15 18 19     44   4      402.65       258.77       143.88
  26  15 22 59     44   3       11.95         7.18         4.78
  26  15 45 21     44   2       10.74         5.85         4.89
 
  27   8 23 48      0   0      639.42       319.29       320.13
  27   8 32 38     48   2       11.69         9.37         2.32
  27   8 36 27     48   1      504.22       492.34        11.87
  27   8 40 25     48   4      519.14       509.44         9.84
  27   8 44 25     48   3       11.77         9.64         2.13
  27   8 49 37     17   3        9.98         7.06         2.92
  27   8 53 44     17   2        9.04         5.96         3.08
  27   8 57 47     17   1      376.27       258.65       117.63
  27   9 01 56     17   4      371.91       258.97       112.94
  27   9 06 31     28   4      376.89       370.70         6.20
  27   9 10 58     28   3       11.63         9.15         2.48
  27   9 15 42     28   2       11.52         9.13         2.39
  27   9 20 35     28   1      375.44       368.93         6.51
  27   9 25 20     33   1      386.11       370.88        15.24
  27   9 29 57     33   4      353.84       339.52        14.32
  27   9 46 38     33   3        9.02         7.46         1.56
  27   9 51 02     33   2        9.32         7.60         1.72
  27   9 55 42     31   2        9.96         8.08         1.88
  27   9 59 51     31   1      334.82       320.69        14.13
  27  10 04 10     31   4      372.43       356.09        16.35
  27  10 08 23     31   3        9.71         7.99         1.72
  27  10 12 52     37   3        8.68         5.59         3.09
  27  10 17 07     37   2        8.08         5.77         2.31
  27  10 21 14     37   1      298.32       248.10        50.23
  27  12 12 36     37   4      317.70       250.40        67.30
  27  12 17 11     38   4      427.51       197.54       229.98
  27  12 54 08     38   3        9.74         4.96         4.78
  27  12 58 52     38   2        9.05         4.48         4.57
  27  13 03 04     38   1      378.01       165.37       212.65
  27  13 08 42     22   1      315.19       214.77       100.42
  27  13 12 46     22   4      326.98       168.36       158.62
  27  13 16 43     22   3        9.06         5.04         4.01
  27  13 20 50     22   2        8.98         4.84         4.14
  27  13 25 23      1   2        9.96         7.85         2.12
  27  13 29 50      1   1      418.43       401.41        17.03
  27  13 34 18      1   4      414.90       396.32        18.59
  27  13 38 43      1   3        9.88         7.84         2.04
  27  14 00 31     54   3       12.26         9.11         3.15
  27  14 04 56     54   2       15.51        11.95         3.56
  27  14 09 22     54   1      619.27       580.89        38.38
  27  14 13 57     54   4      475.30       464.24        11.24
  27  14 18 38     34   4      367.27       273.03        94.24
  27  14 34 23     34   3       11.18         6.47         4.71
  27  14 39 30     34   2        9.97         7.08         2.90
  27  14 43 49     34   1      310.24       233.08        77.16
  27  14 48 26     60   1      360.97       236.46       124.51
  27  14 52 35     60   4      366.63       182.75       183.87
  27  14 56 38     60   3        9.67         4.81         4.86
  27  15 00 50     60   2        9.75         4.73         5.02
  27  15 05 22     25   2       12.66         9.50         3.16
  27  15 16 40     25   1      388.58       379.47         9.11
  27  15 20 59     25   4      520.24       494.73        25.51
  27  15 25 20     25   3       13.99        10.62         3.37
  27  15 29 52      7   3       10.55         8.09         2.46
  27  15 34 16      7   2       10.65         8.06         2.59
  27  15 38 34      7   1      316.04       302.46        13.58
  27  15 42 56      7   4      348.25       332.63        15.62
  27  15 47 22     21   4      430.34       404.95        25.39
  27  15 51 54     21   3       12.35         9.66         2.70
  27  15 56 41     21   2       11.67         8.90         2.77
  27  16 01 23     21   1      384.59       374.98         9.61
  27  16 06 03     16   1      377.57       366.53        11.03
  27  16 10 51     16   4      427.54       415.63        11.91
  27  16 26 44     16   3       11.84         9.26         2.59
  27  16 31 13     16   2       10.50         8.05         2.45
  27  16 35 48     20   2        9.75         7.10         2.65
  27  16 41 07     20   1      254.10       211.18        42.92
  27  16 45 43     20   4      282.49       233.39        49.11
  27  16 50 17     20   3       10.51         7.63         2.89
  27  16 55 01     51   3        9.83         6.11         3.71
  27  16 59 36     51   2       10.33         5.26         5.08
  27  17 04 03     51   1      325.93       182.64       143.29
  27  17 08 42     51   4      360.07       246.98       113.08
 
  28  20 05 41      0   0      631.28       314.87       319.57
  28  20 07 50     40   4      548.99       536.64        12.53
  28  20 12 04     40   3       13.69        10.81         2.89
  28  20 16 20     40   2       11.74         9.42         2.32
  28  20 20 32     40   1      562.07       550.11        11.97
  28  20 25 00     50   1      392.65       164.34       228.30
  28  20 29 02     50   4      377.01       238.08       138.93
  28  20 38 13     50   3       10.63         5.33         5.31
  28  20 42 14     50   2        9.96         3.70         6.25
  28  20 49 47     26   2       11.76         9.19         2.56
  28  20 55 56     26   1      463.86       449.42        14.44
  28  21 00 05     26   4      470.63       456.44        14.19
  28  21 04 13     26   3       12.70         9.74         2.96
  28  21 11 10     13   3       10.90         8.74         2.16
  28  21 15 49     13   2       10.74         8.62         2.13
  28  21 20 11     13   1      360.84       347.46        13.37
  28  21 25 19     13   4      347.87       334.45        13.42
  28  21 30 25     19   4      380.40       281.44        98.96
  28  21 34 49     19   3       10.60         7.47         3.13
  28  21 44 46     19   2       10.34         6.66         3.68
  28  21 49 07     19   1      373.86       273.57       100.29
  28  21 58 23     58   1      326.23       215.60       110.63
  28  22 02 43     58   4      314.55       206.31       108.24
  28  22 07 52     58   3        8.74         4.61         4.13
  28  22 12 19     58   2        8.85         4.97         3.88
  28  22 16 55      6   2       11.67         8.86         2.81
  28  22 34 22      6   1      464.01       442.99        21.02
  28  22 38 38      6   4      452.03       440.04        11.99
  28  22 43 19      6   3       12.71         9.78         2.93
  28  22 47 50      3   3       11.52         9.15         2.37
  28  22 57 25      3   2       10.11         8.06         2.05
  28  23 01 45      3   1      361.37       346.36        15.01
  28  23 06 49      3   4      333.46       315.44        18.02
  28  23 11 28     32   4      411.39       394.77        16.62
  28  23 57 07     32   3       11.03         8.59         2.43
  28   0 24 21     32   2       11.53         9.11         2.42
  28   0 29 34     32   1      381.01       365.35        15.66
  28   0 50 30     24   1      319.33       260.99        58.34
  28   2 14 26     24   4      304.35       245.62        61.00
  28   2 18 50     24   3        9.65         7.12         2.53
  28   2 23 46     24   2        9.84         7.08         2.76
  28   2 28 18     43   2       10.68         8.18         2.50
  28   2 32 14     43   1      424.95       403.60        21.34
  28   2 36 36     43   4      453.74       432.72        21.02
  28   2 41 10     43   3       10.67         8.25         2.42
  28   2 45 29     47   3       11.73         8.96         2.77
  28   2 50 20     47   2       11.28         8.54         2.74
  28   6 12 19     47   1      454.26       440.49        13.77
  28   6 16 28     47   4      500.06       479.87        20.19
  28   6 21 07     52   4      369.24       299.38        69.87
  28   6 25 02     52   3       10.46         7.33         3.12
  28   6 29 08     52   2        9.24         5.80         3.44
  28   6 33 05     52   1      341.95       287.01        54.93
  28   6 37 33     64   1      334.03       319.33        14.70
  28   6 41 42     64   4      345.69       331.33        14.36
  28   6 45 48     64   3        9.69         7.56         2.13
  28   6 50 04     64   2       10.38         8.26         2.12
  28   6 54 41     18   2       11.25         6.22         5.03
  28   6 58 54     18   1      384.45       234.30       150.15
  28   7 03 15     18   4      364.61       261.12       103.49
  28   7 08 05     18   3       11.96         7.47         4.49
  28   7 12 30     23   3       10.97         5.25         5.72
  28   7 17 08     23   2       11.10         5.61         5.50
  28   7 21 42     23   1      332.16       197.72       134.44
  28   7 26 19     23   4      353.44       208.79       144.66
  28   7 30 59     10   4      441.00       427.32        13.68
  28   7 35 49     10   3       13.57        10.19         3.38
  28   7 40 58     10   2       12.66         9.19         3.47
  28   7 46 09     10   1      408.74       400.82         7.92
  28   7 51 15     56   1      311.38       164.77       146.61
  28   7 55 41     56   4      307.35       211.04        96.31
  28   8 00 02     56   3        9.48         5.52         3.96
  28   8 04 49     56   2       10.27         5.16         5.10
 
  30   8 21 00     29   2        8.72        -9.99        -9.99
  30   8 26 00     29   1      376.71        -9.99        -9.99
  30   8 26 00     29   4      333.88        -9.99        -9.99
  30   8 34 00     29   3       10.96        -9.99        -9.99
  30   8 39 00      8   3        9.11        -9.99        -9.99
  30   8 43 00      8   2        9.67        -9.99        -9.99
  30   8 48 00      8   1      352.88        -9.99        -9.99
  30   8 51 00      8   4      364.42        -9.99        -9.99
  30   8 56 00     41   4      482.03        -9.99        -9.99
  30   9  0 00     41   3       18.13        -9.99        -9.99
  30   9  5 00     41   2       11.05        -9.99        -9.99
  30   9  9 00     41   1      496.77        -9.99        -9.99
  30   9 13 00      5   1      345.69        -9.99        -9.99
  30   9 17 00      5   4      349.65        -9.99        -9.99
  30   9 23 00      5   3        9.74        -9.99        -9.99
  30   9 28 00      5   2        9.03        -9.99        -9.99
  30   9 33 00     36   2       10.12        -9.99        -9.99
  30   9 37 00     36   1      331.12        -9.99        -9.99
  30   9 41 00     36   4      317.30        -9.99        -9.99
  30   9 45 00     36   3        9.60        -9.99        -9.99
  30   9 50 00     30   3       15.54        -9.99        -9.99
  30   9 54 00     30   2       12.80        -9.99        -9.99
  30   9 59 00     30   1      556.59        -9.99        -9.99
  30  10  3 00     30   4      533.69        -9.99        -9.99
  30  10 22 00     44   4      341.72        -9.99        -9.99
  30  10 54 35     44   3        3.95         1.77         2.18
  30  10 58 55     44   2        8.71         6.56         2.15
  30  11 03 11     44   1      338.15       281.83        56.32
  30  11 07 47      4   1      386.25       371.49        14.75
  30  11 11 52      4   4      436.72       419.69        17.03
  30  11 15 54      4   3       11.73         9.50         2.22
  30  11 20 14      4   2        9.56         7.88         1.68
  30  11 24 45     62   2        8.69         6.46         2.23
  30  11 29 48     62   1      331.94       279.18        52.76
  30  11 34 09     62   4      320.73       269.65        51.07
  30  11 38 13     62   3        8.68         6.39         2.29
  30  12 42 48     35   3        9.88         4.60         5.28
  30  12 47 07     35   2        8.75         5.63         3.13
  30  12 51 38     35   1      391.68       237.65       154.02
  30  12 56 05     35   4      373.21       219.22       158.36
  30  13 00 47     27   4      364.41       352.17        12.25
  30  13 10 09     35   4        7.01         1.38         5.64
  30  13 14 52     35   3        3.39         1.32         2.07
  30  13 19 34     35   1        6.64         1.33         5.32
  30  13 25 39     27   3        9.95         8.23         1.72
  30  13 30 05     27   2       10.90         8.83         2.07
  30  13 34 37     27   1      369.11       356.19        12.91
  30  13 39 25      9   1      420.93       411.90         9.03
  30  13 43 58      9   4      429.16       409.44        19.72
  30  13 48 29      9   3       10.61         8.67         1.95
  30  13 53 12      9   2       10.23         8.45         1.78
  30  13 57 58     66   2       11.25         8.71         2.55
  30  14 10 34     66   1      357.78       349.96         7.82
  30  14 15 00     66   4      361.14       352.39         8.75
  30  14 19 28     66   3        9.27         7.34         1.93
  30  14 28 52     61   3        9.68         5.38         4.31
  30  14 34 32     61   2        8.66         4.47         4.19
  30  14 38 37     61   1      359.94       240.28       119.66
  30  14 46 23     61   4      314.56       214.79        99.77
  30  14 50 55     53   4      502.90       480.65        22.25
  30  14 55 48     53   3        9.73         7.91         1.83
  30  15 00 30     53   2       11.75         9.67         2.08
  30  15 17 53     55   1      422.36       414.67         7.69
  30  15 22 21     55   4      379.95       372.40         7.55
  30  15 26 54     55   3       11.80         9.15         2.66
  30  15 31 50     55   2       13.61        10.30         3.31
  30  15 36 31     12   2       13.87        10.42         3.45
  30  15 43 26     12   1      461.12       443.35        17.77
  30  15 48 22     12   4      535.77       520.23        15.54
  30  15 53 18     12   3       15.16        11.39         3.77
  30  15 58 08     15   3       12.77         9.78         2.99
  30  16 03 03     15   2       10.26         7.87         2.38
  30  16 08 41     15   1      393.27       377.31        15.96
  30  16 13 32     15   4      412.73       396.01        16.72
 
  31  15 28 33      0   0      624.53       313.70       313.99
  31  15 29 14     16   4      350.73       340.27        10.60
  31   8 34 37     16   3       10.06         8.06         2.00
  31   8 38 41     16   2        9.00         6.95         2.05
  31   8 42 48     16   1      304.89       295.84         9.05
  31   8 47 19     28   1      292.75       285.07         7.69
  31   8 51 42     28   4      299.11       291.57         7.54
  31   8 55 52     28   3        9.75         7.76         1.99
  31   9 00 39     28   2        9.36         7.45         1.91
  31   9 05 49     51   2       10.92         8.37         2.56
  31   9 10 07     51   1      373.70       348.24        25.46
  31   9 14 34     51   4      376.11       362.57        13.54
  31   9 19 01     51   3       10.12         7.73         2.39
  31   9 23 37     22   3        9.83         7.76         2.07
  31   9 28 31     22   2        9.29         7.33         1.96
  31   9 33 07     22   1      282.13       265.75        16.38
  31   9 38 07     22   4      306.99       285.78        21.21
  31   9 42 51     33   4      239.80       154.51        85.28
  31   9 59 06     33   3        8.39         4.09         4.29
  31  10 05 30     33   2        8.53         5.20         3.34
  31  10 10 48     33   1      257.39       157.41        99.98
  31  10 15 18     25   1      261.24       142.32       118.92
  31  10 20 01     25   4      297.09       121.43       175.65
  31  10 24 29     25   3        9.50         4.45         5.06
  31  10 28 41     25   2        8.94         4.22         4.73
  31  10 32 58     37   2       10.66         7.84         2.82
  31  10 37 45     37   1      311.91       300.41        11.50
  31  10 43 10     37   4      424.54       397.80        26.74
  31  10 48 04     37   3       12.97         9.54         3.43
  31  10 53 36      7   3        8.79         6.03         2.76
  31  10 58 24      7   2        8.53         5.98         2.55
  31  11 03 08      7   1      217.35       178.08        39.28
  31  11 08 13      7   4      236.73       192.22        44.51
  31  11 12 57     21   4      283.07       115.38       167.69
  31  11 17 47     21   3       10.25         4.93         5.32
  31  11 22 34     21   2        9.35         4.29         5.07
  31  11 27 14     21   1      266.23       147.05       119.18
  31  12 24 10     54   1      256.66       180.06        76.59
  31  12 28 14     54   4      273.06       222.19        51.88
  31  12 32 22     54   3        8.59         5.40         3.19
  31  12 36 31     54   2        9.35         6.85         2.50
  31  12 40 54     48   2       10.04         7.75         2.29
  31  12 45 11     48   1      327.85       315.78        12.07
  31  12 49 40     48   4      353.76       345.97         7.79
  31  12 54 03     48   3       11.08         8.55         2.52
  31  12 58 36     31   3       10.41         6.46         3.95
  31  13 03 04     31   2        9.55         5.29         4.26
  31  13 07 25     31   1      273.58       187.29        86.29
  31  13 12 15     31   4      351.50       196.35       155.15
  31  13 16 52     34   4      291.26       277.21        14.05
  31  13 21 28     34   3       10.12         7.70         2.43
  31  13 26 22     34   2        9.73         7.45         2.28
  31  13 31 06     34   1      249.28       237.04        12.23
  31  13 35 55     17   1      264.48       249.84        14.64
  31  13 40 31     17   4      273.01       258.47        14.54
  31  13 44 58     17   3       10.57         8.01         2.57
  31  13 49 50     17   2        9.85         7.44         2.41
  31  13 54 41     20   2        9.61         5.51         4.10
  31  13 59 08     20   1      216.55       113.56       102.98
  31  14 04 01     20   4      238.45       156.27        82.18
  31  14 08 20     20   3       10.13         6.13         4.00
  31  14 12 51     60   3       11.93         8.81         3.12
  31  14 17 57     60   2       10.69         7.75         2.93
  31  14 23 09     60   1      300.59       293.05         7.54
  31  14 28 22     60   4      347.50       332.80        14.70
  31  14 33 12      1   4      307.40       290.32        17.09
  31  15 04 08      1   3       10.24         7.67         2.57
  31  15 08 47      1   2       10.01         7.40         2.61
  31  15 12 49      1   1      310.89       294.76        16.13
  31  15 17 23     38   1      335.01       198.19       136.82
  31  15 23 48     38   4      379.85       244.29       135.56
  31  15 29 00     38   3       11.44         7.30         4.14
  31  15 35 01     38   2       11.12         6.65         4.47
 
  32   9 39 41      0   0      626.79       311.99       314.80
  32   9 41 28      1   2        6.03         1.51         4.52
  32   8 49 41      1   1      502.37       483.83        18.54
  32   8 53 51      1   4      524.48       494.08        30.92
  32   8 57 54      1   3        9.68         7.96         1.71
  32   9 03 34     17   3       11.31         9.13         2.18
  32   9 07 44     17   2       10.31         8.33         1.97
  32   9 11 57     17   1      436.89       420.71        16.18
  32   9 16 34     17   4      431.37       416.74        14.62
  32   9 21 09      7   4      314.17       203.43       110.74
  32   9 25 45      7   3        9.65         5.29         4.35
  32   9 29 55      7   2        8.68         5.28         3.40
  32   9 40 13      7   1       15.68         1.76        13.92
  32   9 44 47     38   1      495.94       470.48        25.46
  32   9 49 16     38   4      537.06       519.58        17.49
  32   9 53 46     38   3       12.55        10.03         2.52
  32   9 58 26     38   2       11.82         9.47         2.35
  32  10 03 07     20   2        9.91         7.97         1.94
  32  10 07 37     20   1      322.62       305.97        16.65
  32  10 12 16     20   4      347.83       332.16        15.67
  32  10 16 45     20   3       10.92         8.94         1.98
  32  10 21 40     33   3       10.71         8.55         2.16
  32  10 25 59     33   2       10.15         8.05         2.10
  32  10 30 12     33   1      403.32       387.75        15.57
  32  10 34 39     33   4      373.22       358.28        14.94
  32  10 41 40     16   4       34.18        21.61        12.57
  32  10 46 08     16   3       10.55         8.65         1.90
  32  10 50 46     16   2        9.86         7.75         2.11
  32  10 55 17     16   1      337.85       324.41        13.44
  32  11 00 14     60   1      296.30       244.70        51.61
  32  11 06 28     60   4      298.16       245.02        53.14
  32  11 10 53     60   3        9.23         6.38         2.85
  32  11 15 33     60   2        8.96         6.04         2.92
  32  11 20 18     51   2       12.72         9.92         2.80
  32  11 24 45     51   1      479.60       460.29        19.32
  32  11 29 18     51   4      488.69       478.93         9.76
  32  11 33 48     51   3       11.18         8.59         2.59
  32  12 29 40     31   3       12.39         9.63         2.76
  32  12 33 56     31   2       12.01         9.34         2.67
  32  12 43 02     31   1      427.34       417.51         9.83
  32  12 47 39     31   4      526.95       504.96        22.32
  32  12 52 22     48   4      460.20       361.39        98.81
  32  12 56 35     48   3       10.83         7.63         3.20
  32  13 01 04     48   2       10.37         5.72         4.65
  32  13 05 37     48   1      427.95       313.03       114.92
  32  13 10 31     54   1      421.99       399.97        22.02
  32  13 14 52     54   4      403.07       384.55        18.52
  32  13 19 02     54   3       10.37         8.14         2.24
  32  13 23 21     54   2       10.35         8.38         1.97
  32  13 27 47     37   2        9.73         4.85         4.87
  32  13 32 18     37   1      352.10       214.56       137.55
  32  13 36 49     37   4      382.38       192.75       189.63
  32  13 41 15     37   3        9.71         4.62         5.09
  32  13 46 37     25   3       10.62         6.84         3.78
  32  13 50 58     25   2        9.60         6.57         3.03
  32  13 55 14     25   1      320.55       238.31        82.25
  32  13 59 54     25   4      401.79       264.73       137.06
  32  14 04 28     22   4      339.19       181.13       158.05
  32  14 08 57     22   3        9.66         5.53         4.13
  32  14 13 26     22   2        9.39         5.29         4.11
  32  14 17 51     22   1      321.10       224.27        96.83
  32  14 22 26     34   1      346.01       338.82         7.19
  32  14 26 59     34   4      408.42       400.62         7.79
  32  14 31 26     34   3       12.72         9.70         3.02
  32  14 36 14     34   2       11.91         9.28         2.63
  32  14 40 56     28   2       10.94         7.69         3.25
  32  14 45 31     28   1      334.98       285.07        49.91
  32  14 51 10     28   4      332.70       283.06        49.64
  32  14 55 17     28   3       10.10         7.84         2.26
  32  14 59 37     21   3       11.24         5.91         5.33
  32  15 03 52     21   2       10.39         5.02         5.36
  32  15 08 03     21   1      340.90       209.36       131.54
  32  15 12 15     21   4      374.06       188.35       185.71
