This is Dataplot data file     JAHANMI2.DAT
Effect of Machining Factors on Strength of Ceramics
(Longitudinal Data Only)
Response variable                  = ceramic strength
Number of observations             =  480
Number of variables per line image =   15
Order of variables on a line image--
   1. Factor  1 = Observation Id (1 to 960)
   2. Factor  2 = Lab (8 levels: 1 to 8)
   3. Factor  3 = Bar id within lab (1 to 30)
   4. Factor  4 = Set xxx (4 levels: 1 to 4)
   5. Response Variable Y = Strength of Ceramic
   6. Factor  5 = Table Speed    (2 levels: slow and fast)
   7. Factor  6 = Down Feed Rate (2 levels: slow & fast)
   8. Factor  7 = Wheel Grit     (2 levels:     )
   9. Factor  8 = Direction      (1 level : longitudinal only)
  10. Factor  9 = Treatment      (2**4 = 16 levels: 1 to 16)
  11. Factor 10 = Set of 15 within lab (2 levels: 1 and 2)
  12. Factor 11 = Rep (2 levels: 1 and 2)
  13. Factor 12 = Coded Lab (for SAS plotting purposes)
  14. Factor 13 = Bar Batch (2 levels: 1 and 2)
  15. Factor 14 = ..
  16. Factor 15 = distinct set of 15 reps (32 levels: 1 to 32)
To read this file into Dataplot--
    SKIP 50
    READ JAHANMI2.DAT   RUN LAB BAR SET Y X1 TO X10 SET2
 
 
 
 
 
 
 
 
 
 
 
 
 
 
 
 
 
 
 
 
 
 
 Id Lab Num Test    Y    X1 X2 X3 X4 Trt Set Llab Rep Bat Sblab Set2
-------------------------------------------------------------------
  1  1    1   1  608.781 -1 -1 -1 -1   1  1  0.75  1  1  0.50   1
  2  1    2   1  569.670 -1 -1 -1 -1   1  1  0.75  1  2  0.75   1
  3  1    3   1  689.556 -1 -1 -1 -1   1  1  0.75  1  1  0.50   1
  4  1    4   1  747.541 -1 -1 -1 -1   1  1  0.75  1  2  0.75   1
  5  1    5   1  618.134 -1 -1 -1 -1   1  1  0.75  1  1  0.50   1
  6  1    6   1  612.182 -1 -1 -1 -1   1  1  0.75  1  2  0.75   1
  7  1    7   1  680.203 -1 -1 -1 -1   1  1  0.75  1  1  0.50   1
  8  1    8   1  607.766 -1 -1 -1 -1   1  1  0.75  1  2  0.75   1
  9  1    9   1  726.232 -1 -1 -1 -1   1  1  0.75  1  1  0.50   1
 10  1   10   1  605.380 -1 -1 -1 -1   1  1  0.75  1  2  0.75   1
 11  1   11   1  518.655 -1 -1 -1 -1   1  1  0.75  1  1  0.50   1
 12  1   12   1  589.226 -1 -1 -1 -1   1  1  0.75  1  2  0.75   1
 13  1   13   1  740.447 -1 -1 -1 -1   1  1  0.75  1  1  0.50   1
 14  1   14   1  588.375 -1 -1 -1 -1   1  1  0.75  1  2  0.75   1
 15  1   15   1  666.830 -1 -1 -1 -1   1  1  0.75  1  1  0.50   1
 16  1   16   1  531.384 -1 -1 -1 -1   1  2  1.25  1  2  1.50   2
 17  1   17   1  710.272 -1 -1 -1 -1   1  2  1.25  1  1  1.25   2
 18  1   18   1  633.417 -1 -1 -1 -1   1  2  1.25  1  2  1.50   2
 19  1   19   1  751.669 -1 -1 -1 -1   1  2  1.25  1  1  1.25   2
 20  1   20   1  619.060 -1 -1 -1 -1   1  2  1.25  1  2  1.50   2
 21  1   21   1  697.979 -1 -1 -1 -1   1  2  1.25  1  1  1.25   2
 22  1   22   1  632.447 -1 -1 -1 -1   1  2  1.25  1  2  1.50   2
 23  1   23   1  708.583 -1 -1 -1 -1   1  2  1.25  1  1  1.25   2
 24  1   24   1  624.256 -1 -1 -1 -1   1  2  1.25  1  2  1.50   2
 25  1   25   1  624.972 -1 -1 -1 -1   1  2  1.25  1  1  1.25   2
 26  1   26   1  575.143 -1 -1 -1 -1   1  2  1.25  1  2  1.50   2
 27  1   27   1  695.070 -1 -1 -1 -1   1  2  1.25  1  1  1.25   2
 28  1   28   1  549.278 -1 -1 -1 -1   1  2  1.25  1  2  1.50   2
 29  1   29   1  769.391 -1 -1 -1 -1   1  2  1.25  1  1  1.25   2
 30  1   30   1  624.972 -1 -1 -1 -1   1  2  1.25  1  2  1.50   2
 61  1    1   3  720.186 -1  1  1 -1   7  1  0.75  1  1  0.50   3
 62  1    2   3  587.695 -1  1  1 -1   7  1  0.75  1  2  0.75   3
 63  1    3   3  723.657 -1  1  1 -1   7  1  0.75  1  1  0.50   3
 64  1    4   3  569.207 -1  1  1 -1   7  1  0.75  1  2  0.75   3
 65  1    5   3  703.700 -1  1  1 -1   7  1  0.75  1  1  0.50   3
 66  1    6   3  613.257 -1  1  1 -1   7  1  0.75  1  2  0.75   3
 67  1    7   3  697.626 -1  1  1 -1   7  1  0.75  1  1  0.50   3
 68  1    8   3  565.737 -1  1  1 -1   7  1  0.75  1  2  0.75   3
 69  1    9   3  714.980 -1  1  1 -1   7  1  0.75  1  1  0.50   3
 70  1   10   3  662.131 -1  1  1 -1   7  1  0.75  1  2  0.75   3
 71  1   11   3  657.712 -1  1  1 -1   7  1  0.75  1  1  0.50   3
 72  1   12   3  543.177 -1  1  1 -1   7  1  0.75  1  2  0.75   3
 73  1   13   3  609.989 -1  1  1 -1   7  1  0.75  1  1  0.50   3
 74  1   14   3  512.394 -1  1  1 -1   7  1  0.75  1  2  0.75   3
 75  1   15   3  650.771 -1  1  1 -1   7  1  0.75  1  1  0.50   3
 76  1   16   3  611.190 -1  1  1 -1   7  2  1.25  1  2  1.50   4
 77  1   17   3  707.977 -1  1  1 -1   7  2  1.25  1  1  1.25   4
 78  1   18   3  659.982 -1  1  1 -1   7  2  1.25  1  2  1.50   4
 79  1   19   3  712.199 -1  1  1 -1   7  2  1.25  1  1  1.25   4
 80  1   20   3  569.245 -1  1  1 -1   7  2  1.25  1  2  1.50   4
 81  1   21   3  709.631 -1  1  1 -1   7  2  1.25  1  1  1.25   4
 82  1   22   3  725.792 -1  1  1 -1   7  2  1.25  1  2  1.50   4
 83  1   23   3  703.160 -1  1  1 -1   7  2  1.25  1  1  1.25   4
 84  1   24   3  608.960 -1  1  1 -1   7  2  1.25  1  2  1.50   4
 85  1   25   3  744.822 -1  1  1 -1   7  2  1.25  1  1  1.25   4
 86  1   26   3  586.060 -1  1  1 -1   7  2  1.25  1  2  1.50   4
 87  1   27   3  719.217 -1  1  1 -1   7  2  1.25  1  1  1.25   4
 88  1   28   3  617.441 -1  1  1 -1   7  2  1.25  1  2  1.50   4
 89  1   29   3  619.137 -1  1  1 -1   7  2  1.25  1  1  1.25   4
 90  1   30   3  592.845 -1  1  1 -1   7  2  1.25  1  2  1.50   4
151  2    1   2  753.333  1  1  1 -1   8  1  1.75  1  1  1.50   5
152  2    2   2  631.754  1  1  1 -1   8  1  1.75  1  2  1.75   5
153  2    3   2  677.933  1  1  1 -1   8  1  1.75  1  1  1.50   5
154  2    4   2  588.113  1  1  1 -1   8  1  1.75  1  2  1.75   5
155  2    5   2  735.919  1  1  1 -1   8  1  1.75  1  1  1.50   5
156  2    6   2  555.724  1  1  1 -1   8  1  1.75  1  2  1.75   5
157  2    7   2  695.274  1  1  1 -1   8  1  1.75  1  1  1.50   5
158  2    8   2  702.411  1  1  1 -1   8  1  1.75  1  2  1.75   5
159  2    9   2  504.167  1  1  1 -1   8  1  1.75  1  1  1.50   5
160  2   10   2  631.754  1  1  1 -1   8  1  1.75  1  2  1.75   5
161  2   11   2  693.333  1  1  1 -1   8  1  1.75  1  1  1.50   5
162  2   12   2  698.254  1  1  1 -1   8  1  1.75  1  2  1.75   5
163  2   13   2  625.000  1  1  1 -1   8  1  1.75  1  1  1.50   5
164  2   14   2  616.791  1  1  1 -1   8  1  1.75  1  2  1.75   5
165  2   15   2  596.667  1  1  1 -1   8  1  1.75  1  1  1.50   5
166  2   16   2  551.953  1  1  1 -1   8  2  2.25  1  2  2.50   6
167  2   17   2  640.898  1  1  1 -1   8  2  2.25  1  1  2.25   6
168  2   18   2  636.738  1  1  1 -1   8  2  2.25  1  2  2.50   6
169  2   19   2  720.506  1  1  1 -1   8  2  2.25  1  1  2.25   6
170  2   20   2  571.551  1  1  1 -1   8  2  2.25  1  2  2.50   6
171  2   21   2  700.748  1  1  1 -1   8  2  2.25  1  1  2.25   6
172  2   22   2  521.667  1  1  1 -1   8  2  2.25  1  2  2.50   6
173  2   23   2  691.604  1  1  1 -1   8  2  2.25  1  1  2.25   6
174  2   24   2  587.451  1  1  1 -1   8  2  2.25  1  2  2.50   6
175  2   25   2  636.738  1  1  1 -1   8  2  2.25  1  1  2.25   6
176  2   26   2  700.422  1  1  1 -1   8  2  2.25  1  2  2.50   6
177  2   27   2  731.667  1  1  1 -1   8  2  2.25  1  1  2.25   6
178  2   28   2  595.819  1  1  1 -1   8  2  2.25  1  2  2.50   6
179  2   29   2  635.079  1  1  1 -1   8  2  2.25  1  1  2.25   6
180  2   30   2  534.236  1  1  1 -1   8  2  2.25  1  2  2.50   6
181  2    1   3  716.926  1 -1 -1 -1   2  1  1.75  1  1  1.50   7
182  2    2   3  606.188  1 -1 -1 -1   2  1  1.75  1  2  1.75   7
183  2    3   3  759.581  1 -1 -1 -1   2  1  1.75  1  1  1.50   7
184  2    4   3  575.303  1 -1 -1 -1   2  1  1.75  1  2  1.75   7
185  2    5   3  673.903  1 -1 -1 -1   2  1  1.75  1  1  1.50   7
186  2    6   3  590.628  1 -1 -1 -1   2  1  1.75  1  2  1.75   7
187  2    7   3  736.648  1 -1 -1 -1   2  1  1.75  1  1  1.50   7
188  2    8   3  729.314  1 -1 -1 -1   2  1  1.75  1  2  1.75   7
189  2    9   3  675.957  1 -1 -1 -1   2  1  1.75  1  1  1.50   7
190  2   10   3  619.313  1 -1 -1 -1   2  1  1.75  1  2  1.75   7
191  2   11   3  729.230  1 -1 -1 -1   2  1  1.75  1  1  1.50   7
192  2   12   3  624.234  1 -1 -1 -1   2  1  1.75  1  2  1.75   7
193  2   13   3  697.239  1 -1 -1 -1   2  1  1.75  1  1  1.50   7
194  2   14   3  651.304  1 -1 -1 -1   2  1  1.75  1  2  1.75   7
195  2   15   3  728.499  1 -1 -1 -1   2  1  1.75  1  1  1.50   7
196  2   16   3  724.175  1 -1 -1 -1   2  2  2.25  1  2  2.50   8
197  2   17   3  797.662  1 -1 -1 -1   2  2  2.25  1  1  2.25   8
198  2   18   3  583.034  1 -1 -1 -1   2  2  2.25  1  2  2.50   8
199  2   19   3  668.530  1 -1 -1 -1   2  2  2.25  1  1  2.25   8
200  2   20   3  620.227  1 -1 -1 -1   2  2  2.25  1  2  2.50   8
201  2   21   3  815.754  1 -1 -1 -1   2  2  2.25  1  1  2.25   8
202  2   22   3  584.861  1 -1 -1 -1   2  2  2.25  1  2  2.50   8
203  2   23   3  777.392  1 -1 -1 -1   2  2  2.25  1  1  2.25   8
204  2   24   3  565.391  1 -1 -1 -1   2  2  2.25  1  2  2.50   8
205  2   25   3  712.140  1 -1 -1 -1   2  2  2.25  1  1  2.25   8
206  2   26   3  622.506  1 -1 -1 -1   2  2  2.25  1  2  2.50   8
207  2   27   3  663.622  1 -1 -1 -1   2  2  2.25  1  1  2.25   8
208  2   28   3  628.336  1 -1 -1 -1   2  2  2.25  1  2  2.50   8
209  2   29   3  684.181  1 -1 -1 -1   2  2  2.25  1  1  2.25   8
210  2   30   3  587.145  1 -1 -1 -1   2  2  2.25  1  2  2.50   8
271  3    1   2  629.012  1 -1  1 -1   6  1  2.75  1  1  2.50   9
272  3    2   2  584.319  1 -1  1 -1   6  1  2.75  1  2  2.75   9
273  3    3   2  640.193  1 -1  1 -1   6  1  2.75  1  1  2.50   9
274  3    4   2  538.239  1 -1  1 -1   6  1  2.75  1  2  2.75   9
275  3    5   2  644.156  1 -1  1 -1   6  1  2.75  1  1  2.50   9
276  3    6   2  538.097  1 -1  1 -1  6   1  2.75  1  2  2.75   9
277  3    7   2  642.469  1 -1  1 -1  6   1  2.75  1  1  2.50   9
278  3    8   2  595.686  1 -1  1 -1  6   1  2.75  1  2  2.75   9
279  3    9   2  639.090  1 -1  1 -1  6   1  2.75  1  1  2.50   9
280  3   10   2  648.935  1 -1  1 -1  6   1  2.75  1  2  2.75   9
281  3   11   2  439.418  1 -1  1 -1  6   1  2.75  1  1  2.50   9
282  3   12   2  583.827  1 -1  1 -1  6   1  2.75  1  2  2.75   9
283  3   13   2  614.664  1 -1  1 -1  6   1  2.75  1  1  2.50   9
284  3   14   2  534.905  1 -1  1 -1  6   1  2.75  1  2  2.75   9
285  3   15   2  537.161  1 -1  1 -1  6   1  2.75  1  1  2.50   9
286  3   16   2  569.858  1 -1  1 -1  6   2  3.25  1  2  3.50  10
287  3   17   2  656.773  1 -1  1 -1  6   2  3.25  1  1  3.25  10
288  3   18   2  617.246  1 -1  1 -1  6   2  3.25  1  2  3.50  10
289  3   19   2  659.534  1 -1  1 -1  6   2  3.25  1  1  3.25  10
290  3   20   2  610.337  1 -1  1 -1  6   2  3.25  1  2  3.50  10
291  3   21   2  695.278  1 -1  1 -1  6   2  3.25  1  1  3.25  10
292  3   22   2  584.192  1 -1  1 -1  6   2  3.25  1  2  3.50  10
293  3   23   2  734.040  1 -1  1 -1  6   2  3.25  1  1  3.25  10
294  3   24   2  598.853  1 -1  1 -1  6   2  3.25  1  2  3.50  10
295  3   25   2  687.665  1 -1  1 -1  6   2  3.25  1  1  3.25  10
296  3   26   2  554.774  1 -1  1 -1  6   2  3.25  1  2  3.50  10
297  3   27   2  710.858  1 -1  1 -1  6   2  3.25  1  1  3.25  10
298  3   28   2  605.694  1 -1  1 -1  6   2  3.25  1  2  3.50  10
299  3   29   2  701.716  1 -1  1 -1  6   2  3.25  1  1  3.25  10
300  3   30   2  627.516  1 -1  1 -1  6   2  3.25  1  2  3.50  10
301  3    1   3  382.133  1  1 -1 -1  4   1  2.75  1  1  2.50  11
302  3    2   3  574.522  1  1 -1 -1  4   1  2.75  1  2  2.75  11
303  3    3   3  719.744  1  1 -1 -1  4   1  2.75  1  1  2.50  11
304  3    4   3  582.682  1  1 -1 -1  4   1  2.75  1  2  2.75  11
305  3    5   3  756.820  1  1 -1 -1  4   1  2.75  1  1  2.50  11
306  3    6   3  563.872  1  1 -1 -1  4   1  2.75  1  2  2.75  11
307  3    7   3  690.978  1  1 -1 -1  4   1  2.75  1  1  2.50  11
308  3    8   3  715.962  1  1 -1 -1  4   1  2.75  1  2  2.75  11
309  3    9   3  670.864  1  1 -1 -1  4   1  2.75  1  1  2.50  11
310  3   10   3  616.430  1  1 -1 -1  4   1  2.75  1  2  2.75  11
311  3   11   3  670.308  1  1 -1 -1  4   1  2.75  1  1  2.50  11
312  3   12   3  778.011  1  1 -1 -1  4   1  2.75  1  2  2.75  11
313  3   13   3  660.062  1  1 -1 -1  4   1  2.75  1  1  2.50  11
314  3   14   3  604.255  1  1 -1 -1  4   1  2.75  1  2  2.75  11
315  3   15   3  790.382  1  1 -1 -1  4   1  2.75  1  1  2.50  11
316  3   16   3  571.906  1  1 -1 -1  4   2  3.25  1  2  3.50  12
317  3   17   3  714.750  1  1 -1 -1  4   2  3.25  1  1  3.25  12
318  3   18   3  625.925  1  1 -1 -1  4   2  3.25  1  2  3.50  12
319  3   19   3  716.959  1  1 -1 -1  4   2  3.25  1  1  3.25  12
320  3   20   3  682.426  1  1 -1 -1  4   2  3.25  1  2  3.50  12
321  3   21   3  603.363  1  1 -1 -1  4   2  3.25  1  1  3.25  12
322  3   22   3  707.604  1  1 -1 -1  4   2  3.25  1  2  3.50  12
323  3   23   3  713.796  1  1 -1 -1  4   2  3.25  1  1  3.25  12
324  3   24   3  617.400  1  1 -1 -1  4   2  3.25  1  2  3.50  12
325  3   25   3  444.963  1  1 -1 -1  4   2  3.25  1  1  3.25  12
326  3   26   3  689.576  1  1 -1 -1  4   2  3.25  1  2  3.50  12
327  3   27   3  723.276  1  1 -1 -1  4   2  3.25  1  1  3.25  12
328  3   28   3  676.678  1  1 -1 -1  4   2  3.25  1  2  3.50  12
329  3   29   3  745.527  1  1 -1 -1  4   2  3.25  1  1  3.25  12
330  3   30   3  563.290  1  1 -1 -1  4   2  3.25  1  2  3.50  12
361  4    1   1  778.333 -1 -1  1 -1   5  1  3.75  1  1  3.50  13
362  4    2   1  581.879 -1 -1  1 -1   5  1  3.75  1  2  3.75  13
363  4    3   1  723.349 -1 -1  1 -1   5  1  3.75  1  1  3.50  13
364  4    4   1  447.701 -1 -1  1 -1   5  1  3.75  1  2  3.75  13
365  4    5   1  708.229 -1 -1  1 -1   5  1  3.75  1  1  3.50  13
366  4    6   1  557.772 -1 -1  1 -1   5  1  3.75  1  2  3.75  13
367  4    7   1  681.667 -1 -1  1 -1   5  1  3.75  1  1  3.50  13
368  4    8   1  593.537 -1 -1  1 -1   5  1  3.75  1  2  3.75  13
369  4    9   1  566.085 -1 -1  1 -1   5  1  3.75  1  1  3.50  13
370  4   10   1  632.585 -1 -1  1 -1   5  1  3.75  1  2  3.75  13
371  4   11   1  687.448 -1 -1  1 -1   5  1  3.75  1  1  3.50  13
372  4   12   1  671.350 -1 -1  1 -1   5  1  3.75  1  2  3.75  13
373  4   13   1  597.500 -1 -1  1 -1   5  1  3.75  1  1  3.50  13
374  4   14   1  569.530 -1 -1  1 -1   5  1  3.75  1  2  3.75  13
375  4   15   1  637.410 -1 -1  1 -1   5  1  3.75  1  1  3.50  13
376  4   16   1  581.667 -1 -1  1 -1   5  2  4.25  1  2  4.50  14
377  4   17   1  755.864 -1 -1  1 -1   5  2  4.25  1  1  4.25  14
378  4   18   1  643.449 -1 -1  1 -1   5  2  4.25  1  2  4.50  14
379  4   19   1  692.945 -1 -1  1 -1   5  2  4.25  1  1  4.25  14
380  4   20   1  581.593 -1 -1  1 -1   5  2  4.25  1  2  4.50  14
381  4   21   1  766.532 -1 -1  1 -1   5  2  4.25  1  1  4.25  14
382  4   22   1  494.122 -1 -1  1 -1   5  2  4.25  1  2  4.50  14
383  4   23   1  725.663 -1 -1  1 -1   5  2  4.25  1  1  4.25  14
384  4   24   1  620.948 -1 -1  1 -1   5  2  4.25  1  2  4.50  14
385  4   25   1  698.818 -1 -1  1 -1   5  2  4.25  1  1  4.25  14
386  4   26   1  615.903 -1 -1  1 -1   5  2  4.25  1  2  4.50  14
387  4   27   1  760.000 -1 -1  1 -1   5  2  4.25  1  1  4.25  14
388  4   28   1  606.667 -1 -1  1 -1   5  2  4.25  1  2  4.50  14
389  4   29   1  775.272 -1 -1  1 -1   5  2  4.25  1  1  4.25  14
390  4   30   1  579.167 -1 -1  1 -1   5  2  4.25  1  2  4.50  14
421  4    1   3  708.885 -1  1 -1 -1   3  1  3.75  1  1  3.50  15
422  4    2   3  662.510 -1  1 -1 -1   3  1  3.75  1  2  3.75  15
423  4    3   3  727.201 -1  1 -1 -1   3  1  3.75  1  1  3.50  15
424  4    4   3  436.237 -1  1 -1 -1   3  1  3.75  1  2  3.75  15
425  4    5   3  642.560 -1  1 -1 -1   3  1  3.75  1  1  3.50  15
426  4    6   3  644.223 -1  1 -1 -1   3  1  3.75  1  2  3.75  15
427  4    7   3  690.773 -1  1 -1 -1   3  1  3.75  1  1  3.50  15
428  4    8   3  586.035 -1  1 -1 -1   3  1  3.75  1  2  3.75  15
429  4    9   3  688.333 -1  1 -1 -1   3  1  3.75  1  1  3.50  15
430  4   10   3  620.833 -1  1 -1 -1   3  1  3.75  1  2  3.75  15
431  4   11   3  743.973 -1  1 -1 -1   3  1  3.75  1  1  3.50  15
432  4   12   3  652.535 -1  1 -1 -1   3  1  3.75  1  2  3.75  15
433  4   13   3  682.461 -1  1 -1 -1   3  1  3.75  1  1  3.50  15
434  4   14   3  593.516 -1  1 -1 -1   3  1  3.75  1  2  3.75  15
435  4   15   3  761.430 -1  1 -1 -1   3  1  3.75  1  1  3.50  15
436  4   16   3  587.451 -1  1 -1 -1   3  2  4.25  1  2  4.50  16
437  4   17   3  691.542 -1  1 -1 -1   3  2  4.25  1  1  4.25  16
438  4   18   3  570.964 -1  1 -1 -1   3  2  4.25  1  2  4.50  16
439  4   19   3  643.392 -1  1 -1 -1   3  2  4.25  1  1  4.25  16
440  4   20   3  645.192 -1  1 -1 -1   3  2  4.25  1  2  4.50  16
441  4   21   3  697.075 -1  1 -1 -1   3  2  4.25  1  1  4.25  16
442  4   22   3  540.079 -1  1 -1 -1   3  2  4.25  1  2  4.50  16
443  4   23   3  708.229 -1  1 -1 -1   3  2  4.25  1  1  4.25  16
444  4   24   3  707.117 -1  1 -1 -1   3  2  4.25  1  2  4.50  16
445  4   25   3  746.467 -1  1 -1 -1   3  2  4.25  1  1  4.25  16
446  4   26   3  621.779 -1  1 -1 -1   3  2  4.25  1  2  4.50  16
447  4   27   3  744.819 -1  1 -1 -1   3  2  4.25  1  1  4.25  16
448  4   28   3  585.777 -1  1 -1 -1   3  2  4.25  1  2  4.50  16
449  4   29   3  655.029 -1  1 -1 -1   3  2  4.25  1  1  4.25  16
450  4   30   3  703.980 -1  1 -1 -1   3  2  4.25  1  2  4.50  16
541  5    1   3  715.224 -1 -1 -1 -1   1  1  4.75  2  1  4.50  17
542  5    2   3  698.237 -1 -1 -1 -1   1  1  4.75  2  2  4.75  17
543  5    3   3  614.417 -1 -1 -1 -1   1  1  4.75  2  1  4.50  17
544  5    4   3  757.120 -1 -1 -1 -1   1  1  4.75  2  2  4.75  17
545  5    5   3  761.363 -1 -1 -1 -1   1  1  4.75  2  1  4.50  17
546  5    6   3  621.751 -1 -1 -1 -1   1  1  4.75  2  2  4.75  17
547  5    7   3  716.106 -1 -1 -1 -1   1  1  4.75  2  1  4.50  17
548  5    8   3  472.125 -1 -1 -1 -1   1  1  4.75  2  2  4.75  17
549  5    9   3  659.502 -1 -1 -1 -1   1  1  4.75  2  1  4.50  17
550  5   10   3  612.700 -1 -1 -1 -1   1  1  4.75  2  2  4.75  17
551  5   11   3  730.781 -1 -1 -1 -1  1   1  4.75  2  1  4.50  17
552  5   12   3  583.170 -1 -1 -1 -1  1   1  4.75  2  2  4.75  17
553  5   13   3  546.928 -1 -1 -1 -1  1   1  4.75  2  1  4.50  17
554  5   14   3  599.771 -1 -1 -1 -1  1   1  4.75  2  2  4.75  17
555  5   15   3  734.203 -1 -1 -1 -1  1   1  4.75  2  1  4.50  17
556  5   16   3  549.227 -1 -1 -1 -1  1   2  5.25  2  2  5.50  18
557  5   17   3  682.051 -1 -1 -1 -1  1   2  5.25  2  1  5.25  18
558  5   18   3  605.453 -1 -1 -1 -1  1   2  5.25  2  2  5.50  18
559  5   19   3  701.341 -1 -1 -1 -1  1   2  5.25  2  1  5.25  18
560  5   20   3  569.599 -1 -1 -1 -1  1   2  5.25  2  2  5.50  18
561  5   21   3  759.729 -1 -1 -1 -1  1   2  5.25  2  1  5.25  18
562  5   22   3  637.233 -1 -1 -1 -1  1   2  5.25  2  2  5.50  18
563  5   23   3  689.942 -1 -1 -1 -1  1   2  5.25  2  1  5.25  18
564  5   24   3  621.774 -1 -1 -1 -1  1   2  5.25  2  2  5.50  18
565  5   25   3  769.424 -1 -1 -1 -1  1   2  5.25  2  1  5.25  18
566  5   26   3  558.041 -1 -1 -1 -1  1   2  5.25  2  2  5.50  18
567  5   27   3  715.286 -1 -1 -1 -1  1   2  5.25  2  1  5.25  18
568  5   28   3  583.170 -1 -1 -1 -1  1   2  5.25  2  2  5.50  18
569  5   29   3  776.197 -1 -1 -1 -1  1   2  5.25  2  1  5.25  18
570  5   30   3  345.294 -1 -1 -1 -1  1   2  5.25  2  2  5.50  18
571  5    1   4  547.099  1 -1  1 -1  6   1  4.75  2  1  4.50  19
572  5    2   4  570.999  1 -1  1 -1  6   1  4.75  2  2  4.75  19
573  5    3   4  619.942  1 -1  1 -1  6   1  4.75  2  1  4.50  19
574  5    4   4  603.232  1 -1  1 -1  6   1  4.75  2  2  4.75  19
575  5    5   4  696.046  1 -1  1 -1  6   1  4.75  2  1  4.50  19
576  5    6   4  595.335  1 -1  1 -1  6   1  4.75  2  2  4.75  19
577  5    7   4  573.109  1 -1  1 -1  6   1  4.75  2  1  4.50  19
578  5    8   4  581.047  1 -1  1 -1  6   1  4.75  2  2  4.75  19
579  5    9   4  638.794  1 -1  1 -1  6   1  4.75  2  1  4.50  19
580  5   10   4  455.878  1 -1  1 -1  6   1  4.75  2  2  4.75  19
581  5   11   4  708.193  1 -1  1 -1  6   1  4.75  2  1  4.50  19
582  5   12   4  627.880  1 -1  1 -1  6   1  4.75  2  2  4.75  19
583  5   13   4  502.825  1 -1  1 -1  6   1  4.75  2  1  4.50  19
584  5   14   4  464.085  1 -1  1 -1  6   1  4.75  2  2  4.75  19
585  5   15   4  632.633  1 -1  1 -1  6   1  4.75  2  1  4.50  19
586  5   16   4  596.129  1 -1  1 -1  6   2  5.25  2  2  5.50  20
587  5   17   4  683.382  1 -1  1 -1  6   2  5.25  2  1  5.25  20
588  5   18   4  640.371  1 -1  1 -1  6   2  5.25  2  2  5.50  20
589  5   19   4  684.812  1 -1  1 -1  6   2  5.25  2  1  5.25  20
590  5   20   4  621.471  1 -1  1 -1  6   2  5.25  2  2  5.50  20
591  5   21   4  738.161  1 -1  1 -1  6   2  5.25  2  1  5.25  20
592  5   22   4  612.727  1 -1  1 -1  6   2  5.25  2  2  5.50  20
593  5   23   4  671.492  1 -1  1 -1  6   2  5.25  2  1  5.25  20
594  5   24   4  606.460  1 -1  1 -1  6   2  5.25  2  2  5.50  20
595  5   25   4  709.771  1 -1  1 -1  6   2  5.25  2  1  5.25  20
596  5   26   4  571.760  1 -1  1 -1  6   2  5.25  2  2  5.50  20
597  5   27   4  685.199  1 -1  1 -1  6   2  5.25  2  1  5.25  20
598  5   28   4  599.304  1 -1  1 -1  6   2  5.25  2  2  5.50  20
599  5   29   4  624.973  1 -1  1 -1  6   2  5.25  2  1  5.25  20
600  5   30   4  579.459  1 -1  1 -1  6   2  5.25  2  2  5.50  20
601  6    1   1  757.363  1  1  1 -1  8   1  5.75  2  1  5.50  21
602  6    2   1  761.511  1  1  1 -1  8   1  5.75  2  2  5.75  21
603  6    3   1  633.417  1  1  1 -1  8   1  5.75  2  1  5.50  21
604  6    4   1  566.969  1  1  1 -1  8   1  5.75  2  2  5.75  21
605  6    5   1  658.754  1  1  1 -1  8   1  5.75  2  1  5.50  21
606  6    6   1  654.397  1  1  1 -1  8   1  5.75  2  2  5.75  21
607  6    7   1  664.666  1  1  1 -1  8   1  5.75  2  1  5.50  21
608  6    8   1  611.719  1  1  1 -1  8   1  5.75  2  2  5.75  21
609  6    9   1  663.009  1  1  1 -1  8   1  5.75  2  1  5.50  21
610  6   10   1  577.409  1  1  1 -1  8   1  5.75  2  2  5.75  21
611  6   11   1  773.226  1  1  1 -1  8   1  5.75  2  1  5.50  21
612  6   12   1  576.731  1  1  1 -1  8   1  5.75  2  2  5.75  21
613  6   13   1  708.261  1  1  1 -1  8   1  5.75  2  1  5.50  21
614  6   14   1  617.441  1  1  1 -1  8   1  5.75  2  2  5.75  21
615  6   15   1  739.086  1  1  1 -1  8   1  5.75  2  1  5.50  21
616  6   16   1  577.409  1  1  1 -1  8   2  6.25  2  2  6.50  22
617  6   17   1  667.786  1  1  1 -1  8   2  6.25  2  1  6.25  22
618  6   18   1  548.957  1  1  1 -1  8   2  6.25  2  2  6.50  22
619  6   19   1  674.481  1  1  1 -1  8   2  6.25  2  1  6.25  22
620  6   20   1  623.315  1  1  1 -1  8   2  6.25  2  2  6.50  22
621  6   21   1  695.688  1  1  1 -1  8   2  6.25  2  1  6.25  22
622  6   22   1  621.761  1  1  1 -1  8   2  6.25  2  2  6.50  22
623  6   23   1  588.288  1  1  1 -1  8   2  6.25  2  1  6.25  22
624  6   24   1  553.978  1  1  1 -1  8   2  6.25  2  2  6.50  22
625  6   25   1  545.610  1  1  1 -1  8   2  6.25  2  1  6.25  22
626  6   26   1  657.157  1  1  1 -1  8   2  6.25  2  2  6.50  22
627  6   27   1  752.305  1  1  1 -1  8   2  6.25  2  1  6.25  22
628  6   28   1  610.882  1  1  1 -1  8   2  6.25  2  2  6.50  22
629  6   29   1  684.523  1  1  1 -1  8   2  6.25  2  1  6.25  22
630  6   30   1  552.304  1  1  1 -1  8   2  6.25  2  2  6.50  22
631  6    1   2  717.159 -1  1 -1 -1  3   1  5.75  2  1  5.50  23
632  6    2   2  545.303 -1  1 -1 -1  3   1  5.75  2  2  5.75  23
633  6    3   2  721.343 -1  1 -1 -1  3   1  5.75  2  1  5.50  23
634  6    4   2  651.934 -1  1 -1 -1  3   1  5.75  2  2  5.75  23
635  6    5   2  750.623 -1  1 -1 -1  3   1  5.75  2  1  5.50  23
636  6    6   2  635.240 -1  1 -1 -1  3   1  5.75  2  2  5.75  23
637  6    7   2  776.488 -1  1 -1 -1  3   1  5.75  2  1  5.50  23
638  6    8   2  641.083 -1  1 -1 -1  3   1  5.75  2  2  5.75  23
639  6    9   2  750.623 -1  1 -1 -1  3   1  5.75  2  1  5.50  23
640  6   10   2  645.321 -1  1 -1 -1  3   1  5.75  2  2  5.75  23
641  6   11   2  600.840 -1  1 -1 -1  3   1  5.75  2  1  5.50  23
642  6   12   2  566.127 -1  1 -1 -1  3   1  5.75  2  2  5.75  23
643  6   13   2  686.196 -1  1 -1 -1  3   1  5.75  2  1  5.50  23
644  6   14   2  647.844 -1  1 -1 -1  3   1  5.75  2  2  5.75  23
645  6   15   2  687.870 -1  1 -1 -1  3   1  5.75  2  1  5.50  23
646  6   16   2  554.815 -1  1 -1 -1  3   2  6.25  2  2  6.50  24
647  6   17   2  725.527 -1  1 -1 -1  3   2  6.25  2  1  6.25  24
648  6   18   2  620.087 -1  1 -1 -1  3   2  6.25  2  2  6.50  24
649  6   19   2  658.796 -1  1 -1 -1  3   2  6.25  2  1  6.25  24
650  6   20   2  711.301 -1  1 -1 -1  3   2  6.25  2  2  6.50  24
651  6   21   2  690.380 -1  1 -1 -1  3   2  6.25  2  1  6.25  24
652  6   22   2  644.355 -1  1 -1 -1  3   2  6.25  2  2  6.50  24
653  6   23   2  737.144 -1  1 -1 -1  3   2  6.25  2  1  6.25  24
654  6   24   2  713.812 -1  1 -1 -1  3   2  6.25  2  2  6.50  24
655  6   25   2  663.851 -1  1 -1 -1  3   2  6.25  2  1  6.25  24
656  6   26   2  696.707 -1  1 -1 -1  3   2  6.25  2  2  6.50  24
657  6   27   2  766.630 -1  1 -1 -1  3   2  6.25  2  1  6.25  24
658  6   28   2  589.453 -1  1 -1 -1  3   2  6.25  2  2  6.50  24
659  6   29   2  625.922 -1  1 -1 -1  3   2  6.25  2  1  6.25  24
660  6   30   2  634.468 -1  1 -1 -1  3   2  6.25  2  2  6.50  24
721  7    1   1  694.430  1  1 -1 -1   4  1  6.75  2  1  6.50  25
722  7    2   1  599.751  1  1 -1 -1   4  1  6.75  2  2  6.75  25
723  7    3   1  730.217  1  1 -1 -1   4  1  6.75  2  1  6.50  25
724  7    4   1  624.542  1  1 -1 -1   4  1  6.75  2  2  6.75  25
725  7    5   1  700.770  1  1 -1 -1   4  1  6.75  2  1  6.50  25
726  7    6   1  723.505  1  1 -1 -1   4  1  6.75  2  2  6.75  25
727  7    7   1  722.242  1  1 -1 -1   4  1  6.75  2  1  6.50  25
728  7    8   1  674.717  1  1 -1 -1   4  1  6.75  2  2  6.75  25
729  7    9   1  763.828  1  1 -1 -1   4  1  6.75  2  1  6.50  25
730  7   10   1  608.539  1  1 -1 -1   4  1  6.75  2  2  6.75  25
731  7   11   1  695.668  1  1 -1 -1   4  1  6.75  2  1  6.50  25
732  7   12   1  612.135  1  1 -1 -1   4  1  6.75  2  2  6.75  25
733  7   13   1  688.887  1  1 -1 -1   4  1  6.75  2  1  6.50  25
734  7   14   1  591.935  1  1 -1 -1   4  1  6.75  2  2  6.75  25
735  7   15   1  531.021  1  1 -1 -1   4  1  6.75  2  1  6.50  25
736  7   16   1  676.656  1  1 -1 -1   4  2  7.25  2  2  7.50  26
737  7   17   1  698.915  1  1 -1 -1   4  2  7.25  2  1  7.25  26
738  7   18   1  647.323  1  1 -1 -1   4  2  7.25  2  2  7.50  26
739  7   19   1  735.905  1  1 -1 -1   4  2  7.25  2  1  7.25  26
740  7   20   1  811.970  1  1 -1 -1   4  2  7.25  2  2  7.50  26
741  7   21   1  732.039  1  1 -1 -1   4  2  7.25  2  1  7.25  26
742  7   22   1  603.883  1  1 -1 -1   4  2  7.25  2  2  7.50  26
743  7   23   1  751.832  1  1 -1 -1   4  2  7.25  2  1  7.25  26
744  7   24   1  608.643  1  1 -1 -1   4  2  7.25  2  2  7.50  26
745  7   25   1  618.663  1  1 -1 -1   4  2  7.25  2  1  7.25  26
746  7   26   1  630.778  1  1 -1 -1   4  2  7.25  2  2  7.50  26
747  7   27   1  744.845  1  1 -1 -1   4  2  7.25  2  1  7.25  26
748  7   28   1  623.063  1  1 -1 -1   4  2  7.25  2  2  7.50  26
749  7   29   1  690.826  1  1 -1 -1   4  2  7.25  2  1  7.25  26
750  7   30   1  472.463  1  1 -1 -1   4  2  7.25  2  2  7.50  26
811  7    1   4  666.893 -1  1  1 -1   7  1  6.75  2  1  6.50  27
812  7    2   4  645.932 -1  1  1 -1   7  1  6.75  2  2  6.75  27
813  7    3   4  759.860 -1  1  1 -1   7  1  6.75  2  1  6.50  27
814  7    4   4  577.176 -1  1  1 -1   7  1  6.75  2  2  6.75  27
815  7    5   4  683.752 -1  1  1 -1   7  1  6.75  2  1  6.50  27
816  7    6   4  567.530 -1  1  1 -1   7  1  6.75  2  2  6.75  27
817  7    7   4  729.591 -1  1  1 -1   7  1  6.75  2  1  6.50  27
818  7    8   4  821.654 -1  1  1 -1   7  1  6.75  2  2  6.75  27
819  7    9   4  730.706 -1  1  1 -1   7  1  6.75  2  1  6.50  27
820  7   10   4  684.490 -1  1  1 -1   7  1  6.75  2  2  6.75  27
821  7   11   4  763.124 -1  1  1 -1   7  1  6.75  2  1  6.50  27
822  7   12   4  600.427 -1  1  1 -1   7  1  6.75  2  2  6.75  27
823  7   13   4  724.193 -1  1  1 -1   7  1  6.75  2  1  6.50  27
824  7   14   4  686.023 -1  1  1 -1   7  1  6.75  2  2  6.75  27
825  7   15   4  630.352 -1  1  1 -1   7  1  6.75  2  1  6.50  27
826  7   16   4  628.109 -1  1  1 -1   7  2  7.25  2  2  7.50  28
827  7   17   4  750.338 -1  1  1 -1   7  2  7.25  2  1  7.25  28
828  7   18   4  605.214 -1  1  1 -1   7  2  7.25  2  2  7.50  28
829  7   19   4  752.417 -1  1  1 -1   7  2  7.25  2  1  7.25  28
830  7   20   4  640.260 -1  1  1 -1   7  2  7.25  2  2  7.50  28
831  7   21   4  707.899 -1  1  1 -1   7  2  7.25  2  1  7.25  28
832  7   22   4  700.767 -1  1  1 -1   7  2  7.25  2  2  7.50  28
833  7   23   4  715.582 -1  1  1 -1   7  2  7.25  2  1  7.25  28
834  7   24   4  665.924 -1  1  1 -1   7  2  7.25  2  2  7.50  28
835  7   25   4  728.746 -1  1  1 -1   7  2  7.25  2  1  7.25  28
836  7   26   4  555.926 -1  1  1 -1   7  2  7.25  2  2  7.50  28
837  7   27   4  591.193 -1  1  1 -1   7  2  7.25  2  1  7.25  28
838  7   28   4  543.299 -1  1  1 -1   7  2  7.25  2  2  7.50  28
839  7   29   4  592.252 -1  1  1 -1   7  2  7.25  2  1  7.25  28
840  7   30   4  511.030 -1  1  1 -1   7  2  7.25  2  2  7.50  28
901  8    1   3  740.833 -1 -1  1 -1   5  1  7.75  2  1  7.50  29
902  8    2   3  583.994 -1 -1  1 -1   5  1  7.75  2  2  7.75  29
903  8    3   3  786.367 -1 -1  1 -1   5  1  7.75  2  1  7.50  29
904  8    4   3  611.048 -1 -1  1 -1   5  1  7.75  2  2  7.75  29
905  8    5   3  712.386 -1 -1  1 -1   5  1  7.75  2  1  7.50  29
906  8    6   3  623.338 -1 -1  1 -1   5  1  7.75  2  2  7.75  29
907  8    7   3  738.333 -1 -1  1 -1   5  1  7.75  2  1  7.50  29
908  8    8   3  679.585 -1 -1  1 -1   5  1  7.75  2  2  7.75  29
909  8    9   3  741.480 -1 -1  1 -1   5  1  7.75  2  1  7.50  29
910  8   10   3  665.004 -1 -1  1 -1   5  1  7.75  2  2  7.75  29
911  8   11   3  729.167 -1 -1  1 -1   5  1  7.75  2  1  7.50  29
912  8   12   3  655.860 -1 -1  1 -1   5  1  7.75  2  2  7.75  29
913  8   13   3  795.833 -1 -1  1 -1   5  1  7.75  2  1  7.50  29
914  8   14   3  715.711 -1 -1  1 -1   5  1  7.75  2  2  7.75  29
915  8   15   3  723.502 -1 -1  1 -1   5  1  7.75  2  1  7.50  29
916  8   16   3  611.999 -1 -1  1 -1   5  2  8.25  2  2  8.50  30
917  8   17   3  718.333 -1 -1  1 -1   5  2  8.25  2  1  8.25  30
918  8   18   3  577.722 -1 -1  1 -1   5  2  8.25  2  2  8.50  30
919  8   19   3  768.080 -1 -1  1 -1   5  2  8.25  2  1  8.25  30
920  8   20   3  615.129 -1 -1  1 -1   5  2  8.25  2  2  8.50  30
921  8   21   3  747.500 -1 -1  1 -1   5  2  8.25  2  1  8.25  30
922  8   22   3  540.316 -1 -1  1 -1   5  2  8.25  2  2  8.50  30
923  8   23   3  775.000 -1 -1  1 -1   5  2  8.25  2  1  8.25  30
924  8   24   3  711.667 -1 -1  1 -1   5  2  8.25  2  2  8.50  30
925  8   25   3  760.599 -1 -1  1 -1   5  2  8.25  2  1  8.25  30
926  8   26   3  639.167 -1 -1  1 -1   5  2  8.25  2  2  8.50  30
927  8   27   3  758.333 -1 -1  1 -1   5  2  8.25  2  1  8.25  30
928  8   28   3  549.491 -1 -1  1 -1   5  2  8.25  2  2  8.50  30
929  8   29   3  682.500 -1 -1  1 -1   5  2  8.25  2  1  8.25  30
930  8   30   3  684.167 -1 -1  1 -1   5  2  8.25  2  2  8.50  30
931  8    1   4  658.116  1 -1 -1 -1   2  1  7.75  2  1  7.50  31
932  8    2   4  672.153  1 -1 -1 -1   2  1  7.75  2  2  7.75  31
933  8    3   4  738.213  1 -1 -1 -1   2  1  7.75  2  1  7.50  31
934  8    4   4  594.534  1 -1 -1 -1   2  1  7.75  2  2  7.75  31
935  8    5   4  681.236  1 -1 -1 -1   2  1  7.75  2  1  7.50  31
936  8    6   4  627.650  1 -1 -1 -1  2   1  7.75  2  2  7.75  31
937  8    7   4  704.904  1 -1 -1 -1  2   1  7.75  2  1  7.50  31
938  8    8   4  551.870  1 -1 -1 -1  2   1  7.75  2  2  7.75  31
939  8    9   4  693.623  1 -1 -1 -1  2   1  7.75  2  1  7.50  31
940  8   10   4  594.534  1 -1 -1 -1  2   1  7.75  2  2  7.75  31
941  8   11   4  624.993  1 -1 -1 -1  2   1  7.75  2  1  7.50  31
942  8   12   4  602.660  1 -1 -1 -1  2   1  7.75  2  2  7.75  31
943  8   13   4  700.228  1 -1 -1 -1  2   1  7.75  2  1  7.50  31
944  8   14   4  585.450  1 -1 -1 -1  2   1  7.75  2  2  7.75  31
945  8   15   4  611.874  1 -1 -1 -1  2   1  7.75  2  1  7.50  31
946  8   16   4  555.724  1 -1 -1 -1  2   2  8.25  2  2  8.50  32
947  8   17   4  579.167  1 -1 -1 -1  2   2  8.25  2  1  8.25  32
948  8   18   4  574.934  1 -1 -1 -1  2   2  8.25  2  2  8.50  32
949  8   19   4  720.872  1 -1 -1 -1  2   2  8.25  2  1  8.25  32
950  8   20   4  584.625  1 -1 -1 -1  2   2  8.25  2  2  8.50  32
951  8   21   4  690.320  1 -1 -1 -1  2   2  8.25  2  1  8.25  32
952  8   22   4  555.724  1 -1 -1 -1  2   2  8.25  2  2  8.50  32
953  8   23   4  677.933  1 -1 -1 -1  2   2  8.25  2  1  8.25  32
954  8   24   4  611.874  1 -1 -1 -1  2   2  8.25  2  2  8.50  32
955  8   25   4  674.600  1 -1 -1 -1  2   2  8.25  2  1  8.25  32
956  8   26   4  698.254  1 -1 -1 -1  2   2  8.25  2  2  8.50  32
957  8   27   4  611.999  1 -1 -1 -1  2   2  8.25  2  1  8.25  32
958  8   28   4  748.130  1 -1 -1 -1  2   2  8.25  2  2  8.50  32
959  8   29   4  530.680  1 -1 -1 -1  2   2  8.25  2  1  8.25  32
960  8   30   4  689.942  1 -1 -1 -1  2   2  8.25  2  2  8.50  32
