This is dataplot data file     KAUL.DAT
Refridgerant Analysis (Mike Kaul, NIST)
Number of observations             = 360
Number of variables per line image =  13
Order of variables on a line image--
    1. Factor 1             = time (seconds)
    2. Response Variable  1 = inlet refridgerant temperature
    3. Response Variable  2 = total pressure drop
    4. Response Variable  3 = pressure drop 5
    5. Response Variable  4 = pressure drop 6
    6. Response Variable  5 = inlet water temp 1
    7. Response Variable  6 = inlet water temp 2
    8. Response Variable  7 = wall temperature: location 1, angle 1
    9. Response Variable  8 = wall temperature: location 1, angle 2
   10. Response Variable  9 = wall temperature: location 1, angle 3
   11. Response Variable 10 = wall temperature: location 1, angle 1
   12. Response Variable 11 = wall temperature: location 2, angle 2
   13. Response Variable 12 = wall temperature: location 2, angle 3
Statistical Classification--Multivariate
                            Time Series
To read this file into Dataplot--
   SKIP 25
   READ KAUL.DAT X TAG Y1 TO Y12
   X  TAG   Y1     Y2      Y3      Y4      Y5      Y6      Y7     Y8     Y9     Y10     Y11     Y12     Y13   TRT
-------------------------------------------------------------------------
  0.01 1 378.048 45.7932 26.1660 2.05620 25.0904 25.7871 10.0517 10.1312  9.2396 10.5038 10.2820  9.9965  1
  1.16 1 375.489 32.2226 21.4425 2.04147 25.1676 25.6856  9.7096  9.8471  9.5510  9.9251  9.9552 10.3356  1
  2.29 1 374.583 43.1487 26.7243 2.04922 25.6362 26.0751  9.4924  9.4787  9.0956  9.2904  9.1565  9.5920  1
  3.47 1 373.855 42.9342 26.3420 2.05387 25.6756 26.1317  9.6878  9.5743  9.0395  9.5733  9.2716  9.4126  1
  4.62 1 375.745 42.1755 26.0891 2.04612 25.3006 25.9215  9.6792  9.8286  9.2858  9.8826  9.7055  9.8266  1
  5.79 1 373.241 37.4101 26.5109 2.02079 25.5604 25.9874  9.2374  9.3520  9.0448  9.1440  9.0403  9.4176  1
  6.92 1 375.025 44.1443 25.7462 2.01407 25.5587 26.1027  9.9048  9.7970  8.8469  9.4716  9.2087  9.3601  1
  8.10 1 375.581 40.8786 25.6006 2.04896 25.3300 25.9137  9.6222  9.8676  9.2323 10.0231  9.7949 10.0094  1
  9.24 1 374.313 38.5920 24.8931 2.02596 25.4764 25.9757  9.5342  9.6429  9.0895  9.4554  9.2823  9.6599  1
 10.41 1 375.580 46.3391 27.6896 2.01200 25.5332 26.1003  9.7810  9.7341  8.7418  9.3150  8.8439  8.9362  1
 11.54 1 373.813 44.6507 27.4106 2.01536 25.7199 26.1502  9.6255  9.5439  8.9076  9.4420  9.1473  9.5178  1
 12.72 1 376.398 44.1829 26.3789 2.01149 25.3224 25.9503  9.9038  9.8848  9.1567  9.8572  9.6761  9.9950  1
 13.86 1 374.708 39.9589 26.7848 2.02544 25.5031 25.9557  9.7159  9.7818  8.9302  9.2199  8.9233  9.2866  1
 15.03 1 374.428 40.0902 25.2738 2.02751 25.3322 25.8710  9.7658  9.7463  9.0636  9.6477  9.5292  9.6733  1
 16.17 1 375.322 44.0373 24.0334 2.02105 25.4691 26.1239  9.7937  9.7640  8.7157  9.8479  9.4942  9.5829  1
 17.34 1 376.201 34.4270 24.4190 2.02622 25.1698 25.7764  9.7934 10.0076  9.5555 10.3523 10.2430 10.4853  1
 18.48 1 375.357 41.7940 26.5046 1.98952 25.5195 26.0003  9.5821  9.6325  9.1636  9.3918  9.2112  9.5583  1
 19.65 1 373.455 40.6499 26.5164 2.01976 25.6375 26.0544  9.4103  9.4422  9.0126  9.3327  9.1864  9.3854  1
 20.78 1 376.702 42.7672 26.5517 2.03113 25.1823 25.8430 10.0129  9.9917  9.3598 10.2329  9.9773 10.0175  1
 21.96 1 372.224 41.2654 27.3055 2.03268 25.7197 26.1244  9.2980  9.2932  8.8614  8.9418  8.9302  9.3086  1
 23.10 1 374.878 38.6652 24.8766 2.02312 25.2487 25.8671  9.7764  9.8314  9.1179  9.7319  9.7258  9.8681  1
 24.27 1 374.337 42.1559 27.5372 1.99960 25.7155 26.1544  9.4911  9.5525  8.8888  9.4797  9.1953  9.4688  1
 25.41 1 378.515 45.1446 24.9821 2.02699 25.0949 25.7947 10.1671 10.2253  9.3208 10.3996 10.2212 10.2972  1
 26.58 1 375.509 38.7054 27.5294 2.02984 25.3219 25.8266  9.6716  9.6723  9.5393  9.8975  9.7384 10.0547  1
 27.72 1 374.553 46.9766 26.8140 2.03733 25.5381 26.0778  9.8846  9.8828  8.8243  9.4584  9.1580  9.1785  1
 28.90 1 376.184 43.8777 26.8889 2.03423 25.3109 25.9579  9.7992  9.7769  9.2008 10.0314  9.7985  9.7217  1
 30.03 1 373.537 35.8840 24.9916 2.02725 25.4891 25.9586  9.5565  9.5322  9.1694  9.3882  9.3403  9.7146  1
 31.20 1 376.779 48.8975 28.3114 2.01666 25.4532 26.0534  9.8747  9.8762  8.9664  9.8486  9.4810  9.4219  1
 32.34 1 376.155 45.8562 27.8394 2.03294 25.3780 25.9593  9.7098  9.9069  9.2120 10.0140  9.6227  9.7433  1
 33.52 1 374.079 44.0042 27.2811 2.01330 25.6292 26.0942  9.5522  9.5408  8.8220  9.3198  8.9208  8.9974  1
 34.65 1 374.941 44.6838 27.4491 2.05542 25.4174 26.0588  9.8101  9.7919  9.0428  9.7823  9.6077  9.7620  1
 35.82 1 374.932 39.2475 25.8619 2.01562 25.4076 25.9710  9.6280  9.7390  9.1154  9.5020  9.3581  9.6554  1
 36.96 1 374.001 40.6148 26.7719 2.01045 25.4505 25.9281  9.4323  9.4481  9.2168  9.4617  9.2729  9.5000  1
 38.14 1 374.176 40.8866 23.9671 2.01743 25.4953 26.0037  9.6029  9.5976  8.9977  9.4516  9.2899  9.4937  1
 39.27 1 377.197 39.7881 22.1079 2.03165 25.1331 25.7966  9.8390 10.0504  9.2746 10.3257 10.1048 10.1962  1
 40.44 1 374.561 44.7383 27.0948 2.04560 25.5897 26.0664  9.5570  9.6401  8.9895  9.3723  9.0377  9.3167  1
 41.58 1 378.039 37.9871 22.5292 2.03087 24.8981 25.5968 10.1274 10.2949  9.4280 10.4621 10.2870 10.4087  1
 42.75 1 373.990 40.1970 26.9134 2.03010 25.4975 25.9908  9.4785  9.5218  9.1945  9.5401  9.3271  9.6351  1
 43.89 1 376.834 42.3774 24.5001 2.03811 25.2737 25.8932  9.7719  9.9053  9.1981 10.1891  9.9735 10.1043  1
 45.06 1 373.813 32.3702 25.1937 2.03035 25.4652 25.8381  9.2196  9.3325  9.4285  9.5983  9.5654 10.0370  1
 46.20 1 375.509 48.0706 25.2573 2.01123 25.4541 26.0098  9.9681 10.0350  8.5999  9.4268  9.0433  9.0854  1
 47.37 1 376.745 33.1983 24.6709 2.04638 25.1681 25.6829  9.7726  9.9398  9.4775 10.3402 10.1820 10.5493  1
 48.50 1 372.018 42.7941 27.4885 2.00348 25.8582 26.1617  9.1291  9.1854  8.5755  8.7769  8.0464  8.5092  1
 49.68 1 375.445 43.1388 27.5766 2.04974 25.4600 25.9579  9.9390  9.8474  9.1032  9.6184  9.4263  9.6741  1
 50.82 1 374.998 38.8412 23.0918 2.04043 25.2847 25.9003  9.8061  9.7871  9.2772  9.8522  9.7118  9.9150  1
 52.00 1 375.017 32.4559 22.9216 2.01123 25.3278 25.8176  9.5649  9.7405  9.3340  9.9370  9.8046 10.2078  1
 53.13 1 375.570 50.1221 28.0225 2.02363 25.6370 26.1617  9.6105  9.7615  8.9210  9.6427  9.1849  9.2272  1
 54.30 1 374.209 41.0252 26.2479 2.05982 25.4159 25.9932  9.7197  9.7194  9.1423  9.7428  9.5758  9.7678  1
 55.45 1 374.434 40.2363 26.6240 2.03346 25.5070 26.0339  9.6333  9.7582  9.1308  9.4564  9.4148  9.5370  1
 56.62 1 374.453 34.0531 23.7255 2.02286 25.2847 25.7732  9.3444  9.5330  9.4425  9.8304  9.7635 10.0666  1
 57.75 1 373.458 41.3954 25.0343 2.03940 25.5675 26.0561  9.4729  9.5733  9.0152  9.3768  9.2470  9.4792  1
 58.92 1 374.654 38.1935 23.6955 2.04121 25.3334 25.9600  9.6779  9.8208  9.0278  9.8491  9.6984  9.8955  1
 60.06 1 374.955 33.5846 23.8127 2.00425 25.4495 25.9227  9.5127  9.6508  9.2161  9.6776  9.7207 10.0150  1
 61.24 1 374.652 42.9651 27.2416 2.00477 25.5897 26.1083  9.6564  9.5390  9.1131  9.4339  9.2054  9.3725  1
 62.37 1 373.982 41.3123 26.9825 2.03966 25.5268 26.0078  9.6804  9.6168  9.0091  9.4818  9.2173  9.5317  1
 63.54 1 376.847 46.2573 27.0398 2.02002 25.2318 25.9352 10.0750 10.0532  9.0446 10.1238  9.8451  9.8352  1
 64.68 1 374.108 38.9762 25.2970 2.03888 25.4784 26.0334  9.7377  9.7607  8.9860  9.5249  9.3778  9.6171  1
 65.86 1 372.790 42.7051 25.8316 2.02777 25.7745 26.1875  9.4045  9.3735  8.9692  9.2351  9.0918  9.4012  1
 66.99 1 376.212 41.5461 24.9867 2.00709 25.2369 25.9530  9.8382  9.9013  9.3968 10.1699 10.0033 10.1451  1
 68.16 1 375.749 38.8595 27.2010 2.01821 25.2259 25.8110  9.8165  9.9598  9.3259  9.9165  9.6787  9.9046  1
 69.30 1 373.033 46.9114 27.8859 2.03940 25.7571 26.1946  9.5563  9.4688  8.6710  9.1055  8.7515  8.8654  1
 70.47 1 377.764 46.7812 26.2269 2.05103 25.3244 25.9632 10.0491 10.2035  9.1671 10.3553  9.9722  9.8618  1
 71.60 1 372.560 37.7524 27.4263 2.01976 25.6676 26.0203  9.2713  9.3662  9.1410  9.3109  9.2171  9.6835  1
 72.78 1 374.535 43.3234 27.3121 2.01717 25.4972 26.1095  9.9375  9.8567  9.0418  9.6004  9.4121  9.4600  1
 73.92 1 374.202 41.7212 26.8106 2.03501 25.4926 26.1090  9.6275  9.6450  9.1311  9.5738  9.4496  9.6787  1
 75.09 1 376.371 44.2719 27.1618 2.00063 25.5533 26.0044  9.8625  9.9388  9.0476  9.4797  9.1811  9.3210  1
 76.22 1 373.303 44.1664 27.7933 2.02183 25.6123 26.0890  9.8106  9.6607  8.8233  9.0829  8.8337  9.0017  1
 77.39 1 375.650 39.9720 26.1263 2.04018 25.2347 25.8957  9.8319  9.8443  9.3081  9.9051  9.6115  9.9995  1
 78.54 1 372.414 42.1825 27.2432 2.03320 25.7332 26.1266  9.2678  9.2432  8.9022  8.8327  8.6362  9.0502  1
 79.71 1 376.411 43.8885 27.9823 2.04586 25.2061 25.9013  9.7777  9.8884  9.3487 10.0942  9.8013  9.9099  1
 80.84 1 373.689 40.8917 26.2971 2.00477 25.5995 26.0171  9.7169  9.6678  8.9855  9.2310  8.8309  9.2011  1
 82.01 1 374.897 41.0259 25.8198 2.01924 25.3305 25.9783  9.4828  9.5925  8.9362  9.7400  9.6070  9.8501  1
 83.16 1 375.380 45.8437 27.8111 2.05542 25.6377 26.2002  9.7486  9.5938  8.7751  9.5439  9.3203  9.4567  1
 84.34 1 374.553 40.2825 25.6384 2.02467 25.4997 26.0183  9.6414  9.6042  8.8639  9.2531  9.0235  9.3887  1
 85.47 1 375.734 38.9595 24.2825 2.03216 25.3535 25.9459  9.7473  9.8114  9.1831  9.6820  9.3487  9.5991  1
 86.64 1 374.674 42.7439 27.0752 2.01485 25.5051 25.9849  9.4552  9.5246  9.1486  9.5489  9.2379  9.4042  1
 87.78 1 374.361 42.4108 25.8793 2.02880 25.4862 26.0898  9.6363  9.6265  9.0900  9.7187  9.4729  9.7063  1
 88.95 1 375.337 39.1065 24.7249 2.05000 25.4882 26.0449  9.5560  9.6422  9.0776  9.8504  9.6827  9.8972  1
 90.09 1 374.735 41.5130 27.0546 2.01821 25.6218 26.1007  9.5608  9.7032  9.0261  9.5119  9.1161  9.4420  1
 91.26 1 374.046 42.9246 26.3458 1.99831 25.6147 26.1846  9.8053  9.7954  8.9860  9.5608  9.2792  9.5259  1
 92.40 1 377.789 39.1869 25.7080 2.01950 25.0503 25.6907  9.9112 10.1911  9.5646 10.4279 10.2410 10.3637  1
 93.58 1 371.878 41.3750 27.4077 1.99779 25.7420 26.1761  9.3000  9.3061  8.8096  9.0200  8.8883  9.1570  1
 94.71 1 380.084 38.9695 19.7060 2.01821 25.1740 25.8108 10.1921 10.3371  9.1443 10.6350 10.1866 10.4191  1
 95.88 1 373.290 39.6333 27.0858 2.03113 25.7346 26.1093  9.2985  9.4747  8.9672  9.2074  9.0915  9.4595  1
 97.03 1 379.596 44.0457 23.8969 2.00839 25.3327 26.0010 10.2410 10.2827  9.2262 10.1704  9.8537  9.8995  1
 98.20 1 376.039 38.6130 26.5424 2.05387 25.3822 25.8425  9.6363  9.8380  9.4308  9.8689  9.6814 10.0552  1
 99.33 1 376.325 48.8026 27.0629 2.02028 25.6017 26.1024  9.8380  9.8218  8.8578  9.1709  8.7700  9.0131  1
100.50 1 375.985 47.7624 27.9805 2.06137 25.5315 26.1003  9.8433  9.8182  9.0020  9.9231  9.4764  9.5086  1
101.64 1 374.524 43.8470 28.3379 2.02906 25.5107 26.1251  9.7990  9.7833  9.1298  9.5958  9.3028  9.5178  1
102.82 1 373.991 42.5107 26.0464 2.04147 25.6803 26.2182  9.6120  9.5796  8.8647  9.0101  8.8261  9.1833  1
  0.01 2 450.634 38.1807 25.1771 1.35450 31.3089 31.9545 15.4812 15.5257 14.9053 16.0294 15.6975 15.8490  2
  1.24 2 447.217 39.7139 23.2116 1.32732 31.7247 32.1645 15.2828 15.3364 14.2808 15.2986 15.0173 15.0896  2
  2.42 2 451.773 32.6089 20.2405 1.34414 31.0328 31.7500 15.4222 15.6523 15.0100 16.4359 16.0993 16.4411  2
  3.56 2 447.397 32.9037 23.4440 1.35864 31.5195 31.9331 14.9324 15.1132 14.8157 15.4617 15.2791 15.5340  2
  4.73 2 450.712 39.9789 23.1015 1.34569 31.2109 31.9285 15.3659 15.4372 14.7485 15.9035 15.6815 15.8167  2
  5.86 2 448.769 34.9678 24.5751 1.35113 31.3582 31.9437 15.3019 15.4952 14.9021 15.7395 15.5415 15.7555  2
  7.04 2 450.424 44.6749 22.9217 1.35113 31.5403 32.0472 15.4797 15.5300 14.3019 15.6253 15.1091 15.0989  2
  8.18 2 451.297 34.2196 22.3799 1.36278 30.9931 31.6815 15.4387 15.5928 15.0641 16.3565 16.1738 16.4619  2
  9.35 2 447.691 37.2044 23.2852 1.34802 31.8383 32.1180 15.2405 15.2325 14.4664 15.2521 14.9199 14.9577  2
 10.48 2 451.532 37.0415 22.2931 1.34595 31.0527 31.7924 15.5107 15.6210 14.8981 16.1325 15.8442 16.0459  2
 11.66 2 447.662 34.4601 23.2477 1.35113 31.6297 32.0292 15.1152 15.2243 14.5318 15.3839 15.1877 15.4174  2
 12.80 2 453.313 38.6697 22.2504 1.35501 30.9259 31.7145 15.6078 15.7883 14.8415 16.4109 16.0426 16.0421  2
 13.96 2 446.891 28.5206 21.2070 1.34621 31.4774 31.8593 14.9442 15.0729 14.7172 15.3922 15.3206 15.6208  2
 15.11 2 451.900 47.7224 21.6316 1.34751 31.2883 31.9263 15.5367 15.6663 14.3794 15.8462 15.3459 15.1727  2
 16.29 2 451.580 29.5818 20.2525 1.34880 30.9796 31.5745 15.3829 15.6323 15.0866 16.4055 16.1433 16.5123  2
 17.43 2 451.305 43.8158 22.8131 1.36381 31.3248 31.9588 15.4980 15.7635 14.7648 15.8532 15.4144 15.4042  2
 18.60 2 449.870 28.3320 21.3616 1.36097 31.1359 31.6577 15.2110 15.3982 15.1019 16.0768 15.8902 16.2267  2
 19.73 2 445.498 35.2016 23.1215 1.35424 31.7452 32.0658 14.6458 14.7152 14.2287 13.9582 13.5882 14.3074  2
 20.91 2 451.888 38.4658 22.8424 1.35631 31.1579 31.7666 15.6643 15.7508 14.8340 16.1807 15.7385 15.8835  2
 22.05 2 445.191 33.1105 23.4159 1.35916 31.7380 32.0058 14.8983 14.7889 14.4376 14.6944 14.2633 14.7002  2
 23.22 2 451.750 41.1020 21.4233 1.33845 31.3940 31.9827 15.6298 15.7583 14.4358 15.9804 15.5020 15.6228  2
 24.36 2 449.420 33.5407 23.5106 1.35113 31.2801 31.7066 15.1527 15.3862 14.9902 15.9060 15.5712 15.9037  2
 25.53 2 451.949 42.6062 21.7033 1.35786 31.1899 31.8866 15.5768 15.7855 14.5591 16.0224 15.5285 15.6038  2
 26.67 2 451.430 33.4659 22.7244 1.36692 30.9953 31.6136 15.5395 15.6183 14.9825 16.1153 15.8320 16.0943  2
 27.85 2 447.106 41.5007 23.4061 1.36278 31.8479 32.1618 15.0693 15.0030 14.2600 15.0083 14.6386 14.9504  2
 28.98 2 453.155 36.4450 23.4436 1.35113 30.9726 31.7022 15.6480 15.8110 15.0986 16.5432 16.2289 16.3136  2
 30.15 2 447.970 34.2159 24.4721 1.36174 31.6962 32.0000 15.0508 15.2010 14.7343 15.2050 14.9104 15.2073  2
 31.30 2 452.122 43.4402 23.5624 1.34181 31.2690 31.9164 15.5072 15.5637 14.8019 16.0659 15.5500 15.6603  2
 32.47 2 449.558 28.3356 21.2358 1.35424 31.2707 31.7488 15.0754 15.3554 15.0388 15.8110 15.6398 16.1008  2
 33.60 2 451.456 42.4981 24.2376 1.36718 31.3372 31.9832 15.4750 15.6260 14.5651 15.7653 15.4429 15.6125  2
 34.78 2 448.727 30.7388 21.4756 1.31334 31.2980 31.8300 15.2716 15.3479 14.7368 15.3747 15.0811 15.5272  2
 35.92 2 447.115 36.0323 23.2131 1.33508 31.7588 32.1385 15.1222 15.0989 14.4120 15.2095 14.7155 15.1036  2
 37.10 2 449.640 37.1318 23.1282 1.33482 31.2968 31.9357 15.2831 15.4137 14.8623 15.8905 15.6315 15.8957  2
 38.27 2 446.189 35.2372 23.6208 1.34621 31.7247 32.1236 15.0731 15.0506 14.5413 15.0205 14.5912 15.1076  2
 39.40 2 449.910 41.2773 23.1228 1.34078 31.5736 32.0947 15.4482 15.4740 14.5802 15.5662 15.1610 15.2088  2
 40.54 2 446.829 29.4168 21.3125 1.34129 31.4881 31.9668 14.9740 15.0523 14.7458 15.4222 15.2488 15.6293  2
 41.71 2 449.307 38.4682 23.0827 1.33068 31.7150 32.2136 15.3076 15.4600 14.5792 15.6975 15.3877 15.4024  2
 42.84 2 450.826 34.5354 22.7267 1.34932 31.1144 31.8307 15.4324 15.5843 14.9955 16.0818 15.6808 15.9319  2
 44.02 2 445.746 32.1715 22.0951 1.34777 31.5942 32.0323 14.8214 14.8948 14.6686 14.9815 14.8452 15.2556  2
 45.16 2 448.734 36.0742 22.7230 1.34725 31.5429 32.1327 15.1827 15.3001 14.6736 15.7888 15.4292 15.5758  2
 46.34 2 446.696 33.2463 22.3419 1.36174 31.6474 32.0966 15.0556 15.0916 14.7726 15.4587 15.0653 15.5705  2
 47.47 2 450.515 37.7261 21.4114 1.35812 31.3231 32.0424 15.4580 15.5780 14.8402 15.9314 15.7013 15.7583  2
 48.64 2 447.517 37.2970 24.4734 1.33663 31.7539 32.2372 15.1815 15.3059 14.6183 15.3974 15.0751 15.3804  2
 49.78 2 449.535 40.6148 21.8028 1.35398 31.7438 32.2487 15.4099 15.4269 14.4080 15.6075 15.2928 15.3029  2
 50.96 2 451.142 36.8054 23.3325 1.35010 31.3304 31.9066 15.5267 15.7780 14.8465 16.0878 15.7245 16.0134  2
 52.09 2 448.371 40.9728 23.4075 1.33042 31.7771 32.1895 15.1509 15.0333 14.4070 15.1995 14.6305 14.6884  2
 53.26 2 452.116 38.3191 21.2609 1.34958 31.1516 31.8948 15.5130 15.7083 14.9842 16.3548 16.0574 16.2319  2
 54.41 2 447.830 36.2862 23.4348 1.32654 31.7924 32.1553 15.2273 15.3571 14.5140 15.4767 15.0944 15.2168  2
 55.58 2 450.448 35.4605 21.6664 1.32757 31.2721 31.9776 15.4460 15.5252 14.6902 15.9462 15.5657 15.8120  2
 56.71 2 447.807 30.5982 22.5407 1.34129 31.4213 31.8752 14.8936 15.0498 14.8252 15.4562 15.2170 15.7863  2
 57.89 2 451.861 46.2071 23.5026 1.34932 31.5122 32.0174 15.3954 15.4592 14.3177 15.3169 14.7531 14.9018  2
 59.03 2 453.703 31.0714 22.8851 1.35243 30.9842 31.6724 15.5775 15.7940 15.4542 16.5412 16.2469 16.5210  2
 60.20 2 450.463 34.7123 22.2895 1.35165 31.4184 31.9559 15.5465 15.5512 14.7418 15.4802 15.1437 15.4189  2
 61.33 2 450.911 32.9639 21.0607 1.35501 31.1146 31.8540 15.3942 15.5712 14.8871 16.0719 15.7233 15.9152  2
 62.51 2 446.291 33.9314 23.8743 1.33379 31.7281 32.0821 14.6917 14.8432 14.6656 15.1627 15.0265 15.4169  2
 63.65 2 452.507 42.2069 23.7897 1.35061 31.2593 31.9836 15.5700 15.6998 14.8565 16.1133 15.7390 15.8445  2
 64.83 2 450.151 34.9379 23.6431 1.34958 31.2564 31.8955 15.4715 15.5685 14.9189 15.9342 15.5918 15.8245  2
 65.97 2 451.053 46.7000 23.2440 1.35657 31.3633 32.0311 15.6225 15.8370 14.3523 15.9107 15.2946 15.1262  2
 67.14 2 450.405 29.3431 21.7628 1.31877 31.1708 31.7507 15.2756 15.4404 14.9174 15.9942 15.7358 15.9789  2
 68.27 2 449.131 42.2523 23.7114 1.34544 31.7805 32.1756 15.4317 15.3762 14.3694 15.4064 15.0601 15.0801  2
 69.44 2 451.369 31.2755 20.9159 1.34569 31.1028 31.7283 15.5327 15.5562 14.9870 15.9020 15.6373 15.9532  2
 70.59 2 447.317 36.1536 24.6642 1.34673 31.7286 32.0903 14.9417 15.0411 14.4195 14.8988 14.4869 14.8750  2
 71.75 2 453.753 35.9736 20.9920 1.35812 30.9740 31.7271 15.5112 15.5385 14.8958 16.0356 15.8615 16.0434  2
 72.89 2 446.746 31.2526 23.1324 1.34104 31.5548 32.0024 14.8402 15.0033 14.7849 15.3792 15.0648 15.4017  2
 74.07 2 450.824 38.5716 22.9570 1.36123 31.3809 32.0316 15.4164 15.4725 14.8312 15.8170 15.4845 15.7230  2
 75.19 2 448.024 35.7033 23.6263 1.36304 31.6969 32.1175 15.1957 15.2338 14.6423 15.4555 15.1607 15.3989  2
 76.37 2 451.173 34.5317 20.4604 1.35631 31.1003 31.8603 15.4069 15.5495 14.8543 15.9894 15.7173 16.0589  2
 77.51 2 449.582 32.2090 22.9551 1.36148 31.1674 31.7982 15.0551 15.2243 15.0919 15.9017 15.7010 16.0166  2
 78.69 2 450.704 37.9366 21.5062 1.34673 31.3981 32.0653 15.3244 15.3426 14.6215 15.7060 15.3974 15.4712  2
 79.81 2 448.477 31.7803 23.0467 1.35450 31.2927 31.8280 15.1697 15.3109 14.8928 15.7730 15.4857 15.9577  2
 80.99 2 448.225 40.1688 23.5592 1.34751 31.8076 32.2066 15.1747 15.2330 14.3791 15.0834 14.3062 14.8811  2
 82.13 2 451.395 38.2974 23.8482 1.34751 31.3488 31.9702 15.6055 15.7465 14.7796 16.1253 15.8610 15.8722  2
 83.30 2 445.478 34.0983 23.7784 1.34440 31.8349 32.1987 14.9266 14.9454 14.4200 14.7678 14.4769 14.9083  2
 84.43 2 451.554 30.9020 19.8788 1.36045 31.0367 31.8232 15.4747 15.6148 14.8553 16.1211 15.8345 16.0786  2
 85.61 2 445.990 31.2947 24.8497 1.35217 31.6551 32.0316 14.8244 14.9622 14.7027 15.1274 15.1184 15.4630  2
 86.75 2 454.366 39.6375 21.4890 1.33689 31.0919 31.8646 15.7063 15.9737 15.0035 16.4484 16.0751 16.1056  2
 87.93 2 447.727 29.9791 23.0506 1.33275 31.4687 31.9121 14.9444 15.1882 14.8788 15.5770 15.3419 15.7293  2
 89.07 2 450.159 46.7386 22.0817 1.34544 31.5964 32.0790 15.4975 15.4172 14.0885 15.3809 14.8249 14.6358  2
 90.23 2 450.186 31.0566 23.3719 1.35346 31.2656 31.7685 15.2603 15.4537 15.0401 16.3236 16.0264 16.2282  2
 91.38 2 447.940 40.4776 24.0984 1.34233 31.7970 32.1358 15.3749 15.2283 13.9846 14.7415 14.0616 14.0772  2
 92.56 2 451.232 31.8555 21.9280 1.34440 31.0977 31.8138 15.4555 15.5823 15.2065 16.2010 16.0494 16.3318  2
 93.69 2 446.084 37.3893 24.4931 1.35553 31.9950 32.2750 15.0045 15.0238 14.4461 14.9284 14.7140 14.7944  2
 94.85 2 452.845 39.4556 23.1746 1.35035 31.2126 31.8796 15.5938 15.7733 15.0729 16.2514 15.9859 16.1972  2
 96.00 2 447.029 34.8579 24.1825 1.33560 31.8320 32.0963 15.1046 15.1935 14.6538 14.8480 14.7443 15.2278  2
 97.17 2 450.063 40.6028 21.5619 1.34569 31.5836 32.0831 15.6308 15.5515 14.4920 15.3669 15.1071 15.2471  2
 98.31 2 449.005 34.4914 23.2860 1.33896 31.5434 31.9918 15.1464 15.2983 14.9399 15.6085 15.3789 15.7065  2
 99.48 2 449.576 45.0325 23.7754 1.34155 31.8003 32.2333 15.4454 15.4264 14.4842 15.4957 15.1439 15.2468  2
100.62 2 454.292 31.0411 20.8027 1.33871 31.1260 31.7969 15.6403 15.9537 15.3239 16.6063 16.3623 16.6121  2
101.80 2 447.373 33.5976 22.9026 1.34362 31.8789 32.1604 15.0123 15.1432 14.7423 15.1504 15.0796 15.4269  2
102.94 2 451.291 42.8052 20.7452 1.33508 31.6851 32.1594 15.6600 15.8352 14.4957 15.6600 15.2205 15.3654  2
  0.01 3 373.486 37.1407 21.3969 0.47063 24.9944 25.6729  9.8197  9.9431  8.9088 10.1104  9.8347  9.9724  3
  1.13 3 368.632 37.5516 25.9016 0.49527 25.6517 25.9066  9.2168  9.2997  8.8020  8.8599  8.6761  9.0717  3
  2.30 3 370.886 40.8932 24.8862 0.45558 25.5168 25.8944  9.1775  9.3702  8.6976  8.5971  8.5211  8.8961  3
  3.45 3 372.319 39.2667 24.3253 0.47426 25.2830 25.8081  9.6394  9.6414  9.1154  9.7628  9.5137  9.7369  3
  4.61 3 371.995 37.4328 23.7204 0.43327 25.1965 25.6644  9.5099  9.5923  9.3271  9.6161  9.5492  9.8139  3
  5.75 3 369.647 43.7035 27.2130 0.45662 25.6446 25.9598  9.0626  9.1278  8.6357  9.0116  8.7583  8.9670  3
  6.93 3 372.958 43.8483 23.3880 0.46337 25.4926 25.9081  9.7331  9.7716  8.8863  9.6931  9.2713  9.4478  3
  8.07 3 370.592 32.3192 24.7282 0.44702 25.4098 25.6900  8.9984  9.1278  9.0271  9.3426  9.2460  9.7189  3
  9.23 3 371.458 45.4780 25.3927 0.45014 25.2987 25.7983  9.7126  9.5532  8.7855  9.2419  8.8804  8.9834  3
 10.37 3 371.733 36.6848 23.7172 0.45351 25.4015 25.8091  9.4993  9.6315  8.9626  9.7640  9.4828  9.7503  3
 11.55 3 370.784 38.0649 24.9596 0.45662 25.6240 25.9066  9.2178  9.3292  8.7989  9.1057  8.8520  9.1795  3
 12.69 3 370.239 44.1000 26.0096 0.46233 25.5663 25.9657  9.3776  9.3441  8.3611  8.0924  7.2740  8.3438  3
 13.85 3 375.023 31.9200 23.0940 0.46207 24.8370 25.3854  9.8899 10.0147  9.4465 10.4054 10.2296 10.3576  3
 15.00 3 369.125 38.6023 24.3639 0.46285 25.4644 25.8183  8.9393  8.9091  8.5656  8.8500  7.3030  8.3301  3
 16.18 3 371.888 44.0905 25.9327 0.47244 25.4458 25.8835  9.3517  9.4072  8.8667  9.5958  9.4787  9.3991  3
 17.32 3 370.540 41.9077 24.9646 0.46855 25.6257 25.9691  9.6214  9.5849  8.6933  9.0656  8.8297  9.0682  3
 18.48 3 372.675 40.5879 25.7551 0.45273 25.3839 25.8837  9.6366  9.6363  8.9926  9.7544  9.4470  9.5664  3
 19.66 3 372.278 31.7074 23.0958 0.42964 25.0998 25.6493  9.6607  9.6961  9.2143  9.5167  9.6029  9.7858  3
 20.87 3 370.613 42.1476 26.0895 0.45688 25.5751 25.9437  9.1042  9.1326  8.7888  9.0788  8.8741  9.1319  3
 22.04 3 372.439 38.2866 24.3153 0.47063 25.2766 25.7796  9.6120  9.5890  8.9725  9.4592  9.4387  9.6148  3
 23.18 3 370.434 36.6201 24.7525 0.46207 25.5166 25.8230  9.2957  9.2429  8.8467  8.8675  8.8063  9.1217  3
 24.35 3 371.702 38.7503 23.2904 0.46362 25.3425 25.8637  9.5266  9.4853  8.7956  9.4496  9.4126  9.4524  3
 25.60 3 372.548 36.5425 23.8674 0.43691 25.0566 25.7483  9.6662  9.6505  9.0096  9.7053  9.6723  9.7286  3
 26.74 3 371.772 38.8117 23.8803 0.46466 25.2372 25.7576  9.5216  9.5867  8.9241  9.4896  9.3576  9.6452  3
 27.91 3 372.496 39.0779 25.6796 0.43717 25.1495 25.7029  9.5081  9.5695  9.1212  9.6067  9.5515  9.7324  3
 29.05 3 371.857 34.3438 21.3027 0.45403 25.2017 25.7149  9.4526  9.5383  8.8885  9.3923  9.3842  9.6032  3
 30.22 3 372.300 40.3856 25.6934 0.45714 25.3540 25.8393  9.3145  9.5388  8.9431  9.4858  9.3900  9.5923  3
 31.36 3 372.788 43.0394 25.6725 0.46622 25.2399 25.7874  9.7628  9.9610  8.8215  9.6158  9.3890  9.4878  3
 32.54 3 371.374 35.0477 23.4271 0.43016 25.1708 25.6942  9.5406  9.6614  8.9532  9.3669  9.4052  9.5370  3
 33.68 3 369.618 41.1963 26.7203 0.45273 25.6460 25.9498  9.0527  9.0393  8.4211  8.5102  8.3387  8.6123  3
 34.84 3 373.087 38.3008 21.4966 0.48256 25.0057 25.6417 10.0246 10.1441  9.0649 10.0183  9.8853  9.9079  3
 35.98 3 369.707 35.6541 26.0304 0.44261 25.4338 25.7276  8.9941  9.0979  8.8690  8.9933  8.8802  9.3378  3
 37.15 3 372.648 47.2991 26.1029 0.45455 25.3677 25.7957  9.6189  9.5953  8.7586  9.3862  9.1344  9.2615  3
 38.30 3 372.609 43.9834 25.4599 0.46233 25.2252 25.7983  9.6004  9.5608  8.9860  9.7075  9.5396  9.7536  3
 39.46 3 374.001 39.2634 23.0757 0.46492 25.0432 25.6988  9.9583  9.9598  8.8033  9.8628  9.8048  9.6462  3
 40.60 3 370.685 38.3622 25.3007 0.47063 25.3900 25.8393  9.3761  9.4521  9.0220  9.3910  9.2972  9.5733  3
 41.78 3 371.955 37.5903 25.2932 0.49371 25.1671 25.7176  9.4245  9.4990  9.1187  9.4886  9.4881  9.6782  3
 42.92 3 370.425 39.8501 25.9072 0.45143 25.4257 25.8730  9.3677  9.2211  8.5161  8.7403  8.3974  8.4785  3
 44.08 3 372.078 40.3187 24.8011 0.46207 25.2764 25.7869  9.5122  9.5515  8.8428  9.2412  9.0555  9.3127  3
 45.22 3 369.694 34.5760 23.3062 0.43172 25.3026 25.7168  9.1154  9.0413  8.8426  8.8822  8.7626  9.2615  3
 46.39 3 372.507 39.9068 24.2955 0.47011 25.2117 25.7273  9.4062  9.5482  8.9715  9.5512  9.5147  9.4790  3
 47.54 3 369.990 39.6078 26.1802 0.46752 25.5087 25.8735  9.2090  9.1686  8.7147  9.0469  8.9489  9.3390  3
 48.70 3 375.235 43.7008 21.8198 0.46570 24.9990 25.6197 10.0502 10.0410  8.5564 10.0871  9.6660  9.6837  3
 49.84 3 370.532 33.5455 22.8980 0.45792 25.1434 25.5636  9.4085  9.4645  8.9779  9.6630  9.6189 10.0208  3
 51.01 3 371.621 41.4550 23.2153 0.45325 25.5445 25.9064  9.4564  9.4699  8.6611  9.4825  9.1828  9.3971  3
 52.15 3 373.703 42.1527 24.6766 0.46570 25.1887 25.7210  9.7124  9.8332  9.0276 10.1828  9.9284  9.9152  3
 53.32 3 370.270 39.7141 26.4708 0.47711 25.5051 25.8822  9.3188  9.4148  9.0367  9.3925  9.2105  9.5167  3
 54.46 3 372.663 38.8117 25.2796 0.45740 25.0855 25.6834  9.6186  9.6113  9.1174  9.8560  9.6115  9.7749  3
 55.64 3 369.810 39.7191 26.0213 0.48386 25.5565 25.8671  9.3117  9.3664  8.6659  8.7743  8.5209  8.9517  3
 56.78 3 370.080 37.5543 22.1130 0.47530 25.4603 25.8869  9.4341  9.4475  8.7192  9.3603  9.1232  9.6282  3
 57.94 3 372.125 41.6581 25.7986 0.47426 25.2720 25.7927  9.3941  9.5943  9.0433  9.7787  9.3573  9.7326  3
 59.09 3 368.869 40.8299 25.9232 0.47270 25.6830 25.9783  9.2272  9.1783  8.6700  8.9637  8.6679  9.1689  3
 60.27 3 373.077 39.5885 23.9911 0.46129 25.2266 25.8037  9.7278  9.9284  8.9855  9.9610  9.7501  9.8195  3
 61.41 3 369.949 38.8695 26.0605 0.44106 25.5437 25.8681  9.1572  9.1544  8.9190  9.3203  9.1164  9.4108  3
 62.57 3 375.776 52.2951 25.2380 0.43872 25.1875 25.7634  9.7238  9.8851  8.5001  9.8248  9.2602  9.3687  3
 63.71 3 370.067 34.8349 23.2213 0.44054 25.3155 25.7900  9.5591  9.6389  8.9479  9.6498  9.5193  9.6989  3
 64.89 3 369.724 42.5570 27.2240 0.46051 25.7190 26.0191  9.1519  9.2102  8.6164  8.9799  8.6705  8.8982  3
 66.03 3 377.517 52.5211 25.1577 0.46233 25.1566 25.7232  9.8344  9.7564  8.6573 10.2238  9.6470  9.4635  3
 67.19 3 369.492 37.9427 26.5786 0.42990 25.5234 25.8386  9.3317  9.3659  9.0147  9.3454  9.2409  9.8132  3
 68.33 3 371.644 41.2057 22.5900 0.45377 25.3114 25.8332  9.8256  9.8517  8.8713  9.6072  9.4065  9.6110  3
 69.51 3 371.686 32.7819 23.8369 0.43742 25.1943 25.5614  9.4328  9.6338  9.2660  9.5553  9.5966 10.0653  3
 70.65 3 369.861 41.4590 23.3886 0.41771 25.4894 25.8442  8.8764  8.9746  8.5227  8.5572  8.4332  8.9228  3
 71.81 3 374.270 38.8536 26.0333 0.46492 25.0324 25.5897  9.6186  9.8932  9.3015 10.0180  9.8752  9.9993  3
 72.95 3 368.941 40.1176 25.9841 0.44365 25.5185 25.8640  9.3360  9.1547  8.5115  8.4952  8.2716  8.7141  3
 74.12 3 374.857 52.4067 23.2255 0.44158 24.9897 25.6185  9.7828  9.7443  8.1898  9.9327  9.5170  9.3563  3
 75.27 3 373.024 42.0084 24.7720 0.45947 25.0804 25.6495  9.7235  9.8370  9.0296  9.9907  9.6029  9.8301  3
 76.43 3 369.479 39.8929 26.4425 0.46103 25.6421 25.9369  9.2432  9.2518  8.7941  9.0180  8.8507  9.2544  3
 77.57 3 373.797 39.6356 21.5057 0.44650 25.2475 25.8122  9.9122  9.9059  8.9576  9.7807  9.3609  9.6206  3
 78.75 3 373.182 35.2969 24.0073 0.40733 25.0919 25.6205  9.5776  9.7830  9.2341 10.0567  9.6774 10.1046  3
 79.89 3 371.390 41.5065 25.3206 0.41667 25.5900 25.8835  9.5188  9.4671  8.8654  8.9619  8.5488  8.7857  3
 81.06 3 371.247 44.6041 25.5619 0.44988 25.6000 25.9418  9.4265  9.4133  8.6885  9.2627  8.7367  9.0268  3
 82.20 3 371.398 30.8517 23.2238 0.43250 25.2898 25.6061  9.2057  9.3999  9.2932  9.3652  9.1085  9.6166  3
 83.38 3 370.089 40.3276 26.3209 0.43120 25.4157 25.7993  9.2688  9.2508  8.7248  8.8720  8.6537  9.1397  3
 84.52 3 373.105 47.7233 24.0028 0.41615 25.1958 25.7620  9.8519  9.8294  8.5887  9.8289  9.4701  9.3641  3
 85.69 3 372.002 28.1646 20.9223 0.45766 25.1642 25.5319  9.2460  9.3112  9.2544  9.9124  9.7045 10.3758  3
 86.94 3 370.820 44.8157 25.8416 0.44443 25.4889 25.7944  9.5302  9.3771  8.4419  8.4828  8.2078  8.5691  3
 88.07 3 373.369 44.5713 25.6686 0.45740 25.2384 25.7473  9.7585  9.8669  8.6187  9.3920  8.9370  9.0093  3
 89.25 3 370.435 39.9465 25.8993 0.46881 25.5347 25.9152  9.3951  9.3953  8.8426  9.2769  8.9368  9.3342  3
 90.42 3 372.212 43.8607 26.5022 0.46492 25.3973 25.8464  9.7757  9.7516  8.8203  9.5221  9.2462  9.2615  3
 91.56 3 371.090 41.4854 25.4476 0.48515 25.4732 25.8942  9.6609  9.6564  8.7403  9.1904  8.9873  9.2394  3
 92.69 3 373.779 48.2033 26.2489 0.43742 25.2908 25.8200  9.4790  9.8177  8.7921  9.8582  9.3652  9.4795  3
 93.86 3 374.274 49.5118 26.4353 0.47582 25.2306 25.7881  9.6475  9.7240  8.5801  9.5624  8.6839  8.9033  3
 95.00 3 374.394 44.1723 24.1382 0.45921 25.1448 25.6890 10.0552 10.0567  8.7593 10.0752  9.5692  9.3981  3
 96.17 3 372.863 42.5816 23.9506 0.46414 25.2448 25.7417  9.5778  9.8661  8.9573  9.8580  9.2635  9.5170  3
 97.31 3 373.536 43.5713 25.5745 0.47945 25.1240 25.7151  9.4308  9.5682  8.9898  9.8853  9.4848  9.5350  3
 98.49 3 372.230 45.8925 25.8108 0.44988 25.3268 25.8174  9.5522  9.5598  8.7647  9.5570  9.0555  9.1412  3
 99.63 3 372.234 41.1977 24.0703 0.47218 25.3055 25.8681  9.6614  9.7587  8.8314  9.8671  9.3674  9.5735  3
100.80 3 371.439 34.7161 22.4972 0.44962 25.3371 25.7115  9.4777  9.5613  8.9581  9.4683  9.2290  9.4894  3
101.94 3 370.808 38.1239 24.8952 0.46155 25.3623 25.7542  9.0027  9.0634  8.8682  9.4334  9.1788  9.4688  3
103.12 3 372.605 39.1835 24.7818 0.45714 25.1394 25.7212  9.5829  9.5844  9.1565  9.7308  9.4932  9.7217  3
  0.01 4 374.095 42.7738 25.7021 0.58137 24.3755 24.8592  9.6044  9.8134  9.0362  9.6764  9.3862  9.4716  4
  1.18 4 374.472 40.3436 24.6337 0.58423 24.2235 24.7643  9.6270  9.6756  9.3241  9.8719  9.6579  9.6961  4
  2.35 4 373.606 35.7206 22.7385 0.57437 24.3703 24.7575  9.3119  9.4397  9.0611  9.4767  9.5765  9.7914  4
  3.50 4 376.403 39.8534 23.5223 0.57204 24.0949 24.6624  9.7883  9.9383  9.1740 10.0641  9.8476  9.9897  4
  4.66 4 374.643 44.5282 26.5581 0.58915 24.3666 24.8601  9.4759  9.7121  8.8675  9.4579  9.0228  9.1826  4
  5.80 4 374.527 43.1063 26.6240 0.59330 24.5511 24.9010  9.6536  9.6913  8.7469  9.4412  8.8238  8.9786  4
  6.97 4 373.757 42.5781 26.6403 0.59849 24.3423 24.8120  9.5302  9.5299  8.9388  9.6457  9.4321  9.6211  4
  8.15 4 373.582 41.8454 24.8238 0.59486 24.4015 24.9484  9.6505  9.8023  8.5148  9.4526  9.3327  9.3781  4
  9.36 4 374.853 45.1520 25.6373 0.58812 24.3838 24.9159  9.6901  9.7835  8.8934  9.8633  9.5342  9.6148  4
 10.53 4 373.515 35.4691 25.5370 0.59901 24.2933 24.6924  9.7384  9.7962  9.0228  9.6462  9.6110  9.7329  4
 11.67 4 376.475 44.5713 25.7196 0.59434 24.3313 24.8076  9.8582 10.1114  9.0103  9.9122  9.2348  9.2085  4
 12.84 4 376.222 39.0965 23.5131 0.58085 24.1592 24.6827  9.7058  9.7929  9.3505 10.1512  9.8588  9.9985  4
 13.99 4 372.664 38.4746 25.7260 0.59304 24.5842 24.9489  9.2318  9.3783  8.8434  9.2503  9.0431  9.3256  4
 15.15 4 377.241 41.7411 24.7254 0.60393 24.2611 24.8531  9.8909  9.9686  8.9444 10.0851  9.8048  9.6706  4
 16.29 4 375.736 30.7463 20.5583 0.58189 24.0448 24.4987  9.8461  9.9811  9.3525 10.1456 10.0193 10.3341  4
 17.47 4 373.876 43.3167 24.3763 0.60056 24.5671 25.0092  9.5129  9.5816  8.8416  9.3880  9.0961  9.3358  4
 18.61 4 375.823 40.0313 24.1542 0.60523 24.2721 24.7939  9.6460  9.7726  9.0875 10.0011  9.9236 10.0362  4
 19.78 4 376.184 39.8835 25.9118 0.56244 24.0976 24.5983  9.7486  9.9114  9.3063  9.8950  9.7886  9.7438  4
 20.91 4 374.627 39.2396 26.0276 0.56452 24.0713 24.5440  9.6645  9.6673  9.1544  9.5811  9.4706  9.5940  4
 22.08 4 376.116 42.3037 25.6653 0.59149 24.1013 24.6367  9.8691  9.8547  8.9416  9.6280  9.5008  9.6156  4
 23.23 4 375.109 39.9842 26.1407 0.61846 24.2552 24.7000  9.6533  9.7425  8.9200  9.3849  9.0207  9.1798  4
 24.39 4 373.331 46.2624 25.9843 0.59667 24.5889 24.9281  9.3619  9.2792  8.5237  9.0872  8.5841  8.6121  4
 25.56 4 375.509 32.0493 20.7095 0.56841 24.0370 24.4860  9.8228  9.8691  9.1270 10.0469  9.8479 10.2063  4
 26.71 4 374.320 41.4776 25.7138 0.58474 24.4221 24.8716  9.4072  9.5304  8.9834  9.5033  9.2475  9.5198  4
 27.85 4 376.570 42.5675 26.5853 0.59304 24.1578 24.6565  9.7060  9.8977  8.9827  9.9613  9.6668  9.7607  4
 29.02 4 376.038 36.4564 22.0497 0.56348 24.0387 24.5418  9.9246  9.9699  9.0131  9.7113  9.5847  9.6761  4
 30.16 4 374.636 34.7718 26.7645 0.58319 24.1767 24.6083  9.4965  9.5586  9.2741  9.5251  9.6381  9.7843  4
 31.33 4 375.209 48.9171 25.9644 0.60834 24.3742 24.8088  9.8015  9.7906  8.6098  9.5596  8.8939  8.7276  4
 32.47 4 373.612 31.8267 23.2225 0.61949 24.3477 24.6704  9.3565  9.5365  9.3360  9.8357  9.8524 10.1610  4
 33.64 4 373.290 40.8947 27.7764 0.59123 24.6929 24.9875  9.4430  9.3190  8.8233  8.9926  8.8540  9.0225  4
 34.78 4 377.206 34.3247 21.0894 0.59097 23.9648 24.4667 10.0097 10.0707  9.2402 10.2225  9.9613 10.1124  4
 36.02 4 375.072 38.6461 24.1636 0.61042 24.2825 24.7171  9.4866  9.5773  9.1438  9.6576  9.6113  9.5778  4
 37.20 4 375.202 44.3740 27.4678 0.59927 24.4432 24.8342  9.5226  9.6325  9.0426  9.6941  9.3991  9.3586  4
 38.33 4 376.235 37.4241 23.3432 0.60264 24.1965 24.6482  9.7463  9.7612  9.0872  9.5459  9.1339  9.4199  4
 39.50 4 373.028 39.0309 24.9572 0.55388 24.4611 24.7875  9.3606  9.3426  8.9081  8.8289  8.9558  9.2381  4
 40.64 4 375.297 42.9560 25.4549 0.60938 24.3198 24.8572  9.8823  9.9180  8.8878  9.7734  9.5134  9.4579  4
 41.82 4 374.540 40.5362 25.9197 0.59330 24.2535 24.6330  9.6566  9.6880  9.2686  9.6559  9.4965  9.7807  4
 42.99 4 374.148 43.1152 26.5865 0.61197 24.3706 24.8377  9.5697  9.5216  8.9385  9.4103  9.3439  9.4881  4
 44.20 4 377.277 44.8230 26.7385 0.62883 24.1700 24.6714  9.8760 10.0902  9.2008 10.0431  9.5733  9.8385  4
 45.36 4 373.450 41.7116 26.5650 0.62157 24.5178 24.9428  9.6222  9.5413  8.8370  9.1790  8.8720  9.1220  4
 46.51 4 375.452 39.9766 22.7360 0.63764 24.1865 24.6523  9.8177  9.9623  8.8360  9.7151  9.6439  9.6984  4
 47.74 4 373.910 33.3102 23.8591 0.61353 24.3418 24.7384  9.4240  9.4519  9.0717  9.3900  9.3401  9.6201  4
 48.91 4 375.278 44.3430 25.4786 0.58060 24.2498 24.7325  9.6503  9.8681  8.9492  9.8172  9.3393  9.4184  4
 50.05 4 373.783 41.8586 26.6973 0.60627 24.2373 24.7783  9.6151  9.5687  9.0854  9.7967  9.3639  9.6404  4
 51.22 4 374.401 42.1852 26.1172 0.58397 24.3782 24.8658  9.7787  9.6984  8.8020  9.3854  9.1298  9.3968  4
 52.36 4 376.377 35.8609 24.1304 0.61171 23.9080 24.4481  9.8747  9.9924  9.2784 10.1365  9.9962 10.0451  4
 53.54 4 374.485 33.7284 19.9349 0.60082 24.0753 24.5606  9.5700  9.6108  9.0854  9.6272  9.5545  9.8600  4
 54.68 4 373.910 31.1134 21.2334 0.61457 24.1973 24.5567  9.2125  9.4116  9.1481  9.6376  9.5558  9.8367  4
 55.85 4 373.040 43.6778 25.7665 0.60056 24.8057 25.0588  9.2039  9.1628  8.6278  9.1136  8.6915  8.9634  4
 57.10 4 376.469 31.9459 21.1709 0.61664 24.0252 24.4792  9.7934  9.9271  9.4392 10.3128 10.3551 10.3999  4
 58.23 4 372.006 38.5924 27.7198 0.58371 24.4937 24.7795  9.2544  9.2970  9.0126  9.1258  9.0702  9.3274  4
 59.40 4 378.367 41.6420 22.2983 0.60082 24.1045 24.6169 10.0340 10.1878  9.0796 10.2488  9.9707 10.0608  4
 60.54 4 374.494 33.9851 25.0304 0.62753 24.2950 24.6834  9.3459  9.5472  9.3905  9.8719  9.7151 10.0661  4
 61.71 4 372.995 40.9383 25.0680 0.62857 24.6517 24.9902  9.4334  9.4914  8.7804  9.1950  9.0522  9.2310  4
 62.86 4 375.227 36.4697 24.6073 0.58604 24.0681 24.6117  9.7050  9.8552  9.3096 10.0778  9.8790 10.0043  4
 64.03 4 375.021 45.1498 27.5602 0.56815 24.4105 24.8394  9.5578  9.5933  8.9167  9.6429  9.3360  9.2328  4
 65.18 4 376.304 43.1116 26.5110 0.59538 24.2854 24.7575  9.9365 10.0879  8.9657  9.8732  9.4949  9.5172  4
 66.34 4 371.771 40.6245 25.8619 0.62520 24.6541 24.9894  9.3601  9.3094  8.7654  9.0253  8.9291  9.2883  4
 67.48 4 374.743 40.2984 25.6485 0.62209 24.2869 24.7834  9.6683  9.7425  8.9375  9.7921  9.4764  9.5190  4
 68.66 4 372.861 40.1627 25.9823 0.60316 24.5165 24.9049  9.4676  9.4815  8.8992  9.2047  9.0700  9.4118  4
 69.80 4 376.485 37.6997 21.8055 0.59226 23.9154 24.4513  9.9727 10.0152  9.1996 10.1461 10.0732 10.2071  4
 70.96 4 372.353 37.1756 24.9578 0.57515 24.5087 24.8183  9.0697  9.2110  8.9474  9.1537  9.0525  9.2047  4
 72.10 4 373.137 41.4456 24.9529 0.58449 24.4761 24.8914  9.7146  9.7174  8.8601  9.7250  9.4407  9.4615  4
 73.28 4 375.437 34.2323 22.8832 0.60264 24.3242 24.6858  9.5038  9.6865  9.3728 10.1385 10.0086 10.1676  4
 74.42 4 372.576 41.3636 26.7281 0.57645 24.7510 25.0156  9.3804  9.3794  8.8035  9.1691  8.9116  9.0953  4
 75.58 4 377.680 34.9236 21.9482 0.58137 23.9660 24.4351 10.0805 10.1656  9.2921 10.3381 10.1344 10.2756  4
 76.72 4 372.238 36.8670 25.5020 0.57463 24.5435 24.8509  9.1321  9.1821  8.8761  9.1448  8.9761  9.3210  4
 77.90 4 373.927 41.4551 24.8727 0.60912 24.4952 24.8897  9.5284  9.4889  8.9941  9.4838  9.2597  9.4164  4
 79.04 4 374.071 34.1588 25.7209 0.59252 24.2579 24.6858  9.5008  9.5887  9.3200  9.7926  9.7476  9.8299  4
 80.20 4 374.735 46.8820 24.6538 0.58111 24.4081 24.8643  9.9367  9.9172  8.6948  9.5563  9.3205  9.1844  4
 81.35 4 375.574 32.5122 22.0920 0.57982 24.1953 24.5728  9.7255  9.8785  9.3061 10.1613 10.0616 10.2215  4
 82.52 4 374.070 43.5281 25.2490 0.59175 24.6338 24.9921  9.4529  9.4511  8.8680  9.3616  9.1065  9.1504  4
 83.66 4 376.631 37.5705 24.0512 0.59097 24.0603 24.5185  9.8018  9.9995  9.4645 10.2223 10.0160 10.1395  4
 84.83 4 373.575 43.5126 26.8865 0.59382 24.5232 24.9022  9.6092  9.6113  8.6232  8.4449  8.3253  8.6080  4
 85.97 4 376.098 35.3977 23.5283 0.59149 24.0291 24.5592  9.8210  9.9167  9.1293  9.8253  9.7666  9.8722  4
 87.15 4 372.577 40.2278 26.4492 0.62390 24.6845 24.9679  9.2181  9.2227  8.7177  8.9862  8.7857  8.9180  4
 88.29 4 376.775 40.0931 22.5684 0.59019 24.0446 24.6423  9.7825 10.0256  9.2511 10.3032 10.1339 10.1071  4
 89.45 4 374.570 32.1357 23.0325 0.56711 24.2763 24.6531  9.5013  9.6858  9.2541  9.7625  9.6331  9.8727  4
 90.60 4 374.467 37.7010 22.3711 0.58423 24.3897 24.8154  9.3008  9.4067  9.0758  9.6118  9.4777  9.7172  4
 91.84 4 377.490 33.1014 20.3856 0.58397 24.1612 24.6174  9.8134 10.0691  9.2412 10.3844 10.1901 10.2410  4
 93.01 4 374.681 32.4965 23.9350 0.58371 24.3379 24.7083  9.4661  9.6049  9.3411  9.8106  9.6855  9.8423  4
 94.15 4 373.974 38.6277 23.5887 0.57385 24.4829 24.9032  9.6108  9.6571  8.8997  9.4980  9.3555  9.4628  4
 95.32 4 375.715 39.8053 24.3647 0.57956 24.3416 24.7792  9.5066  9.6551  9.1179  9.7544  9.5266  9.7630  4
 96.46 4 376.081 47.4685 25.6438 0.58293 24.5389 24.9694  9.5763  9.3647  8.6001  9.4612  9.0301  8.7977  4
 97.63 4 374.762 32.8820 23.7188 0.57256 24.2638 24.6364  9.5968  9.6703  9.3025  9.7805  9.8271 10.1089  4
 98.77 4 374.064 41.5993 25.7307 0.58941 24.5492 24.8990  9.8289  9.7364  8.9380  9.2242  8.9383  9.1027  4
 99.94 4 376.766 39.8310 24.5321 0.60886 24.1195 24.6046  9.8205  9.9580  9.0872 10.1307  9.8372  9.9729  4
101.08 4 374.719 39.6622 25.4929 0.59045 24.4537 24.8350  9.4245  9.6551  8.8461  9.3375  8.8647  9.0195  4
102.25 4 375.413 45.7593 25.5261 0.60238 24.3112 24.7910  9.8390  9.7481  8.8949  9.9319  9.3735  9.4762  4
103.39 4 372.965 33.6495 23.5831 0.58241 24.3777 24.7805  9.4468  9.4617  9.1268  9.2921  9.2176  9.5031  4
