This is Dataplot data file     LEVENSO3.DAT
Multiplot Example for 1998 NIST SED Yellowbook





















row v1 v2 v3 v4 v5 color
-----------------------------------------------
10 -0.119726 0.079062 0.317521 -0.102663 -0.013301 1
20 -0.017613 0.042168 0.047714 -0.026956 0.015178 2
30 -0.104682 -0.098824 0.122747 0.086548 -0.08004 3
40 -0.17123 0.112142 0.151119 0.098456 0.08345 1
50 -0.056894 0.103701 0.168398 -0.131898 0.100639 1
60 0.038794 -0.064393 0.077268 0.030271 -0.030959 4
70 -0.076602 -0.058876 0.16475 0.003127 -0.064426 3
80 -0.111023 -0.089164 0.118483 0.027028 -0.097073 3
90 -0.146837 0.052872 0.084464 0.056548 -0.015173 1
100 -0.155269 0.062752 0.020577 0.112393 0.022235 1
110 -0.165982 0.078007 0.10919 0.081654 0.084379 1
120 -0.10469 0.04939 0.122945 -0.018248 0.022927 1
130 -0.076801 0.073943 0.126945 -0.011227 0.04542 1
140 -0.090339 0.099292 -0.033885 0.01954 0.00325 1
150 -0.041571 0.082466 0.171275 -0.130394 0.073129 1
160 0.042008 -0.050421 0.076345 0.037157 -0.048996 5
170 -0.003154 0.002082 0.048567 -0.012295 0.033405 2
180 -0.016738 -0.119388 0.076484 0.037846 -0.017029 4
190 -0.022705 -0.081511 0.105744 0.033103 -0.033564 4
200 -0.089372 -0.068282 0.18085 0.033874 -0.090871 3
210 -0.099869 -0.096607 0.082748 0.045575 -0.055449 3
220 -0.079503 -0.085651 0.101167 0.049199 -0.055187 3
230 -0.101213 -0.090018 0.080246 0.046328 -0.0576 3
240 -0.121306 -0.039941 0.107624 0.039748 -0.039329 3
250 0.003816 -0.013159 0.002974 0.027042 -0.004437 2
260 -0.108642 -0.031989 0.056205 0.037983 -0.068248 3
270 -0.127853 0.032157 0.099908 0.109446 0.01653 1
280 -0.151837 -0.03542 0.078986 0.110519 -0.050055 3
290 -0.151744 0.039159 0.089812 0.026151 -0.001604 1
300 -0.148243 0.062344 0.031851 -0.043507 -0.052667 1
310 -0.110771 0.063429 0.107632 -0.019096 0.010272 1
320 -0.135906 0.091914 0.116081 0.065475 0.04389 1
330 -0.127769 0.067052 0.07209 0.057646 0.026234 1
340 -0.133689 -0.016047 0.078796 0.090795 -0.026902 3
350 -0.112752 0.036797 0.081156 0.017063 0.020316 1
360 -0.077942 0.052599 0.013401 0.088918 0.027121 1
370 -0.027264 -0.036368 0.069336 0.055743 -0.053505 4
380 -0.078054 0.004783 0.042999 0.081235 -0.021737 1
390 -0.010123 0.06674 0.0312 -0.014597 -0.006699 2
400 0.056522 -0.016761 0.057631 0.047913 -0.029018 5
410 -0.021973 0.038053 0.034031 0.015936 0.085285 2
420 0.054346 -0.059347 0.061175 0.05529 -0.028776 5
430 0.113508 -0.070554 0.037983 0.066276 -0.017418 5
440 0.058401 -0.048127 0.032677 0.032762 0.01414 5
450 -0.013647 0.013929 0.023712 -0.021838 0.060319 2
460 -0.035123 -0.087407 0.070156 0.022605 0.008387 4
470 -0.033236 -0.125236 0.085432 0.043114 -0.029534 4
480 0.004928 -0.102469 0.080849 0.015336 0.002047 4
490 -0.021555 -0.101736 0.072837 0.029107 -0.013472 4
500 -0.009937 -0.096001 0.081251 0.032948 -0.028318 4
510 -0.116201 -0.091969 -0.072068 0.033238 0.019302 3
520 -0.120679 -0.01295 0.179606 -0.03915 -0.043956 1
530 -0.106885 -0.019367 0.086049 0.007916 -0.035058 3
540 -0.104594 -0.092855 0.029374 -0.0126 -0.035487 3
550 -0.062843 -0.044172 0.029803 -0.036783 -0.02326 2
560 -0.086453 -0.076547 0.080202 0.067041 -0.033479 3
570 -0.167909 -0.103763 0.010113 0.133989 -0.035782 3
580 -0.075668 -0.065891 0.02342 0.056346 -0.011337 3
590 -0.09324 -0.120662 0.035696 0.031545 -0.05939 3
600 -0.082456 -0.111944 0.054887 0.036389 -0.059947 3
610 -0.092145 -0.074194 -0.074598 -0.019018 0.033741 2
620 -0.133126 0.030607 0.06827 0.080026 -0.036308 1
630 -0.109701 -0.045772 0.038675 -0.009245 -0.041292 3
640 -0.052415 0.09491 -0.028348 -0.062513 -0.014033 1
650 0.039717 0.026411 -0.029279 -0.022645 -0.028611 5
660 -0.092936 -0.043075 0.041826 0.032271 -0.023167 3
670 -0.118469 -0.011672 0.088745 -0.009813 -0.107197 3
680 -0.095706 -0.021445 0.060277 0.008084 -0.029248 3
690 -0.079446 -0.054888 0.033794 0.0487 -0.030946 3
700 -0.098383 -0.014046 0.072654 0.002548 -0.076162 3
710 -0.14891 -0.068602 -0.043666 0.059994 -0.066794 3
720 -0.12095 0.015218 0.05758 0.077474 -0.000847 1
730 -0.112177 -0.01424 0.025069 0.074388 -0.030761 3
740 0.025853 0.022812 0.010667 0.004577 -0.019378 5
750 -0.144971 0.080013 0.080545 0.041339 0.051395 1
760 -0.11983 0.043634 0.021363 -0.071235 -0.081005 1
770 -0.135933 0.065196 0.035606 -0.057048 -0.033659 1
780 -0.039758 -0.085216 -0.043426 -0.064926 0.019374 2
790 -0.119867 0.059142 0.061662 0.039296 0.061324 1
800 -0.115409 0.062623 0.081538 0.042266 0.016854 1
810 -0.100465 0.008331 0.058042 0.065509 -0.010547 1
820 -0.073093 -0.001632 -0.039011 0.002832 0.004736 2
830 -0.113213 0.04934 0.045148 0.041091 0.033157 1
840 -0.109435 0.084035 0.078193 -0.0038 0.00796 1
850 -0.140353 0.024005 0.043921 0.091406 0.022986 1
860 -0.117049 0.012372 0.078033 0.058475 0.007047 1
870 -0.071866 0.061339 -0.022606 0.045314 0.020047 1
880 -0.09967 0.011995 0.05639 -0.000582 -0.027069 1
890 -0.020486 0.06316 0.083948 -0.011741 0.006721 1
900 -0.086987 0.043944 0.081003 0.037444 0.018785 1
910 -0.016264 -0.036518 0.057664 0.029751 -0.058141 4
920 -0.183716 0.053417 0.085469 0.103158 0.022138 1
930 -0.033975 0.027672 0.030031 0.048751 -0.015241 1
940 -0.120973 0.07774 0.114815 0.045576 0.047661 1
950 -0.052868 -0.003929 0.091217 -0.016366 -0.099386 3
960 -0.09566 -0.047683 0.072758 0.051419 -0.076956 3
970 0.041266 -0.000689 0.037562 0.05702 -0.060686 5
980 0.035682 -0.039426 0.066665 0.034014 -0.025247 5
990 -0.017653 -0.000414 0.006368 -0.004925 0.015434 2
1000 -0.006136 -0.126915 0.079567 0.041118 -0.017933 4
1010 0.020375 -0.047279 0.054717 0.027582 -0.01488 4
1020 0.048937 -0.040788 0.045391 0.052539 -0.025922 5
1030 0.073176 -0.039657 0.058375 0.053976 -0.030445 5
1040 -0.048504 -0.135329 0.017513 0.030937 0.011911 4
1050 0.005986 -0.074928 0.081146 0.014313 0.005122 4
1060 -0.050238 -0.129702 0.008386 0.022522 0.03627 4
1070 -0.083251 -0.074439 0.044023 0.06429 0.022546 4
1080 -0.02722 -0.098139 0.06613 -0.00695 0.03237 4
1090 -0.092553 -0.082024 -0.025758 0.149454 0.097859 4
1100 -0.008345 -0.143399 0.033518 0.039242 0.005206 4
1110 -0.011905 -0.104504 0.046435 0.021545 0.0045 4
1120 -0.019414 -0.147613 0.061005 0.005829 0.023885 4
1130 -0.001989 -0.089468 0.051943 0.022229 0.004042 4
1140 -0.033043 -0.071994 0.046959 0.049091 -0.001035 4
1150 -0.038929 -0.13686 0.089003 0.020081 -0.020845 4
1160 -0.051177 -0.068651 0.051302 0.016228 0.001912 4
1170 -0.033423 -0.07128 0.081565 0.024975 -0.000226 4
1180 -0.09299 -0.023639 0.068899 -0.001611 0.049854 1
1190 -0.150068 -0.059016 -0.003684 0.065442 0.01174 3
1200 -0.078681 -0.032685 0.083494 0.00493 -0.053904 3
1210 -0.103879 -0.087354 0.081283 0.052585 -0.044167 3
1220 -0.030181 -0.019292 0.00664 -0.003293 0.002034 2
1230 -0.079157 -0.109473 -0.018427 0.001235 0.019632 4
1240 -0.128358 -0.098776 -0.061845 0.10822 0.015929 3
1250 -0.126034 -0.112296 0.061969 0.028457 -0.089584 3
1260 -0.187884 -0.044543 0.034968 0.206485 0.009671 3
1270 -0.063118 -0.117366 -0.018302 0.028614 -0.005353 4
1280 -0.058362 -0.087865 0.032397 0.013534 -0.01061 4
1290 -0.053724 -0.075066 0.046309 0.021795 -0.022024 4
1300 -0.102323 -0.052806 0.040829 -0.012681 -0.072292 3
1310 -0.111821 -0.08668 -0.00578 0.008452 -0.036536 3
1320 -0.077521 -0.095356 0.027633 0.023933 -0.03999 3
1330 -0.127274 -0.11453 0.030462 0.018731 -0.070503 3
1340 -0.09294 -0.134241 -0.048216 0.033466 -0.022152 3
1350 -0.098179 -0.124975 0.009564 0.008578 -0.036687 3
1360 -0.096154 -0.100417 -0.00395 0.003055 -0.047226 3
1370 -0.032521 0.005701 -0.031383 0.046433 0.033576 2
1380 -0.087116 0.028388 -0.04229 -0.019489 -0.045072 1
1390 -0.097905 -0.037878 0.038565 0.04441 -0.014261 3
1400 -0.17553 -0.039083 0.046038 0.097963 -0.04764 3
1410 -0.104437 -0.065332 0.007756 -0.00101 -0.031533 3
1420 -0.131533 -0.036566 0.033728 0.02456 -0.020894 3
1430 -0.09443 0.037005 0.11887 -0.005148 -0.003675 1
1440 -0.079764 0.005572 -0.039471 0.019261 -0.003124 2
1450 -0.089516 -0.049147 0.074799 0.037504 -0.043655 3
1460 -0.132904 -0.00229 0.069647 0.073355 -0.038621 1
1470 -0.15135 -0.086554 0.025254 0.058891 -0.075071 3
1480 -0.076069 -0.050217 0.048956 0.017993 -0.030412 3
1490 -0.135522 0.018873 0.013134 0.018826 -0.004164 1
1500 -0.086322 0.043677 -0.067903 -0.010563 -0.041022 1
1510 -0.143946 -0.075498 0.004298 0.03483 -0.078243 3
1520 -0.151714 -0.023324 0.054081 0.038311 -0.109528 3
1530 -0.148768 -0.011254 0.004492 0.053579 -0.069288 3
1540 -0.140578 0.003271 0.036837 0.004375 -0.087018 3
1550 -0.13553 -0.036877 0.056948 0.116678 -0.048373 3
1560 -0.081264 -0.057426 0.045985 0.014676 -0.032269 3
1570 -0.114397 -0.031728 -0.03135 0.052815 -0.018034 3
1580 -0.099785 -0.036026 0.012395 0.012896 -0.059721 3
1590 -0.074529 -0.062971 0.04939 0.003904 -0.037489 3
1600 -0.144352 -0.045595 0.044035 0.072149 -0.070325 3
1610 -0.083948 -0.064167 0.080688 0.027299 -0.050893 3
1620 -0.146882 0.056618 0.018102 0.026541 -0.023069 1
1630 -0.122837 -0.058898 0.05375 0.033752 -0.012213 3
1640 -0.124731 0.000749 0.029225 0.083251 0.002481 1
1650 -0.107548 0.029174 0.056202 -0.050289 -0.027362 1
1660 -0.092613 0.036244 0.058131 -0.04123 -0.039858 1
1670 -0.097676 0.008674 0.015049 0.044614 0.024629 1
1680 -0.163919 0.016276 -0.024528 0.206272 0.053345 1
1690 -0.148359 -0.025222 0.033869 0.100248 -0.032981 3
1700 -0.147269 0.014782 0.025574 0.10274 -0.01474 1
1710 -0.10415 -0.018242 0.055505 0.067766 -0.014133 1
1720 -0.128032 0.008003 -0.029898 0.096285 0.016423 1
1730 -0.139095 0.063188 0.064545 0.011164 -0.036058 1
1740 -0.044878 -0.009132 0.031155 0.007863 -0.011747 2
1750 -0.128054 0.042949 0.072915 -0.011356 0.005839 1
1760 -0.053908 -0.067401 0.02357 0.011043 0.000485 4
1770 -0.118424 0.007609 0.043708 0.044839 0.00811 1
1780 -0.137567 -0.053573 0.032921 0.077842 -0.039841 3
1790 -0.117507 0.029721 0.025043 0.009426 -0.072552 1
1800 -0.027661 -0.007339 -0.00359 0.057499 -0.011482 2
1810 -0.120857 0.05375 0.092709 0.042741 0.045784 1
1820 -0.093052 0.081489 0.098893 -0.018087 -0.021525 1
1830 -0.110778 0.033117 0.070821 0.009582 -0.003218 1
1840 0.041605 0.024544 0.010524 0.027024 -0.033245 5
1850 -0.04253 0.05572 0.024835 -0.004005 -0.001104 1
1860 -0.07979 0.056666 0.070481 0.022953 0.003091 1
1870 -0.108139 0.079691 0.052104 0.067469 0.036828 1
1880 -0.11739 0.032202 0.047639 0.059283 -0.013476 1
1890 -0.047519 -0.08443 0.048265 0.029753 -0.050143 4
1900 -0.081368 -0.056527 0.104913 0.033589 -0.035022 3
1910 -0.095835 0.062941 0.030193 0.015933 -0.021391 1
1920 -0.107062 -0.004156 0.044246 0.052669 -0.021645 1
1930 -0.084724 -0.023799 0.039129 0.040743 -0.027528 3
1940 -0.080162 -0.022356 0.040272 0.020804 -0.07228 3
1950 -0.030532 0.015922 -0.031479 -0.011745 -0.00997 2
1960 -0.15237 0.065467 -0.029816 0.139662 0.095727 1
1970 0.060273 -0.006602 0.048222 0.048712 -0.04137 5
1980 -0.060823 0.048247 0.04176 0.012922 0.001268 1
1990 -0.052531 -0.005635 0.058577 0.06743 -0.034741 1
2000 -0.096434 -0.048624 0.045982 0.067554 -0.058109 3
2010 0.002197 -0.033467 0.094371 0.033137 -0.043982 4
2020 0.060565 0.008721 0.025881 0.050618 -0.039714 5
2030 0.060122 -0.020428 0.030786 0.059227 -0.05138 5
2040 0.092432 -0.022488 0.022448 0.054272 -0.008884 5
2050 0.053308 -0.042771 0.061241 0.045684 -0.028331 5
2060 -0.025016 0.011982 0.018355 0.029773 -0.004421 2
2070 -0.036419 0.009733 0.03907 0.022431 -0.003853 2
2080 -0.058633 0.032452 0.061123 0.041975 0.013584 1
2090 0.01734 -0.103256 0.05847 0.043071 0.00218 4
2100 -0.01622 -0.148226 0.067508 0.044897 -0.020641 4
2110 -0.031361 -0.053921 0.066941 0.035979 0.018048 4
2120 0.051036 -0.039341 0.040179 0.051163 -0.020329 5
2130 0.068654 -0.083685 0.061299 0.049031 -0.005428 4
2140 0.053606 -0.061056 0.039974 0.048539 -0.013436 5
2150 0.006776 -0.098847 0.077626 0.045982 -0.030698 4
2160 0.049486 -0.054033 0.045593 0.052327 -0.031103 5
2170 0.05377 -0.115755 0.043059 0.044243 -0.0053 4
2180 0.054841 -0.123824 0.053151 0.058296 -0.010865 4
2190 -0.019087 -0.061852 0.050374 0.01656 0.012837 4
2200 -0.043749 -0.04539 0.033732 -0.000704 0.029364 4
2210 0.003205 -0.056527 0.041495 0.012969 0.011791 4
2220 0.047188 -0.073397 0.026984 0.022879 0.025358 4
2230 0.0006 0.04093 0.029694 0.008731 0.038286 2
2240 0.01209 -0.010771 0.01982 0.022318 -0.020199 5
2250 -0.023635 -0.083897 0.039656 0.009546 0.02181 4
2260 0.023507 -0.095571 0.124474 0.04025 -0.058653 4
2270 -0.013208 -0.066942 0.073483 0.035786 0.001773 4
2280 -0.045784 -0.152268 0.026216 -0.012024 0.048792 4
2290 0.017179 -0.091965 -0.000704 0.033779 0.01982 4
2300 0.012206 -0.109816 0.004882 0.019764 0.026648 4
2310 -0.007742 -0.104304 0.070156 0.008135 -0.000985 4
2320 0.002207 -0.088858 0.034629 0.028446 -0.005606 4
2330 -0.021266 -0.098876 0.047119 0.026396 -0.016811 4
2340 0.009586 -0.088161 0.050878 0.026105 0.008988 4
2350 -0.010189 -0.091308 0.045813 0.00883 0.012053 4
2360 -0.033461 -0.112877 0.05516 0.018084 -0.010113 4
2370 -0.005933 -0.089307 0.047883 0.010368 0.012479 4
2380 -0.027599 -0.108979 0.054634 0.029374 0.001621 4
2390 -0.029482 -0.105413 0.061716 0.017022 -0.006804 4
2400 -0.049318 -0.078466 -0.001472 0.028235 0.079479 4
2410 -0.041291 -0.069532 0.066469 -0.040238 0.039266 4
2420 -0.073448 -0.066219 0.056686 -0.011094 -0.03094 3
2430 -0.031736 -0.037887 0.017652 -0.003401 0.007949 2
2440 -0.047601 -0.067452 0.044055 6.2e-05 0.029981 4
2450 0.019956 -0.026492 -0.009566 -0.020521 0.02542 2
2460 -0.070513 -0.081431 0.02255 -0.011059 -0.010298 4
2470 -0.143178 -0.061895 0.064229 0.030339 -0.028998 3
2480 -0.024975 -0.129678 0.109301 0.025541 -0.026316 4
2490 -0.087036 -0.070894 0.078677 0.033491 -0.051516 3
2500 -0.077337 -0.081844 0.006191 0.016931 -0.018899 3
2510 -0.049355 -0.061391 0.01116 0.027219 0.003414 4
2520 -0.05085 -0.064484 0.028758 0.024955 -0.010978 4
2530 -0.022836 -0.026153 0.006002 -0.002802 -0.000278 2
2540 -0.134083 -0.051972 0.059482 0.058382 -0.041865 3
2550 -0.0797 -0.009135 0.096134 -0.032354 0.018355 1
2560 -0.097386 -0.148303 -0.052255 0.006058 -0.048961 3
2570 -0.106876 -0.091179 0.04667 0.032929 -0.052698 3
2580 -0.059953 -0.050826 0.032539 0.057034 -0.011215 3
2590 -0.048456 -0.069886 0.041766 0.026198 -0.013896 4
2600 -0.085126 -0.097192 0.012877 0.003801 -0.025332 3
2610 -0.09503 -0.098681 0.025949 0.027159 -0.055193 3
2620 -0.057448 -0.084845 -0.044962 0.033105 0.009928 4
2630 -0.048533 -0.059097 0.037446 0.047376 -0.001004 4
2640 -0.1074 -0.11227 0.009367 0.018731 -0.06488 3
2650 -0.096761 -0.11799 0.001534 0.03356 -0.042289 3
2660 -0.075979 -0.096653 0.021547 0.022973 -0.037976 3
2670 -0.088126 -0.101401 0.009511 0.006967 -0.038303 3
2680 -0.134116 -0.114514 -0.035135 0.041336 -0.052505 3
2690 -0.13935 -0.131168 -0.070626 0.001511 -0.032468 3
2700 -0.096817 -0.095443 0.029198 0.004891 -0.070553 3
2710 -0.093973 -0.097438 0.007546 0.000984 -0.052646 3
2720 -0.08973 -0.121755 0.009191 0.023452 -0.051112 3
2730 -0.090303 -0.093283 0.018383 0.028825 -0.035944 3
2740 -0.04087 -0.089387 0.010023 0.020657 -0.011438 4
2750 -0.056229 -0.072342 -0.004951 0.029732 0.041011 4
2760 -0.04379 -0.012267 -0.036108 -0.014445 -0.009546 2
2770 -0.071732 -0.046779 0.027259 -0.001005 0.032584 2
2780 -0.138069 -0.035432 -0.067502 -0.007697 -0.053778 3
2790 -0.112419 -0.051776 0.035705 0.020328 -0.032103 3
2800 -0.094816 -0.037145 0.039695 -0.017084 -0.032586 3
2810 -0.086571 -0.046592 0.033704 0.004317 -0.015798 3
2820 -0.078351 -0.022157 0.101325 -0.034402 -0.003796 1
2830 -0.141279 -0.028204 -0.018487 0.059291 0.004915 3
2840 -0.06417 0.032895 0.002393 -0.013982 -0.02847 1
2850 -0.060101 -0.007699 0.038315 0.014113 -0.008591 2
2860 -0.073859 -0.005722 -0.07085 -0.064304 -0.046126 2
2870 -0.114369 -0.079879 -0.025183 0.058703 -0.046052 3
2880 -0.147268 -0.120502 -0.048062 0.032464 -0.034418 3
2890 -0.141554 -0.017633 0.020606 0.121367 -0.013169 3
2900 -0.089319 -0.053174 0.035295 -0.00183 -0.030019 3
2910 -0.074222 -0.037614 0.029424 0.02056 -0.014248 3
2920 -0.141981 -0.042884 0.055379 0.013764 -0.09661 3
2930 -0.167465 0.005654 -0.059102 0.143433 -0.002269 1
2940 -0.06028 -0.013381 -0.009676 0.016752 -0.02078 2
2950 -0.083682 -0.028144 0.008285 0.004076 0.007284 2
2960 -0.091426 -0.034311 0.012119 0.004211 0.010586 3
2970 -0.13701 -0.031235 -0.040113 0.025144 0.024442 3
2980 -0.115158 0.05432 -0.055987 0.028112 -0.0022 1
2990 -0.109697 -0.048079 0.048372 0.007427 -0.082965 3
3000 -0.098275 -0.077211 -0.027912 0.04058 -0.035949 3
3010 -0.08893 -0.019426 -0.005959 0.031984 -0.024257 3
3020 -0.070614 -0.107816 -0.021867 0.007172 0.024983 4
3030 -0.135708 -0.071833 -0.057104 0.019058 -0.05804 3
3040 -0.067623 -0.100011 0.028001 0.012184 -0.014213 4
3050 -0.153053 -0.067961 0.00804 0.070714 -0.027513 3
3060 -0.11414 -0.056373 -0.041464 0.057723 -0.028636 3
3070 -0.066184 -0.098861 0.010779 -0.00068 0.001872 4
3080 -0.08215 -0.030509 0.008999 0.03547 -0.025335 3
3090 -0.136655 -0.065183 0.038119 0.017524 -0.110014 3
3100 -0.148556 -0.058054 0.018003 0.108452 -0.053432 3
3110 -0.043468 0.026618 -0.059736 -0.055425 -0.048847 2
3120 -0.070506 -0.05447 0.028688 -0.010711 -0.010286 3
3130 -0.114449 -0.00886 0.001752 0.008816 -0.010956 1
3140 -0.130508 0.039163 0.020394 0.036065 0.009701 1
3150 -0.113357 -0.015223 -0.049273 -0.017796 -0.002123 3
3160 -0.129069 0.038049 -0.023799 -0.03914 -0.060871 1
3170 -0.140166 0.04176 0.035159 0.015653 0.036862 1
3180 -0.091281 0.034262 0.025313 0.05637 0.02966 1
3190 -0.070482 -0.030658 -0.000583 0.023648 0.005928 2
3200 -0.099226 -0.012437 0.040643 0.075924 -0.03473 3
3210 -0.140183 0.008009 0.018469 0.102452 -0.003471 1
3220 -0.098837 0.020833 0.087816 -0.004063 0.004966 1
3230 0.009614 -0.039845 0.036184 0.015396 -0.013338 4
3240 -0.104526 0.034028 0.012201 0.041176 0.007977 1
3250 -0.124485 0.019832 0.012592 0.035079 0.0067 1
3260 -0.078751 -0.051724 0.00923 0.010518 -0.018147 3
3270 -0.114351 0.015254 0.036414 0.03164 -0.027351 1
3280 -0.088194 0.020836 0.032174 0.027646 -3.1e-05 1
3290 -0.104173 -0.010543 0.032392 0.040774 -0.046581 3
3300 -0.109933 -0.00522 0.039911 0.026386 -0.061872 3
3310 -0.037323 -0.014043 0.024002 0.006145 -0.004148 2
3320 -0.102179 0.024115 -0.016399 -0.065385 -0.045891 1
3330 -0.152044 0.069288 -0.078345 -0.037531 -0.056718 1
3340 -0.1108 0.06833 0.047346 0.020705 -0.007842 1
3350 -0.105312 0.003892 0.031137 0.00187 -0.055855 1
3360 -0.124072 0.004412 0.029872 0.039075 -0.024394 1
3370 -0.10087 0.003571 0.021918 0.033141 -0.035784 1
3380 -0.14175 -0.03427 0.021305 0.066502 -0.043415 3
3390 -0.056099 0.036882 0.055044 0.029904 0.016009 1
3400 -0.164888 -0.008831 -0.003754 0.123725 0.007344 1
3410 -0.119613 0.08459 0.059014 0.032638 0.036717 1
3420 -0.123034 0.048981 -0.005168 -0.055487 -0.052272 1
3430 0.024824 0.019785 0.007387 0.02263 -0.051277 5
3440 -0.041442 -0.041541 0.011754 -0.005932 0.002739 2
3450 -0.015423 -0.000863 -0.003268 -0.003226 -0.017412 2
3460 -0.150658 -0.014004 0.083101 0.055408 -0.023361 1
3470 -0.069161 0.060262 -0.027635 0.013898 -0.010477 1
3480 -0.086506 0.073579 -0.035145 0.100156 0.019098 1
3490 -0.157954 0.067315 -0.042783 0.178646 0.033886 1
3500 -0.090381 0.079866 0.094218 0.023283 0.023274 1
3510 -0.121423 0.080986 0.108814 -0.009053 -0.010487 1
3520 -0.039326 -0.098093 -0.009211 0.04317 -0.029799 4
3530 -0.1028 0.024813 0.070533 0.022995 -0.036713 1
3540 -0.166066 0.009942 0.043032 0.081831 -0.017808 1
3550 -0.111954 0.04128 -0.042456 0.036565 -0.014175 1
3560 -0.077299 0.001935 0.018219 0.074479 -0.027125 1
3570 -0.078031 -0.022711 0.013612 0.039231 -0.027054 3
3580 -0.030678 0.058459 0.005982 0.017173 -0.050739 1
3590 -0.114986 -0.050857 0.005236 0.035551 -0.045296 3
3600 0.040375 0.021708 0.000727 0.022247 -0.06358 5
3610 -0.098264 0.086263 0.037772 0.060886 0.032882 1
3620 -0.0947 0.041493 0.016854 0.03925 -0.010325 1
3630 -0.133662 0.06312 0.017143 -0.030967 -0.034049 1
3640 0.056696 -0.000438 0.036253 0.047591 -0.065048 5
3650 0.024497 0.055591 -0.043582 -0.01855 -0.096155 5
3660 -0.032343 0.050559 0.034585 0.064089 0.043464 1
3670 -0.034933 0.007634 -0.029073 -0.001796 -0.024655 2
3680 -0.034553 0.087856 -0.01444 0.052832 0.04366 1
3690 -0.037123 0.006332 0.024888 0.062274 -0.005495 2
3700 -0.073295 -0.064855 -0.013037 0.052473 -0.080241 3
3710 0.003981 -0.004808 -0.030908 -0.006375 -0.065126 2
3720 -0.053943 0.102867 0.028594 0.024963 0.012986 1
3730 -0.056626 -0.074259 0.009225 0.046545 -0.056034 3
3740 0.095778 -0.044206 0.054773 0.066851 -0.090021 5
3750 0.05376 0.01252 0.028053 0.054787 -0.069813 5
3760 0.053759 0.015211 0.025897 0.0513 -0.066368 5
3770 0.04427 0.005364 0.017313 0.043959 -0.056782 5
3780 0.026428 -0.05804 0.046587 0.030862 -0.022928 4
3790 -0.056006 0.045859 0.028071 0.018378 0.002244 1
3800 0.044452 -0.064133 0.064371 0.043182 -0.034926 5
3810 0.057379 0.015936 0.031404 0.035416 -0.030244 5
3820 0.011783 0.039594 0.068529 -0.005895 -0.035413 5
3830 0.038001 -0.01638 0.026439 0.053646 -0.009942 5
3840 0.049905 -0.00125 0.030414 0.039212 -0.027595 5
3850 0.016196 0.064728 -0.012404 0.059361 0.009114 5
3860 0.013331 0.016607 -0.017555 0.015102 0.004922 2
3870 -0.036808 0.010841 0.100198 0.023939 -0.00676 1
3880 -0.040894 -0.010376 0.044155 0.055588 0.01792 2
3890 -0.066686 -0.026899 0.0379 0.034848 -0.059039 3
3900 0.090979 -0.002822 0.004065 0.057947 -0.015274 5
3910 -0.004531 -0.054431 0.052559 0.014504 0.006263 4
3920 0.044645 -0.021628 0.020408 0.035392 -0.002271 5
3930 0.073072 0.010799 0.024324 0.078064 -0.053066 5
3940 0.061175 -0.013115 0.033995 0.050212 -0.029363 5
3950 0.042754 -0.019997 0.03296 0.041886 -0.013388 5
3960 0.059923 0.001621 0.032078 0.058614 -0.059712 5
3970 0.094193 -0.070404 0.019912 0.031341 0.0418 4
3980 0.007077 -0.084909 0.052734 0.028735 -0.001562 4
3990 -0.000914 -0.068279 0.039171 0.038996 -0.027175 4
4000 -0.031927 0.016969 -0.005939 0.008792 0.013755 2
4010 0.043065 -0.014679 0.050981 0.036485 0.000883 5
4020 -0.016619 -0.053072 0.00381 0.029365 0.056729 2
4030 0.034214 -0.016857 0.041784 0.032646 -0.00682 5
4040 0.127253 -0.003731 0.001511 0.070531 -0.044763 5
4050 0.043158 -0.049074 0.014409 0.027919 0.020548 4
4060 -0.028151 -0.084445 0.042281 0.012805 -0.001377 4
4070 -0.037216 0.032495 0.084394 -0.013296 -0.02358 1
4080 0.022249 -0.008782 0.039368 0.025491 -0.031605 5
4090 -0.029772 0.010809 0.086416 0.016613 -0.003516 1
4100 0.002287 -0.079155 0.015007 0.021207 0.022486 4
4110 -0.068862 -0.097442 0.045283 -0.025355 -0.024028 4
4120 -0.004771 -0.130262 0.025121 0.010765 0.033442 4
4130 0.004068 -0.061825 0.016552 0.025244 0.010719 4
4140 0.025391 -0.060552 0.028013 0.026471 0.009395 4
4150 -0.026331 -0.079906 0.030959 -0.00051 0.018466 4
4160 -0.000641 -0.083307 0.015582 0.019456 0.019492 4
4170 0.014356 -0.0823 -0.005176 0.014159 -0.001576 4
4180 -0.064477 -0.11059 -0.014493 0.098573 0.055399 4
4190 -0.049902 -0.115796 0.059938 0.029835 -0.027889 4
4200 0.006008 -0.118364 0.047649 0.010292 0.013681 4
4210 -0.005494 -0.106392 0.031714 0.016725 0.006079 4
4220 -0.027614 -0.096136 0.050988 0.010144 0.005772 4
4230 -0.000553 -0.1089 0.03546 0.013602 0.02137 4
4240 -0.000108 -0.094133 0.049483 0.021393 0.019659 4
4250 -0.031184 -0.104008 0.052515 0.023368 -0.008773 4
4260 -0.024075 -0.094897 0.051736 0.025715 0.008609 4
4270 -0.028685 -0.13351 0.05564 0.015526 -0.001103 4
4280 -0.012949 -0.087474 0.016271 0.028165 0.02306 4
4290 -0.114645 -0.033551 -0.060145 0.089247 0.052157 3
4300 -0.026361 -0.013785 -0.04455 -0.028684 0.015118 2
4310 0.029942 -0.060183 -0.022818 -0.018641 0.029035 2
4320 -0.078163 -0.071886 0.039798 -0.001987 0.081992 4
4330 0.010428 -0.021462 0.008705 -0.007721 0.012618 2
4340 -0.069215 -0.081638 0.016915 0.002879 -0.010187 4
4350 -0.036933 -0.050782 0.016371 0.001503 0.015581 2
4360 -0.005053 0.013933 0.048883 0.005765 0.029409 2
4370 0.020817 -0.004819 0.037626 0.04178 -0.052653 5
4380 -0.052093 -0.128107 -0.011058 -0.006081 -0.002591 4
4390 -0.02973 -0.05644 0.055767 0.034782 -0.069583 4
4400 -0.098161 -0.096327 -0.051432 0.070198 0.041829 3
4410 -0.015237 -0.024268 -0.029848 -0.009083 0.016521 2
4420 -0.020884 -0.052971 0.084856 0.00617 0.012933 4
4430 -0.082323 -0.075112 0.082648 0.038168 -0.028466 3
4440 -0.079261 -0.054259 -0.022277 0.086279 0.024602 3
4450 0.105634 0.012543 -0.028713 0.053094 -0.081587 5
4460 -0.002694 -0.073596 0.048565 0.027125 0.008471 4
4470 -0.131534 -0.115577 -0.064036 0.034687 -0.010918 3
4480 -0.154887 -0.125015 -0.062313 0.040737 -0.049917 3
4490 -0.16583 -0.129545 -0.065391 0.035773 -0.06961 3
4500 -0.073469 -0.047035 0.019697 0.002202 0.025071 2
4510 -0.089496 -0.018844 -0.011864 -0.053384 -0.017853 2
4520 -0.065661 -0.006423 -0.055633 -0.004473 0.025003 2
4530 -0.06273 -0.10263 0.003595 0.004406 -0.018054 4
4540 -0.073533 -0.055694 0.015293 0.057567 -0.005731 3
4550 0.022846 -0.064779 0.007464 0.043608 -0.005068 4
4560 -0.098859 -0.067826 -0.0562 0.053058 -0.001475 3
4570 -0.05733 -0.067148 0.030837 0.017224 -0.020543 4
4580 -0.091323 -0.045132 -0.018785 0.032034 -0.009348 3
4590 -0.031349 -0.071027 0.022461 0.01503 -0.009794 4
4600 -0.060798 -0.070991 0.047406 0.013097 -0.032271 4
4610 -0.132754 -0.108807 -0.08852 -0.029402 -0.067047 3
4620 -0.081273 -0.115334 0.004926 0.028596 -0.041904 3
4630 -0.088268 -0.103251 0.005895 0.007807 -0.026619 3
4640 -0.072569 -0.100362 0.020619 0.024319 -0.020961 3
4650 -0.074174 -0.104445 0.014588 0.019683 -0.028243 3
4660 -0.085208 -0.113021 0.000563 0.00834 -0.022046 3
4670 -0.109736 -0.110367 0.002867 0.027609 -0.049634 3
4680 -0.07806 -0.096555 -0.003561 0.007722 -0.024124 3
4690 -0.038797 0.017111 0.040074 0.024629 0.021483 2
4700 -0.027612 -0.095306 -0.003469 0.018106 0.009326 4
4710 -0.035218 -0.104943 -0.005543 0.019349 0.022587 4
4720 -0.132709 -0.090432 -0.094211 0.027085 0.008814 3
4730 -0.109764 -0.055169 0.015602 -0.026788 -0.075419 3
4740 -0.066131 0.00395 -0.021273 0.009127 -0.022149 2
4750 -0.083019 -0.033213 -0.027307 -0.000847 0.013536 2
4760 -0.097768 -0.020431 0.008884 -0.030133 -0.068552 3
4770 -0.113345 -0.096477 -0.023235 -0.027115 -0.046796 3
4780 -0.084557 -0.037255 0.023727 0.00729 0.00305 3
4790 -0.087872 -0.042346 0.011595 0.003382 -0.014443 3
4800 -0.13605 -0.059144 -0.068417 0.043395 -0.003598 3
4810 -0.081951 -0.046086 0.008785 -0.016364 -0.015581 3
4820 0.045521 -0.006698 0.014875 0.005111 0.009249 5
4830 -0.049591 0.052808 0.054574 0.033629 0.033485 1
4840 0.010369 -0.019144 0.028329 0.027748 -0.00172 2
4850 -0.166463 -0.065181 -0.011791 0.180976 -0.009373 3
4860 0.003575 -0.008907 0.013549 0.022585 -0.020517 2
4870 -0.162109 -0.01439 -0.068561 0.100658 -0.04707 3
4880 -0.163258 0.009982 -0.051439 0.113841 0.008468 1
4890 -0.099633 -0.031858 0.034888 0.000223 -0.014247 3
4900 0.001689 -0.008467 -0.011822 -0.001198 -0.004575 2
4910 -0.120801 -0.068416 0.020772 0.043705 -0.052144 3
4920 -0.084195 -0.035175 0.0102 0.01654 -0.001861 3
4930 -0.127781 -0.025331 -0.04207 0.087364 -0.021449 3
4940 -0.116928 -0.067344 0.021821 0.010342 -0.06825 3
4950 -0.145922 -0.093049 -0.064395 0.052262 -0.022705 3
4960 -0.087958 -0.067276 0.006839 -0.006983 -0.045856 3
4970 -0.075305 -0.02897 -0.036754 0.014476 -0.008468 2
4980 -0.007191 -0.036007 -0.003337 0.008909 0.006767 2
4990 -0.10456 -0.054559 0.006227 -0.007728 -0.010785 3
5000 -0.121884 -0.015875 0.019255 0.010103 -0.025079 3
5010 -0.065762 0.054203 -0.011445 0.01379 0.011537 1
5020 -0.107502 -0.057698 0.015306 0.03307 -0.04699 3
5030 -0.128465 -0.052439 0.025235 0.039903 -0.058046 3
5040 -0.081996 -0.03068 0.017729 0.019213 -0.059756 3
5050 -0.097104 -0.068173 0.009725 0.011498 -0.028556 3
5060 -0.117841 -0.029172 0.032352 0.053682 -0.060505 3
5070 -0.063391 -0.078487 -0.030871 0.010077 -0.014994 3
5080 -0.059778 -0.08786 0.031118 0.013892 -0.006568 4
5090 -0.101028 -0.010667 0.010092 0.043165 -0.028353 3
5100 -0.118316 -0.032036 0.024329 0.091254 -0.00892 3
5110 -0.132847 -0.005099 -0.050422 0.061071 0.00012 1
5120 -0.082532 -0.038725 0.012265 -0.001437 -0.010866 3
5130 -0.136775 -0.073554 -0.011363 0.026222 -0.052893 3
5140 -0.132663 -0.049867 -0.000886 0.046538 -0.071086 3
5150 -0.132355 -0.051961 0.011522 0.028954 -0.077883 3
5160 -0.149228 -0.060683 -0.013582 0.071585 -0.056747 3
5170 -0.005478 0.026833 0.020744 -0.011214 0.013136 2
5180 -0.11131 -0.068663 -0.053169 0.018012 -0.027331 3
5190 -0.096454 0.048705 -0.050539 0.067637 0.013305 1
5200 -0.083375 0.040644 -0.0183 0.056042 0.047919 1
5210 0.064333 -0.028468 0.027002 0.040068 -0.000934 5
5220 -0.089106 -0.044248 0.000471 -0.006856 -0.026663 3
5230 -0.022042 -0.014621 -0.006544 0.004345 0.009031 2
5240 -0.054723 -0.040293 0.030085 -0.021157 0.022786 2
5250 -0.148292 0.039477 -0.009364 -0.031996 -0.055823 1
5260 -0.139648 0.039447 -0.068908 -0.023654 -0.054644 1
5270 -0.094085 0.032354 -0.000946 -0.05328 -0.030741 1
5280 -0.15162 0.020982 0.053484 0.039632 0.036923 1
5290 -0.118879 0.081629 0.019538 -0.077597 -0.090629 1
5300 0.006907 0.000768 -0.009098 -0.01771 0.030921 2
5310 -0.086678 0.04381 -0.02888 0.09639 0.02046 1
5320 0.000326 0.006175 -0.012709 -0.01307 -0.018708 2
5330 -0.142868 0.034607 -0.029036 0.146483 0.030496 1
5340 -2.5e-05 -0.023784 -0.026856 -0.002253 0.008455 2
5350 -0.12739 0.010765 0.083753 0.005914 -0.083395 1
5360 -0.145148 -0.006117 0.024492 0.003743 -0.089233 3
5370 -0.120773 0.024106 0.035155 -0.005019 -0.037205 1
5380 -0.107783 -0.007158 0.010503 -0.005688 -0.019883 1
5390 -0.05025 0.038587 -0.0165 0.010033 -0.018965 2
5400 0.012293 -0.03925 0.034935 0.02058 -0.007385 4
5410 -0.086759 -0.002196 0.003002 0.027151 -0.028319 1
5420 -0.0992 0.0395 0.028206 0.033052 -0.014237 1
5430 -0.099889 0.024857 0.025571 -0.022387 -0.076868 1
5440 -0.068702 -0.016735 -0.031107 0.016147 -0.01043 2
5450 -0.151698 0.000278 -0.059482 0.096934 0.020184 1
5460 -0.100315 -0.018005 0.034048 0.058982 -0.029337 3
5470 -0.128486 -0.06869 -0.027976 0.008386 -0.074834 3
5480 -0.095993 0.007793 0.047803 -0.030514 0.017402 1
5490 -0.096335 0.05177 0.022958 -0.004894 -0.019359 1
5500 0.0007 0.001639 -0.02058 0.045587 -0.038057 5
5510 -0.11781 -0.013449 0.009277 0.040775 -0.033289 3
5520 -0.117818 -0.010479 0.01717 0.04225 -0.013528 1
5530 -0.128589 -0.028098 0.004695 0.01447 -0.046293 3
5540 -0.116115 -0.012213 0.020476 0.047059 -0.025133 3
5550 -0.095156 0.001093 0.031885 0.028351 -0.02249 1
5560 -0.136647 -0.036633 -0.002538 0.078619 -0.018759 3
5570 0.028529 0.015137 0.000487 0.01017 -0.030152 5
5580 0.038989 0.030101 -0.031244 0.004797 -0.027402 5
5590 -0.064201 0.009746 -0.021667 0.027432 -0.02627 2
5600 -0.108355 0.044323 0.028467 0.053834 0.029864 1
5610 -0.098728 0.015443 0.055042 -0.027571 -0.035761 1
5620 -0.094579 -0.003052 -0.033861 0.031973 0.017746 1
5630 -0.14626 0.021957 -0.043766 0.086903 -0.021178 1
5640 0.061026 0.024393 -0.0043 0.037341 -0.052773 5
5650 0.051625 0.020966 -0.019272 0.022998 -0.027019 5
5660 0.042358 -0.001227 -0.01433 0.040826 -0.026312 5
5670 0.08808 0.01198 -0.015436 0.040563 -0.034599 5
5680 0.029259 -0.010421 -0.020056 0.002881 0.010255 2
5690 -0.028208 0.057509 -0.038504 0.071647 0.010966 2
5700 -0.143487 0.082605 0.043929 0.12346 0.072551 1
5710 -0.009431 0.075958 -0.029134 0.01149 -0.007225 2
5720 -0.139144 -0.018989 0.08748 -0.029631 -0.140404 3
5730 -0.045096 0.098136 0.004463 0.057038 0.016575 1
5740 -0.011744 -0.152263 0.020191 0.027711 -0.023056 4
5750 -0.055638 0.031625 -0.044428 0.027443 -0.035683 2
5760 -0.063395 0.022445 0.036982 0.027246 -0.035847 1
5770 -0.110348 0.008313 0.006717 0.103678 -0.030493 1
5780 -0.104996 0.049294 -0.049521 0.108382 0.005825 1
5790 -0.072114 0.029546 0.012013 0.026571 -0.006219 1
5800 -0.089465 0.036555 0.00338 0.079971 0.002984 1
5810 -0.013564 -0.106779 0.031043 0.013734 0.006974 4
5820 -0.141496 0.050656 -0.067011 0.11065 0.013792 1
5830 -0.082711 0.050006 0.006422 0.041881 -0.030415 1
5840 -0.069924 -0.01997 0.007772 0.028028 -0.039411 3
5850 0.067554 0.002917 0.005715 0.054812 -0.065052 5
5860 0.060314 0.010661 -0.006915 0.086526 -0.033605 5
5870 0.04184 0.003712 0.011641 0.027823 -0.034154 5
5880 0.039217 0.010281 0.010299 0.028697 -0.050121 5
5890 0.043409 0.012337 -0.007057 0.026255 -0.047893 5
5900 0.047275 0.015492 0.008302 0.026758 -0.06063 5
5910 0.018763 -0.034133 0.034813 0.013975 0.0022 4
5920 -0.081824 0.003149 0.03048 0.002587 -0.023306 1
5930 -0.046739 0.046541 0.046576 -0.002515 -0.039426 1
5940 -0.039974 0.05407 -0.055799 -0.013446 -0.045311 2
5950 0.019305 -0.021053 0.010042 0.042086 -5.2e-05 2
5960 0.100519 -0.002669 -0.000943 0.061368 -0.032836 5
5970 0.054464 0.030449 -0.018144 0.053604 -0.040909 5
5980 0.067439 0.01084 0.010326 0.058047 -0.058609 5
5990 0.054235 -0.002407 0.016904 0.039469 -0.046143 5
6000 0.050482 0.014462 0.005433 0.031066 -0.044385 5
6010 0.001028 -0.014033 0.008465 -0.005092 0.006513 2
6020 -0.044909 -0.080693 0.090317 0.020109 -0.058553 4
6030 -0.014792 0.056035 -0.019157 0.013305 -0.013256 2
6040 -0.013558 0.050334 -0.01337 0.027261 -0.008963 2
6050 -0.009886 0.045232 -0.003245 0.024859 -0.019574 2
6060 0.064667 -0.060267 0.007617 0.031101 0.029333 4
6070 -0.045439 -0.029277 0.026639 0.017057 -0.026573 2
6080 -0.034202 -0.00439 0.065593 0.024845 -0.065007 1
6090 -0.056181 -0.038758 -0.053303 -0.037548 -0.042877 2
6100 -0.081062 -0.080948 0.020617 0.029862 -0.074122 3
6110 0.048186 0.016659 0.022217 0.047737 -0.032589 5
6120 0.030712 0.007009 -0.024494 0.004641 -0.001617 2
6130 0.041323 -0.056071 0.026072 0.043354 -0.021689 5
6140 0.055171 -0.023895 0.009979 0.046371 -0.03151 5
6150 0.068152 -0.026158 0.008117 0.05099 -0.041814 5
6160 0.076989 0.028308 -0.024626 0.129133 -0.059906 5
6170 0.057547 0.013161 0.020813 0.053463 -0.059678 5
6180 0.046157 0.004401 0.001489 0.042001 -0.038939 5
6190 0.046824 0.031203 -0.024689 0.137578 -0.027605 5
6200 0.036625 0.001077 0.014584 0.034697 -0.05082 5
6210 0.036939 -0.002791 0.013737 0.037433 -0.05223 5
6220 0.035204 -0.004148 0.017622 0.037706 -0.05401 5
6230 0.038877 -0.006603 0.02098 0.050094 -0.049573 5
6240 -0.065139 0.013842 -0.038419 0.034545 -0.016396 2
6250 0.023219 0.015541 -0.010441 0.036465 0.005454 2
6260 0.024823 -0.000519 -0.008702 -0.003156 -0.006099 2
6270 -0.005373 -0.021361 -0.031827 0.024169 0.00766 2
6280 0.06791 0.062256 -0.040721 0.015293 -0.084437 5
6290 0.094311 0.021954 0.008785 0.078847 -0.082707 5
6300 0.088992 0.038482 -0.026413 0.038089 -0.079974 5
6310 0.041326 -0.005451 0.022764 0.050507 -0.036629 5
6320 0.058167 0.004168 0.015728 0.044928 -0.03673 5
6330 0.050115 -0.005445 -0.001489 0.058709 -0.036673 5
6340 0.057829 0.001655 -0.008784 0.041159 -0.027605 5
6350 0.002167 0.011971 0.013842 -0.004439 0.006286 2
6360 0.00946 -0.012793 -0.031786 -0.011604 -0.010984 2
6370 -0.081938 -0.048873 0.093094 0.004368 -0.099015 3
6380 -0.035934 0.017846 0.036203 0.08279 -0.001789 1
6390 -0.042421 -0.000568 0.037186 0.063161 -0.024019 1
6400 -0.08397 -0.010254 0.082487 -0.011718 -0.055985 1
6410 0.011568 -0.040397 -0.03246 -0.049936 0.034701 2
6420 -0.103759 -0.020879 0.015312 0.032856 -0.054037 3
6430 0.004773 -0.046869 -0.0055 0.01928 -0.012913 2
6440 0.075705 -0.056878 0.020117 0.040799 0.01611 5
6450 0.137497 0.000163 -0.000583 0.079379 -0.067039 5
6460 0.032343 -0.073081 0.036822 0.022533 0.029968 4
6470 0.065879 0.012056 0.042125 0.057802 -0.040171 5
6480 0.018996 -0.016285 0.025231 0.048716 -0.010972 5
6490 0.054673 -0.017486 -0.000704 0.043172 -0.022793 5
6500 0.035363 -0.06862 0.02138 0.026022 -0.008956 4
6510 0.001407 -0.006276 -0.01595 0.023459 0.016744 2
6520 -0.009554 -0.053609 -0.002053 0.028318 -0.006664 2
6530 0.022963 -0.036888 0.038315 0.048105 -0.010243 5
6540 0.039676 0.014682 0.020151 0.063343 -0.034888 5
6550 0.054276 -0.087181 0.024051 0.032834 0.004337 4
6560 0.053634 -0.009522 0.022906 0.052677 -0.037083 5
6570 0.051888 -0.013636 0.021572 0.045455 -0.032327 5
6580 0.063564 0.02673 0.000184 0.062618 -0.034656 5
6590 0.039907 -0.072652 0.039725 0.036518 -0.010713 4
6600 0.032884 -0.049036 0.041078 0.05402 -0.027874 5
6610 0.023525 -0.044958 0.041757 0.050997 -0.025915 5
6620 0.030986 -0.029475 0.039566 0.058064 -0.03487 5
6630 0.015852 -0.063655 0.043121 0.038078 -0.01561 4
6640 0.02234 -0.053224 0.02262 0.044353 -0.017007 4
6650 0.038416 -0.045026 0.053421 0.074439 -0.047597 5
6660 0.019726 -0.061011 0.039844 0.029103 -0.006496 4
6670 0.041224 -0.080692 0.024304 0.018092 0.033866 4
6680 0.023874 -0.046379 0.042325 0.050956 -0.028496 5
6690 -0.000649 -0.094384 0.044229 0.051529 -0.033536 4
6700 -0.105155 0.061568 0.069854 0.029833 0.024449 1
6710 0.026751 -0.022448 0.027799 0.027622 -0.00422 5
6720 0.06927 0.000844 0.016675 0.044732 -0.04573 5
6730 -0.007647 -0.033334 0.058439 0.051254 -0.001472 4
6740 0.100131 -0.034813 0.006469 0.054991 -0.005818 5
6750 0.008768 -0.057543 0.004182 0.015664 0.036406 4
6760 -0.019793 -0.066858 0.053945 0.022891 -0.00108 4
6770 0.040572 -0.034115 0.037955 0.031761 -0.000983 5
6780 0.058987 0.000863 0.021585 0.040317 -0.028758 5
6790 0.026412 -0.055904 0.025973 0.026244 0.004733 4
6800 0.023804 -0.067511 0.005851 0.038797 0.013205 4
6810 -0.024577 -0.021336 0.031125 -0.002793 0.012461 2
6820 -0.06911 -0.008615 0.062193 0.066232 0.017248 1
6830 0.003374 -0.024718 0.012307 0.022238 -0.015805 2
6840 0.037694 -0.027406 0.042128 0.027404 -0.021238 5
6850 -0.065282 -0.005856 0.039512 0.115074 0.025945 1
6860 -0.052393 -0.091555 0.063225 0.007493 -0.018006 4
6870 0.008322 -0.045342 0.037122 0.006624 0.000615 4
6880 -0.070148 -0.09081 -0.04199 -0.025904 0.021964 2
6890 0.033572 0.003226 0.00146 0.02006 -0.019176 5
6900 -0.026772 -0.066342 0.061341 0.03825 -0.011645 4
6910 -0.025116 -0.055171 0.047723 0.021809 -0.010299 4
6920 0.024931 -0.141256 0.024653 0.007332 0.043732 4
6930 0.023723 -0.005648 -0.006884 0.03791 0.016818 2
6940 0.020966 -0.002884 -0.00629 0.032547 0.013921 2
6950 0.035769 -0.020791 -0.012115 0.011743 0.007347 2
6960 -0.038596 -0.109296 0.004658 0.007292 0.015809 4
6970 -0.032573 -0.071722 -0.013305 0.034209 0.000576 4
6980 -0.001743 -0.059224 0.024729 0.056199 0.020454 4
6990 0.020495 -0.07286 -0.004262 0.028335 -0.008454 4
7000 -0.01546 -0.08559 0.035113 0.019781 0.004378 4
7010 -0.019502 -0.092539 0.043657 0.008093 0.008789 4
7020 -0.037426 -0.130435 -0.008034 0.001426 0.025591 4
7030 -0.02685 -0.100594 0.039388 0.029439 0.006226 4
7040 -0.020136 -0.144384 -0.001987 -0.000615 0.068716 4
7050 -0.030398 -0.118966 0.019772 0.021515 -0.006889 4
7060 -0.065477 -0.129271 0.029176 0.013456 -0.012876 4
7070 -0.051173 -0.11234 0.04262 0.00143 0.004211 4
7080 -0.014067 -0.130496 0.052701 0.010207 0.041118 4
7090 -0.009384 -0.098513 0.027017 0.012922 0.017906 4
7100 -0.024197 -0.11409 0.023688 0.004745 0.01526 4
7110 -0.017733 -0.097461 0.030555 0.021271 0.008943 4
7120 0.012445 -0.074544 0.005985 0.016908 0.028868 4
7130 0.042363 -0.030661 0.051029 0.00793 -0.002588 5
7140 0.002916 -0.000662 -0.006713 -0.01748 0.003334 2
7150 0.008088 -0.039613 0.041533 0.008341 -3e-06 4
7160 -0.00544 -0.046341 0.024181 -0.016698 0.00645 2
7170 -0.036719 -0.078592 0.033864 -0.034948 0.045571 4
7180 -0.085299 -0.100204 -0.055856 -0.030495 0.076532 2
7190 -0.031288 -0.094124 -0.024069 -0.060556 0.125451 2
7200 -0.082138 -0.090494 -0.018133 0.016766 0.027876 4
7210 0.016498 -0.054888 -0.023975 -0.02352 0.031959 2
7220 0.000219 0.02183 0.012359 0.009216 0.021319 2
7230 -0.017175 -0.017096 0.004733 0.016203 -0.017126 2
7240 -0.06512 -0.023652 -0.011464 0.012752 0.031642 2
7250 -0.046881 -0.046124 0.038018 0.046069 -0.034204 3
7260 -0.000184 -0.026874 -0.002264 -0.011204 0.040778 2
7270 -0.064303 -0.077325 0.123063 0.000933 0.009019 4
7280 -0.029771 -0.059064 0.013942 -0.000818 -0.019127 4
7290 0.01141 0.002339 -0.004629 -0.001147 -0.001628 2
7300 -0.007621 -0.022378 0.014837 0.001054 0.013689 2
7310 -0.02978 -0.064973 -0.045035 0.044653 0.059479 2
7320 -0.058733 -0.053233 0.008493 0.025104 0.01368 2
7330 -0.081155 -0.087969 -0.044896 0.02098 0.022776 3
7340 0.028613 -0.004185 -0.00581 0.021519 -0.014663 5
7350 0.038406 -0.001212 -0.00036 0.026816 -0.019537 5
7360 -0.120039 -0.104411 -0.071348 0.061514 0.002846 3
7370 -0.078796 -0.089312 -0.052742 0.022564 -0.015787 3
7380 0.003928 -0.055475 0.016473 0.009642 0.02202 4
7390 -0.079613 -0.107132 -0.018209 0.088955 0.005637 3
7400 -0.089616 -0.040307 0.031504 0.050862 -0.019144 3
7410 -0.096027 -0.106714 -0.032327 0.027138 -0.004466 3
7420 0.007416 -0.020491 -0.015435 0.003427 0.005148 2
7430 -0.072944 -0.053472 0.029417 -0.023655 0.005141 2
7440 -0.048038 -0.031495 0.011794 -0.000107 0.038272 2
7450 -0.128911 -0.10313 -0.065735 0.018786 -0.011905 3
7460 -0.061208 -0.086787 -0.031855 0.025958 -0.003279 4
7470 -0.041385 -0.056831 0.031847 0.020668 -0.015709 4
7480 -0.040334 -0.084291 0.00489 0.006663 0.001736 4
7490 0.002205 -0.097756 -0.007052 0.014802 0.037782 4
7500 -0.08138 -0.112717 -0.046533 0.018223 0.004703 3
7510 -0.079148 -0.090076 0.010301 0.000496 -0.03086 3
7520 -0.06787 -0.111317 0.002124 0.012279 -0.023294 4
7530 -0.064299 -0.10514 -0.015527 0.007996 -0.012583 4
7540 -0.077845 -0.108786 0.011498 0.002587 -0.009857 4
7550 -0.07224 -0.118773 0.001177 0.009909 0.005497 4
7560 -0.113167 -0.097641 -0.007018 0.015721 -0.053605 3
7570 -0.092917 -0.119578 -0.0052 0.035992 -0.004916 3
7580 -0.093541 -0.099765 -0.011279 0.015083 -0.038584 3
7590 -0.088761 -0.117598 -0.018344 0.012884 -0.014298 3
7600 -0.064257 -0.091122 0.024338 0.015812 -0.008428 4
7610 -0.080553 -0.12006 -0.009694 0.009499 -0.040084 3
7620 -0.091705 0.046025 0.030784 -0.005763 -0.015595 1
7630 -0.00501 -0.012535 0.014144 -0.025797 0.022869 2
7640 -0.095132 -0.094459 -0.04998 0.003678 0.02726 3
7650 0.042036 0.000663 -0.00872 0.025041 -0.013351 5
7660 -0.025899 -0.054568 0.006462 0.00239 0.028817 2
7670 -0.078616 -0.083978 -0.005932 0.059651 0.069097 4
7680 -0.062553 -0.007409 -0.003295 0.000893 -0.028738 2
7690 -0.036126 -0.014108 -0.018945 -0.01551 -0.010302 2
7700 -0.102731 -0.034307 0.008746 0.015133 -0.016778 3
7710 -0.044382 -0.034048 0.025392 -0.012462 -0.008249 2
7720 -0.077076 -0.044678 -0.086412 -0.090727 -0.054598 2
7730 -0.034755 -0.102809 -0.042271 -0.048181 0.028597 4
7740 -0.092103 -0.030715 -0.031391 -0.024321 -0.044269 3
7750 -0.085397 -0.027371 -0.089744 -0.103236 -0.043274 2
7760 0.001678 0.016221 0.033968 0.027276 0.004906 2
7770 -0.034154 -0.096005 -0.048812 -0.044906 0.018979 2
7780 -0.031639 0.012417 0.059151 0.024295 -0.001266 2
7790 -0.040083 -0.03903 -0.031768 -0.013808 0.026699 2
7800 0.00795 -0.067341 0.054235 -0.012083 0.055494 4
7810 -0.055996 -0.059746 -0.025838 0.039782 0.024775 2
7820 -0.091689 -0.022462 -0.029815 0.024804 -0.01539 3
7830 0.001386 -0.003678 -0.003677 -0.016181 -0.004106 2
7840 0.000275 -0.049309 0.002313 -0.018097 0.062291 2
7850 -0.087981 -0.07051 0.035899 0.016443 -0.039946 3
7860 -0.11642 -0.050005 -0.038844 0.018544 0.00579 3
7870 -0.088273 -0.069841 0.004354 0.012777 0.003295 3
7880 -0.059265 -0.029835 -0.040461 0.00729 -0.011225 2
7890 -0.097558 -0.016921 0.043728 0.046564 -0.007788 1
7900 -0.067637 -0.073675 -0.015876 0.033854 0.008725 4
7910 -0.058172 -0.040049 -0.002689 0.017247 -0.007712 2
7920 -0.080126 -0.043717 0.005566 0.01191 -0.016379 3
7930 -0.083136 -0.035997 0.035445 0.027747 -0.012496 3
7940 -0.085294 -0.046027 0.027711 0.00721 -0.048458 3
7950 -0.125524 -0.065899 -0.054916 0.088145 -0.011207 3
7960 -0.135896 -0.048843 -0.011208 0.123649 -0.016583 3
7970 -0.037572 -0.018311 0.01101 0.001926 -0.003836 2
7980 -0.114391 -0.036774 0.022088 0.004261 -0.018098 3
7990 -0.124664 -0.016693 0.021515 0.023364 -0.034287 3
8000 -0.016321 -0.050167 0.008523 0.017451 0.003553 2
8010 -0.131263 -0.085968 -0.023293 -0.00727 -0.121039 3
8020 -0.10568 -0.024833 0.01106 -0.006248 -0.077209 3
8030 -0.146903 -0.042268 -0.006136 0.118186 -0.034738 3
8040 -0.137779 -0.038836 -0.020481 0.032169 -0.052948 3
8050 -0.099703 -0.022569 0.024924 0.002306 -0.074303 3
8060 -0.076718 -0.053252 0.013622 0.005109 -0.03225 3
8070 -0.04913 -0.070418 0.002171 0.006264 0.018991 4
8080 -0.120436 -0.071616 -0.012312 0.02841 -0.066345 3
8090 -0.114346 -0.045278 0.015107 0.044405 -0.058784 3
8100 -0.130031 -0.044882 0.004415 0.054177 -0.061057 3
8110 -0.114159 -0.055696 -0.006813 0.028546 -0.057611 3
8120 -0.027053 0.01429 -0.031297 -0.039849 0.028236 2
8130 0.022021 -0.008115 0.012243 0.007936 -0.012011 2
8140 -0.09518 -0.022739 0.008565 0.012766 0.005069 3
8150 -0.005716 0.005656 0.032367 -0.02467 0.005886 2
8160 -0.096709 -0.066858 -0.006665 0.011569 -0.007342 3
8170 -0.117708 -0.011284 0.06641 0.05791 -0.022559 1
8180 -0.104931 -0.001355 0.005619 -0.020286 -0.01887 1
8190 -0.108524 0.018416 0.005181 0.00634 -0.005711 1
8200 -0.09121 -0.006058 0.03178 0.009724 -0.016427 1
8210 0.026323 0.002357 0.014307 0.014201 -0.038733 5
8220 0.029434 0.008546 0.00689 0.024102 -0.049802 5
8230 0.038802 0.005529 -0.018156 0.001711 0.01757 2
8240 -0.09947 0.068465 -0.044976 -0.021767 0.009993 1
8250 -0.05552 0.011263 -0.056167 -0.026784 -0.02301 2
8260 -0.10634 0.060274 0.017664 -0.010087 -0.005951 1
8270 -0.10648 -0.00183 0.045206 -0.021192 -0.069199 3
8280 -0.108021 0.011858 0.014983 -0.020477 -0.054445 1
8290 -0.127145 -0.057191 8.7e-05 0.037901 -0.013523 3
8300 -0.048569 0.071651 -0.071516 -0.049226 -0.046828 2
8310 0.00281 -0.016311 -0.013972 -0.018082 0.004432 2
8320 -0.000726 0.002266 0.02891 0.01779 -0.010557 2
8330 -0.090779 0.022637 0.029062 0.046013 -0.018608 1
8340 -0.052057 -0.01567 0.006934 -0.002976 -0.027572 2
8350 -0.097514 -0.011824 0.019412 -0.012823 -0.012278 1
8360 0.023784 -0.076475 0.014593 0.017508 0.015482 4
8370 -0.115446 -0.01671 -0.085837 -0.058385 -0.132857 3
8380 -0.112864 0.005684 0.027294 0.058662 -0.025784 1
8390 -0.128318 -0.01176 0.028246 0.069152 -0.061889 3
8400 -0.114361 -0.012917 0.014506 0.04244 -0.023698 3
8410 -0.104069 0.014212 0.034937 0.057683 -0.012674 1
8420 -0.103647 0.023238 -0.039493 0.046409 -0.020031 1
8430 -0.045359 -0.072026 0.007277 0.006121 -0.002919 4
8440 -0.038154 -0.00623 0.01809 0.004597 -0.011501 2
8450 -0.123522 0.023323 -0.072138 -0.034796 -0.046548 1
8460 -0.118568 0.050616 -0.011959 -0.072804 -0.044072 1
8470 0.033693 0.05087 -0.035533 0.001117 -0.031972 5
8480 0.051063 0.020709 -0.001182 0.012655 -0.055794 5
8490 0.036387 0.029605 -0.008745 0.004772 -0.045682 5
8500 0.050587 0.04668 -0.036388 -0.00973 -0.04733 5
8510 -0.117986 -0.019584 -0.016477 0.003201 -0.048248 3
8520 -0.089598 -0.028288 0.011531 0.02198 -0.027571 3
8530 -0.082682 -0.014247 0.011821 0.02459 -0.020291 3
8540 -0.141189 -0.030901 0.004987 0.040935 -0.059666 3
8550 -0.119613 -0.009497 -0.029539 0.044056 -0.030365 3
8560 0.00454 0.025555 -0.008173 0.015817 -0.024758 2
8570 0.020102 0.009573 0.003826 0.006382 -0.037045 5
8580 -0.019771 0.005283 -0.024188 0.031584 0.003954 2
8590 -0.097136 -0.022217 0.014205 0.023332 -0.013793 3
8600 -0.136782 0.044996 -0.015238 0.073626 0.048232 1
8610 -0.085064 0.010183 0.0259 -0.028083 -0.019194 1
8620 -0.131832 0.116809 -0.094716 -0.08124 -0.066866 1
8630 0.048155 0.028593 0.010085 0.013412 -0.050201 5
8640 -0.144585 0.065664 -0.050095 -0.059531 -0.079365 1
8650 0.009858 0.026977 -0.030194 0.011988 -0.034227 2
8660 0.021967 0.0263 -0.001524 0.012322 -0.041418 5
8670 0.04606 0.025015 -0.028787 0.001067 -0.025477 5
8680 0.020654 -0.00263 0.024819 0.023201 -0.02994 5
8690 0.019538 -0.052867 0.006181 -0.018959 0.038544 2
8700 0.002744 -0.014338 -0.009191 0.001328 -0.002948 2
8710 -0.065755 0.048954 -0.010703 0.035746 0.004359 1
8720 -0.112488 0.030763 0.004655 0.028036 0.014993 1
8730 -0.07924 -0.057156 0.018454 0.0756 -0.029303 3
8740 -0.088439 0.080063 0.086089 0.014334 0.012446 1
8750 -0.034682 -0.037445 0.008714 0.028008 -0.019594 2
8760 -0.038428 0.068246 -0.009004 0.044024 -0.001739 1
8770 0.101506 0.037783 -0.019635 0.045679 -0.07506 5
8780 -0.019644 -0.094616 0.006949 0.010982 -0.006852 4
8790 -0.076454 0.021018 0.006288 0.040679 -0.01256 1
8800 -0.102956 -0.007135 0.023871 -0.008266 -0.115903 3
8810 -0.086799 0.050801 0.034658 0.02355 -0.016926 1
8820 -0.079661 0.027884 0.030132 -0.017517 -0.029132 1
8830 -0.12281 -0.000761 0.053843 0.042379 -0.072256 3
8840 0.067412 0.012328 0.002931 0.041206 -0.06567 5
8850 0.06372 0.045633 -0.024896 0.027681 -0.056231 5
8860 -0.139063 0.013543 0.032815 0.026103 -0.058343 1
8870 -0.097808 0.040358 0.02413 0.030024 -0.026256 1
8880 -0.110017 -0.006479 0.03116 0.027586 -0.046636 3
8890 -0.049978 0.008798 0.03534 0.006293 -0.070685 1
8900 0.022906 0.033035 0.002991 0.03112 -0.031873 5
8910 0.068197 0.01639 -0.00954 0.032319 -0.057356 5
8920 0.059331 0.036842 -0.026009 0.023641 -0.056603 5
8930 0.030633 0.02259 -0.003016 0.020945 -0.053967 5
8940 0.015388 0.016778 0.008341 0.01829 -0.039979 5
8950 0.017426 0.005187 0.007239 0.016266 -0.039123 5
8960 0.034447 -0.010841 0.022879 0.04082 -0.059699 5
8970 0.058173 -0.02225 0.003024 0.043171 -0.042276 5
8980 -0.05147 0.043802 0.098425 -0.067143 0.08796 2
8990 0.016854 0.014006 -0.028924 -0.001622 -0.00857 2
9000 0.128836 0.015214 -0.003258 0.066061 -0.086501 5
9010 -0.091059 -0.063326 -0.047528 0.03203 -0.015667 3
9020 0.043131 -0.005579 0.005667 0.060117 -0.025447 5
9030 -0.097238 0.024147 0.024129 0.010168 -0.01897 1
9040 0.032799 0.032379 0.002822 0.027027 -0.018459 5
9050 0.050333 -0.009546 0.051347 0.043503 -0.061654 5
9060 0.066928 -0.033869 -0.009829 0.060345 -0.046431 5
9070 0.063326 0.032547 -0.020013 0.027243 -0.037341 5
9080 0.031161 -0.044509 0.007066 0.045953 -0.037455 5
9090 0.071276 -0.00258 0.012848 0.042314 -0.056866 5
9100 0.014801 0.012437 0.009116 0.035403 -0.029738 5
9110 0.059813 0.008622 -0.006533 0.04044 -0.066538 5
9120 -0.011356 -0.014854 -0.029698 -0.014348 0.013698 2
9130 -0.033523 0.029183 -0.046103 0.008863 -0.010546 2
9140 -0.036621 0.033371 0.012759 0.024548 -0.009508 2
9150 -0.034865 0.114836 -0.040959 0.052512 0.025258 1
9160 -0.037318 0.030098 -0.018295 0.050747 -0.026446 2
9170 -0.072887 -0.009429 0.065711 0.033052 -0.046933 1
9180 -0.086987 -0.024793 0.008765 0.031594 -0.020032 3
9190 -0.092922 0.04052 0.034972 0.010126 -0.041747 1
9200 0.028033 0.071607 -0.026617 0.055405 -0.008593 5
9210 0.082858 0.021858 -0.014225 0.055462 -0.04731 5
9220 -0.006398 -0.038458 -0.015739 0.095897 -0.020941 5
9230 -0.08893 0.056231 -0.026829 0.048608 0.006223 1
9240 0.055776 0.013311 0.032976 0.031747 -0.04275 5
9250 0.069855 -0.029979 0.006519 0.055709 -0.03495 5
9260 -0.055731 -0.089077 0.000372 0.029709 -0.05517 3
9270 0.053973 -0.023362 0.030582 0.043786 -0.048606 5
9280 0.064625 0.031524 -0.020329 0.031478 -0.055203 5
9290 0.032488 -0.03663 0.01137 0.03915 -0.028652 5
9300 0.006194 -0.059587 0.09504 0.01849 -0.022201 4
9310 0.048141 0.004131 -0.011016 0.04885 -0.041875 5
9320 0.044632 0.005004 -0.005144 0.085213 -0.029167 5
9330 0.034448 0.0155 0.005595 0.062248 -0.031649 5
9340 0.0589 -0.013957 0.025089 0.053487 -0.042017 5
9350 0.044782 0.034253 -0.009746 0.026137 -0.061512 5
9360 0.03239 -0.045457 0.006623 0.021609 -0.017431 5
9370 0.046904 -0.054389 0.044895 0.072823 -0.073827 5
9380 0.038197 -0.035468 0.025742 0.037793 -0.022655 5
9390 0.019442 -0.010563 0.007394 0.037424 -0.091409 5
9400 0.036806 -0.079067 0.051141 0.086896 -0.08085 5
9410 -0.074568 0.08152 -0.000579 -0.046754 0.010084 1
9420 0.088084 0.041322 -0.015375 0.045304 -0.047583 5
9430 0.090968 -0.014403 0.016417 0.054109 -0.032917 5
9440 0.001459 -0.022164 -0.005347 0.096324 -0.026183 5
9450 0.053345 0.012176 0.017746 0.04836 -0.069027 5
9460 0.026084 -0.048109 0.009432 0.019152 0.003169 4
9470 0.033984 -0.002493 -0.029355 0.066349 -0.041514 5
9480 0.021372 -0.078422 0.03924 0.052499 -0.011025 4
9490 0.074749 -0.010371 0.002502 0.040464 -0.027516 5
9500 0.059464 0.027947 0.002909 0.016302 -0.109616 5
9510 0.074761 0.000898 -0.000994 0.059391 -0.043971 5
9520 0.019161 -0.040227 0.066201 0.050978 -0.055592 5
9530 -0.032049 0.00026 -0.026534 -0.007672 -0.136369 5
9540 0.037841 0.005187 0.010382 0.037351 -0.027472 5
9550 -0.028355 0.031341 -0.020703 0.022364 -0.011269 2
9560 0.003536 -0.018847 -0.024551 0.002011 0.012162 2
9570 -0.003851 0.037711 0.099946 0.003697 -0.029288 5
9580 -0.039726 0.010046 0.000861 0.006574 -0.001363 2
9590 0.02347 0.059605 0.021377 0.030304 -0.035088 5
9600 -0.014424 -0.057118 0.053667 0.02657 0.023468 4
9610 -0.092162 -0.051036 0.021853 0.053002 -0.035907 3
9620 -0.037453 0.099905 0.029273 0.02963 0.024517 1
9630 -0.008199 0.05536 0.006825 0.014995 -0.014533 2
9640 0.051852 -0.018145 0.053982 0.031495 -0.024001 5
9650 0.055153 -0.000225 0.036266 0.031353 -0.046041 5
9660 0.056301 0.006775 0.0363 0.040463 -0.032469 5
9670 0.021649 0.000313 0.04614 0.02758 -0.011313 5
9680 0.095534 0.00541 -0.000819 0.057719 -0.029336 5
9690 0.06382 -0.036652 0.00268 0.068086 -0.015293 5
9700 0.034077 -0.015482 0.02355 0.060521 -0.012853 5
9710 0.039444 -0.001307 0.001153 0.089581 -0.003374 5
9720 0.060443 0.025177 0.03722 0.068903 -0.038055 5
9730 0.032122 -0.01628 0.048827 0.040161 -0.025065 5
9740 0.069472 0.011544 -0.009682 0.049917 -0.030474 5
9750 0.015482 -0.055515 0.01668 0.035567 0.002963 4
9760 0.005055 -0.069419 0.019606 0.048316 0.008944 4
9770 0.035272 -0.010054 -0.005113 0.008911 0.000773 2
9780 0.038184 0.012758 0.024195 0.050453 -0.068375 5
9790 0.049713 -0.020525 0.023006 0.051664 -0.033065 5
9800 0.115163 -0.022554 0.012485 0.065284 -0.007876 5
9810 0.033259 -0.037358 -0.008297 0.016138 0.014023 2
9820 0.034641 -0.044062 -0.010737 0.035624 -0.011277 5
9830 -0.00494 -0.053181 0.079026 0.015547 -0.042796 4
9840 0.021885 -0.080153 0.02922 0.020658 -0.004493 4
9850 0.05806 -0.042977 0.01733 0.06455 -0.021089 5
9860 0.015249 -0.077469 0.042824 0.028395 0.004023 4
9870 -0.002446 -0.062343 0.014842 0.033966 -0.02276 4
9880 0.072236 -0.073615 0.038362 0.083 -0.048845 5
9890 0.006464 -0.101585 0.041672 0.033399 0.01058 4
9900 0.001647 -0.10257 0.030201 0.023931 0.00324 4
9910 0.022918 -0.046186 0.033669 0.044573 -0.023956 5
9920 -0.038328 -0.04037 -0.002951 -0.002658 -0.008866 2
9930 0.030323 0.009576 -6.3e-05 0.0573 -0.005325 5
9940 0.040853 0.000705 0.061331 0.041633 -0.043202 5
9950 0.027385 -0.007863 0.00904 0.034845 -0.007158 5
9960 0.034679 -0.036212 0.058896 -0.009487 0.055119 4
9970 0.03528 -0.004421 0.035976 0.034729 -0.030739 5
9980 0.077933 -0.004078 0.054228 0.052011 -0.021457 5
9990 0.092246 -0.001175 0.004255 0.071723 -0.027158 5
10000 0.066782 -0.003375 0.025428 0.042777 -0.028632 5
