This is Dataplot data file     LIN.DAT
Polonium 209 SRM Concentrations
Zhichao Lin (NIST)
Date--May 1994
Response variable = concentration of polonium 209
Number of observations = 536
Note--data taken over about 2 years, but not equi-spaced
Number of variables per line image = 1
Order of variables on a line image--
   1. Response Variable = Polonium 209 concentration
Science Question--What # to put on SRM certificate?
                  SD(#)
Statistical Classification--Univariate
To read this file into Dataplot--
   SKIP 25
   READ LIN.DAT Y
 
 
 
 
 
 
 
Concentration
-------------
   85.3458
   85.5283
   85.6228
   85.9092
   86.0244
   85.1341
   85.8372
   85.5241
   85.3017
   85.4068
   85.6312
   85.7284
   85.4609
   85.7658
   85.7517
   85.2974
   85.3771
   85.6965
   85.4845
   85.7224
   85.5177
   85.4538
   85.8939
   85.4485
   85.8226
   85.3548
   85.5140
   85.1928
   85.7038
   85.3981
   85.4140
   85.4153
   85.5046
   85.6618
   85.5202
   85.4339
   85.4545
   85.6145
   85.2386
   85.5320
   85.5723
   85.4038
   85.6034
   85.6798
   85.4306
   85.4581
   85.5776
   85.3126
   85.4134
   85.5001
   85.5754
   85.5707
   85.3857
   85.5744
   85.4001
   85.7293
   85.5754
   85.5284
   85.4883
   85.4158
   85.6400
   85.5541
   84.7808
   84.7428
   85.9629
   84.7565
   85.8192
   85.2082
   85.8435
   84.9156
   85.7608
   85.4970
   85.2354
   85.2982
   85.2626
   85.1373
   85.2600
   85.4474
   85.8973
   84.9980
   85.4438
   85.1393
   85.3890
   85.2255
   85.8777
   86.2620
   85.4818
   85.5135
   85.5504
   85.4881
   85.5463
   85.3658
   85.3862
   85.4500
   85.6750
   85.7924
   85.6214
   85.4260
   85.5990
   85.7046
   85.6231
   85.3987
   85.4404
   85.5593
   85.6247
   85.5147
   85.5150
   85.6732
   85.4977
   85.4751
   85.6725
   85.4661
   85.2369
   85.3850
   85.2366
   85.5878
   86.3994
   85.6710
   85.2471
   85.6367
   85.3222
   85.6709
   85.1397
   84.9754
   85.5647
   85.5784
   85.1374
   85.5158
   85.5121
   85.0667
   85.3218
   85.3439
   85.6885
   85.4610
   85.1814
   85.6589
   85.4846
   85.2658
   85.3848
   85.5172
   85.5656
   85.5348
   85.3552
   85.6438
   85.7498
   85.1500
   85.8957
   85.6768
   85.5855
   85.2930
   85.7989
   85.8398
   85.7794
   85.1083
   85.7884
   85.3128
   85.3583
   85.6330
   85.9696
   85.5767
   85.5084
   85.4567
   85.4282
   85.3696
   85.5014
   85.2587
   85.1650
   85.2291
   85.3883
   85.2234
   85.3723
   85.7510
   85.5051
   85.6174
   85.4579
   84.9573
   85.0009
   85.3995
   85.1150
   85.5229
   85.2322
   85.3313
   85.6489
   85.4884
   85.2662
   85.5670
   85.3367
   84.9174
   85.8448
   85.5280
   85.3257
   85.3622
   85.3248
   84.8866
   85.4483
   85.2019
   85.4985
   85.3199
   85.2380
   85.2093
   85.2825
   85.1504
   85.6375
   85.5346
   85.2043
   85.6111
   85.2468
   85.4764
   85.5457
   85.8343
   85.5697
   85.4210
   85.5251
   85.0916
   85.2652
   85.9031
   85.6179
   85.4835
   85.3332
   84.9302
   85.6766
   85.4970
   85.4675
   84.9932
   85.2935
   85.5236
   85.2222
   85.8727
   85.4777
   85.3474
   85.3022
   85.6848
   85.6003
   85.4575
   85.4701
   85.2256
   85.3313
   85.4277
   85.8603
   85.6051
   85.4615
   85.7407
   85.5150
   85.3936
   85.5856
   85.6572
   85.4341
   85.5090
   85.5584
   85.1045
   85.7676
   85.5955
   85.5558
   84.8386
   85.5871
   85.6581
   85.4359
   85.6748
   85.1721
   85.5565
   84.9244
   85.9584
   85.3670
   85.5285
   86.0240
   85.1766
   85.8162
   85.3269
   85.2481
   85.9509
   85.5047
   85.6685
   85.9251
   85.3567
   85.5456
   85.4340
   85.6581
   85.4010
   85.6354
   85.4085
   85.5772
   85.7543
   85.7015
   85.4834
   85.4725
   85.2449
   85.6101
   85.3453
   85.6137
   85.8173
   85.2187
   85.3141
   85.8499
   85.7628
   85.0112
   85.7629
   85.6883
   85.7071
   85.5318
   85.5147
   85.3170
   85.8532
   85.6595
   85.5989
   85.4321
   85.3257
   86.0426
   85.6533
   85.5685
   85.6450
   85.6091
   85.1887
   85.4930
   85.4743
   85.6270
   85.5888
   85.2779
   85.4282
   85.4128
   85.3864
   85.3935
   85.1995
   85.7322
   85.4370
   85.6141
   85.4055
   85.6078
   85.2928
   85.5630
   85.6430
   85.4317
   85.2136
   85.7362
   85.4623
   85.6433
   85.4681
   85.5737
   85.2078
   85.4723
   85.6334
   85.4172
   85.4220
   85.4890
   85.6123
   85.6435
   85.6033
   85.6068
   85.6626
   85.6648
   85.4346
   85.6091
   85.5666
   85.6127
   85.5874
   85.6790
   85.5710
   85.5144
   85.1308
   85.7422
   85.5747
   85.0457
   85.5765
   85.7898
   85.3532
   85.3763
   85.3594
   85.7681
   85.2275
   85.2891
   85.2796
   85.2676
   85.6153
   86.1085
   85.1554
   85.6091
   85.1447
   85.5354
   85.6572
   85.0902
   85.1129
   85.4765
   85.1816
   85.2819
   85.6257
   85.4008
   85.5823
   85.4646
   85.6220
   85.6750
   85.6876
   85.3745
   85.3020
   85.2501
   85.0596
   85.8134
   85.5361
   85.2329
   85.5279
   85.2140
   85.3441
   85.2644
   85.1074
   85.2495
   85.2984
   85.4606
   85.5135
   85.6324
   85.2075
   85.1352
   85.6529
   85.5846
   85.5748
   85.5452
   85.1450
   85.4332
   85.0897
   85.2810
   85.3209
   84.9914
   85.4390
   85.2053
   85.5091
   85.5569
   85.1786
   85.5135
   85.0432
   85.1645
   85.2949
   85.4537
   85.7734
   85.4203
   85.6614
   85.3149
   85.5640
   85.5960
   85.2094
   85.7770
   85.5764
   85.1405
   85.9909
   85.9195
   85.6092
   85.5247
   85.3022
   85.3021
   85.4816
   85.6107
   85.2684
   85.4443
   85.3529
   85.2929
   85.1907
   85.2497
   85.4731
   85.7111
   85.1040
   85.7090
   85.7548
   85.7167
   85.6662
   85.6385
   85.4156
   85.3292
   85.4227
   85.2186
   85.7548
   85.5592
   85.2021
   85.4367
   85.2934
   85.5190
   85.1371
   85.9259
   85.7123
   85.1675
   85.6374
   85.4804
   85.4186
   85.4991
   85.3769
   85.3223
   85.6185
   85.4905
   85.4100
   85.3366
   85.3165
   85.6076
   85.1218
   85.1775
   85.4791
   85.4898
   85.2466
   85.1780
   85.6071
   85.3773
   85.4544
   85.3538
   85.1803
   85.4076
   85.4549
   85.4422
   85.3995
   85.4989
   85.5348
   85.3805
   85.3179
   85.2997
   85.3454
   85.4360
   85.2440
   85.4197
   85.5771
   85.5633
   85.6888
   85.6401
   85.6027
   85.4456
   85.4767
   85.5147
   85.3283
   85.4641
   85.4914
   85.5040
   85.4253
   85.4935
   85.4053
   85.3361
   85.4766
   85.3125
   85.5814
   85.5957
   85.4199
   85.4308
   85.2553
   85.3297
   85.3622
