2256
NEWTON'S GRAVITATIONAL CONSTANT VIA TORSION PENDULUM EXPERIMENT
GABE LUTHER (NIST)
NUMBER OF OBSERVATIONS =
NUMBER OF VARIABLES = 1
ORDER OF VARIABLES ON A LINE IMAGE--
   1. RESPONSE--PENDULUM ANGLE
STATISTICAL AREA--TIME SERIES
TO READ THIS FILE INTO DATAPLOT (& ANALYZE)--
   SKIP 25
   READ LUTHER.DAT Y
   4-PLOT Y
   SPECTRUM Y
   DEMODULATION FREQUENCY .02
   COMPLEX DEMOD PHASE PLOT Y
   COMPLEX DEMOD AMPLITUDE PLOT Y
 
 
 
 
 
 
 
 
----
1913
1609
1347
1132
0964
0856
0811
0804
0870
0968
1132
1338
1596
1894
2226
2593
2973
3373
3800
4221
4637
5042
5442
5816
6162
6487
6771
7006
7205
7337
7437
7477
7479
7405
7291
7138
6935
6682
6403
6073
5725
5357
4962
4566
4154
3746
3357
2970
2607
2272
1970
1708
1473
1289
1138
1053
1006
1009
1072
1170
1324
1520
1752
2017
2327
2656
3013
3384
3752
4151
4526
4903
5259
5608
5926
6192
6449
6667
6848
6970
7054
7101
7085
7018
6930
6774
6596
6368
6099
5808
5505
5162
4816
4460
4102
3740
3393
3063
2754
2463
2197
1982
1778
1624
1526
1459
1438
1462
1527
1627
1778
1965
2185
2431
2698
3002
3309
3637
3970
4303
4630
4948
5251
5539
5794
6043
6242
6416
6550
6644
6703
6720
6702
6629
6521
6385
6214
6014
5779
5521
5234
4938
4635
4317
4003
3692
3385
3108
2830
2578
2361
2161
2009
1888
1794
1736
1736
1756
1824
1929
2062
2230
2431
2662
2914
3178
3452
3747
4050
4346
4634
4923
5195
5442
5679
5891
6067
6209
6328
6417
6449
6457
6432
6363
6271
6130
5972
5783
5566
5323
5075
4812
4536
4251
3968
3701
3434
3188
2947
2740
2548
2386
2246
2144
2073
2034
2016
2057
2126
2211
2331
2489
2662
2868
3093
3321
3569
3827
4096
4362
4616
4867
5101
5324
5522
5702
5857
5989
6087
6149
6176
6181
6146
6095
5996
5878
5733
5558
5360
5153
4923
4695
4452
4198
3946
3699
3465
3242
3029
2837
2674
2521
2407
2315
2241
2211
2205
2237
2290
2369
2489
2618
2777
2957
3157
3377
3592
3817
4056
4297
4530
4749
4961
5162
5345
5512
5649
5766
5860
5917
5953
5964
5936
5895
5810
5708
5582
5436
5261
5076
4879
4668
4455
4225
4008
3778
3572
3371
3181
3008
2847
2709
2607
2514
2460
2426
2420
2443
2491
2565
2666
2782
2932
3083
3260
3448
3648
3864
4065
4285
4481
4686
4873
5054
5215
5358
5479
5575
5647
5696
5720
5715
5692
5640
5563
5462
5338
5204
5049
4881
4712
4518
4322
4133
3928
3747
3566
3389
3223
3067
2930
2812
2715
2637
2586
2553
2547
2554
2600
2653
2732
2839
2960
3102
3243
3403
3581
3753
3928
4116
4290
4462
4628
4777
4914
5041
5153
5245
5316
5372
5399
5406
5398
5355
5303
5226
5134
5020
4891
4754
4608
4453
4281
4109
3944
3769
3608
3440
3305
3167
3038
2933
2852
2779
2730
2715
2708
2729
2765
2829
2915
3003
3112
3245
3392
3523
3682
3832
4007
4161
4318
4465
4614
4745
4866
4982
5074
5152
5203
5247
5262
5263
5239
5192
5141
5063
4967
4852
4731
4602
4459
4307
4155
4001
3850
3695
3556
3408
3288
3171
3059
2982
2908
2861
2834
2829
2852
2876
2943
3009
3088
3194
3321
3448
3585
3734
3881
4037
4188
4343
4483
4628
4755
4879
4980
5066
5145
5208
5247
5271
5271
5252
5220
5163
5102
5009
4916
4806
4681
4546
4412
4265
4123
3978
3836
3704
3564
3446
3334
3234
3152
3082
3020
2994
2965
2961
2982
3022
3068
3138
3208
3315
3408
3538
3658
3789
3922
4057
4198
4335
4457
4583
4703
4802
4903
4982
5048
5090
5122
5140
5138
5120
5094
5038
4971
4892
4802
4700
4591
4466
4342
4211
4074
3948
3816
3689
3568
3469
3364
3274
3192
3129
3082
3049
3033
3043
3054
3087
3130
3192
3264
3352
3461
3570
3683
3812
3936
4068
4196
4322
4444
4555
4671
4765
4854
4924
4984
5027
5058
5080
5072
5059
5027
4987
4928
4863
4772
4685
4581
4477
4361
4242
4123
4004
3885
3768
3660
3554
3469
3380
3319
3249
3209
3178
3162
3167
3172
3202
3240
3288
3352
3437
3526
3616
3714
3824
3933
4044
4158
4268
4374
4476
4572
4661
4740
4803
4863
4904
4931
4946
4949
4937
4917
4874
4828
4773
4693
4612
4518
4422
4315
4211
4100
3994
3888
3781
3678
3576
3499
3417
3355
3315
3264
3235
3219
3216
3234
3258
3291
3340
3406
3466
3548
3639
3720
3816
3925
4029
4135
4234
4340
4434
4530
4611
4691
4766
4816
4870
4902
4925
4941
4932
4925
4893
4859
4808
4746
4684
4608
4526
4442
4347
4263
4163
4067
3973
3880
3796
3717
3639
3568
3519
3464
3433
3409
3401
3396
3411
3430
3457
3496
3556
3617
3684
3763
3845
3935
4018
4109
4196
4286
4375
4449
4527
4594
4662
4717
4758
4798
4817
4830
4833
4822
4808
4772
4736
4691
4628
4566
4497
4420
4338
4259
4171
4085
4000
3914
3833
3754
3681
3621
3566
3521
3480
3448
3431
3430
3424
3437
3460
3489
3538
3580
3632
3706
3782
3853
3935
4019
4102
4179
4261
4338
4410
4474
4543
4589
4639
4666
4699
4715
4723
4716
4708
4682
4649
4603
4560
4503
4439
4370
4291
4221
4146
4059
3990
3913
3838
3770
3711
3655
3603
3552
3525
3506
3480
3480
3492
3503
3526
3552
3593
3655
3704
3760
3840
3910
3982
4058
4130
4203
4279
4336
4409
4464
4515
4560
4596
4628
4647
4657
4657
4653
4632
4607
4581
4530
4488
4430
4378
4311
4246
4177
4109
4040
3971
3906
3843
3785
3728
3698
3648
3611
3586
3568
3569
3561
3571
3585
3611
3640
3673
3727
3776
3827
3889
3956
4008
4074
4139
4201
4256
4327
4375
4418
4471
4501
4530
4559
4568
4572
4568
4564
4543
4521
4489
4447
4402
4358
4303
4245
4189
4126
4063
4007
3945
3880
3826
3769
3722
3683
3658
3632
3602
3598
3592
3594
3620
3634
3657
3688
3729
3776
3826
3889
3943
3992
4057
4118
4179
4234
4286
4338
4377
4423
4455
4480
4499
4519
4518
4515
4502
4481
4460
4429
4386
4353
4303
4244
4187
4129
4068
3997
3932
3874
3801
3758
3696
3658
3631
3585
3560
3554
3548
3560
3561
3591
3617
3654
3693
3731
3777
3834
3889
3945
4003
4061
4112
4166
4220
4259
4304
4345
4373
4404
4422
4436
4452
4449
4449
4443
4430
4408
4378
4345
4312
4274
4230
