NUCLEAR THERMOMETRY CRYOTHERMOMETRY EXPERIMENT
HARVEY MARSHAK
DATE--1971
RESPONSE VARIABLE = COUNTS
NUMBER OF OBSERVATIONS = 211
TOTAL NUMBER OF VARIABLES PER LINE IMAGE = 1
NOTE--THE NUCLEAR COUNTS CAN BE USED AS A
      CRYOTHERMOMETRY DEVICE.
      HARVEY'S EXPERIMENT IS AN ALTERNATE APPROACH
      TO BOB SOULEN'S JOSEPHSON JUNCTION CRYOTHERMOMETER.
STATISTICAL AREAS--UNIVARIATE ANALYSIS, 4-PLOT
                   DISTRIBUTIONAL ANALYSIS
                   SHEPHERD'S CORRECTION
TO READ THIS FILE INTO DATAPLOT--
   SKIP 25
   READ MARSHAK.DAT Y







COUNTS
------
22382
22548
22430
22617
22483
22348
22402
22411
22202
22268
22016
22213
22496
22410
22519
22272
22191
22193
22610
22389
22571
22448
22188
22546
22471
22330
22581
22534
22457
22351
22308
22208
22788
22231
22485
22733
22320
22381
22257
22518
22564
22138
22253
22327
22613
22430
22684
22248
22379
22224
22325
22070
22719
22410
22564
22229
22321
22393
22436
22487
22715
22464
22470
22541
22347
22126
22455
22449
22567
22438
22319
22374
22515
22513
22415
22583
22531
22401
22256
22204
21949
22538
22314
22263
22206
22515
22164
22410
22510
22406
22471
22344
22325
22455
22363
22343
22382
22367
22413
22312
22205
22326
22589
22523
22628
22297
22433
22422
22344
22390
22396
22345
22004
22374
22104
22227
22526
22421
22312
22313
22415
22303
22228
22313
22293
22337
22478
22426
22371
22340
22271
22167
22089
22324
22484
22177
22621
21989
22548
22163
22705
22610
22253
22310
22514
22449
22181
22375
22491
22432
22342
22292
22426
22475
22240
22385
22602
22400
22488
22175
22555
22524
22290
22151
22336
22371
22344
22542
22452
22295
22292
22521
22563
22380
22454
22372
22585
22363
22293
22319
22487
22531
22286
22645
22116
22693
22319
22332
22559
22045
22250
22253
22292
22148
22521
22338
22348
22251
22297
22191
22464
22431
21973
22441
22347
22180
22383
22603
22266
22506
22400
