WEEKLY (ROUGHLY) FREON-12 READINGS AT MAUNA LOA (HAWAII) 1/77 TO 12/86
JIM ELKINS (NOAA) FTS 320-6224    JIM'S NAME FOR FILE = MLOF12_WK.DAT
NUMBER OF OBSERVATIONS = 939
RESPONSE VARIABLE = MEAN FREON-12 CONCENTRATION (IN PARTS PER TRILLION)
ORDER OF VARIABLES ON A LINE IMAGE--
   1. YEAR (1977 TO 1986)
   2. DAY OF YEAR (1 TO 365)
   3. SAMPLE BOTTLE (OF ONLY MINOR INTEREST)
   4. STANDARD DEVIATION (OVER 3 OBSERVATIONS)
   5. MEAN (OVER 3 OBSERVATIONS) FREON-12 CONCENTRATION (PPT)
   6. VALIDITY FLAG (ONLY USE DATA WITH FLAG = 0)
   7. WATER VAPOR
   8. CO2
NOTE--ONLY USE DATA WITH VALIDTY FLAG = 0
      POLLUTION = COMBINATION OF HIGH CO2 AND HIGH FREON
                  WHEN FREON HIGH, EXPECT HIGH CO2 (POLLUTION)
                  CO2 COMES FROM COMBUSITON OF FOSSIL FUELS
                  FREON COME FROM AIR CONDITIONS
      AT MOST SITES, THERE SHOULD BE A SEASONAL EFFECT FOR CO2)
      AT POINT BARROW, THERE IS ALSO A SEASONAL EFFECT FOR FREON-11)
QUESTIONS--
   TRENDS AND CYCLES OVER TIME?
   RELATIONSHIP BETWEEN FREON AND WATER VAPOR?
   RELATIONSHIP BETWEEN FREON AND CO2?
   SAME PATTERNS AT ALL 5 SITES?
1977   6 138  0.0   0.0 36   1.0023 -99.9900
1977  11 139  0.0   0.0 36   1.0019 -99.9900
1977  19 140  0.0   0.0 36   1.0021 -99.9900
1977  24 141  0.0   0.0 36   1.0018 -99.9900
1977  35 142  0.0   0.0 36   1.0039 -99.9900
1977  45 143  0.0   0.0 36   1.0030 -99.9900
1977  54 144  0.0   0.0 36   1.0036 -99.9900
1977  59 145  0.0   0.0 36   1.0049 -99.9900
1977  68 146  0.0   0.0 36   1.0024 -99.9900
1977  75 147  0.0   0.0 36   1.0030 -99.9900
1977  80 148  0.0   0.0 36   1.0021 -99.9900
1977  94 149  0.0   0.0 36   1.0095 -99.9900
1977 103 150  0.0   0.0 36   1.0021 -99.9900
1977 109 151  0.0   0.0 36   1.0029 -99.9900
1977 116 152  0.0   0.0 36   1.0090 -99.9900
1977 122 153  9.4 238.7 33   1.0032 -99.9900
1977 130 154  6.2 220.1 33   1.0077 -99.9900
1977 136 155  2.4 304.4 36   1.0028 -99.9900
1977 144 156  3.3 248.8 32   1.0022 -99.9900
1977 151 157  2.4 222.4 32   1.0025 -99.9900
1977 157 158  7.4 264.9 33   1.0063 -99.9900
1977 167 159  4.7 292.1 36   1.0034 -99.9900
1977 173 160  6.6 227.5 33   1.0047 336.8500
1977 181 161 17.4 257.0 33   1.0128 335.5800
1977 187 162  4.5 271.2 32   1.0090 334.8000
1977 194 163  2.8 234.9 32   1.0051 335.1900
1977 200 164  7.0 264.4 33   1.0124 334.1000
1977 208 165  3.3 242.7 32   1.0084 333.7000
1977 215 166 13.8 839.1 37   1.0106 333.0400
1977 223 167  6.5 264.6 33   1.0045 331.2900
1977 237 168  5.3 299.5  4   1.0077 -99.9900
1977 237 168  1.2 281.7  2   1.0077 -99.9900
1977 258 171  6.7 255.9  1   1.0169 330.1200
1977 258 171  7.0 253.4  1   1.0169 330.1200
1977 263 172  4.1 276.3  2
1977 263 172  1.1 252.6  2   1.0105 330.2400
1977 271 173  0.5 259.7  0   1.0021 330.9300
1977 271 173  0.6 250.3  0   1.0021 330.9300
1977 279 174 10.6 275.8  1   1.0039 -99.9900
1977 279 174  7.3 269.3  1   1.0039 -99.9900
1977 286 175  6.6 266.1  1   1.0134 332.1200
1977 286 175  3.1 308.8  6   1.0134 332.1200
1977 292 176  5.0 261.7  0   1.0039 331.1500
1977 292 176  0.6 261.2  0   1.0039 331.1500
1977 308 177  1.0 269.5  0   1.0121 331.4500
1977 308 177  5.5 270.5  0   1.0121 331.4500
1977 314 178  3.5 260.6  0   1.0050 330.8700
1977 314 178  2.4 260.1  0   1.0050 330.8700
1977 321 179  4.6 274.9  2
1977 321 179  6.5 260.5  3   1.0067 332.6700
1977 328 180  3.7 258.2  0   1.0058 332.7300
1977 328 180  0.6 253.9  0   1.0058 332.7300
1977 342 181  0.0 274.3  0   1.0102 333.1200
1977 342 181  4.8 276.4  0   1.0102 333.1200
1977 349 182  2.2 274.9  0   1.0076 333.3000
1977 349 182  1.4 275.1  0   1.0076 333.3000
1977 356 183  6.5 278.1  1   1.0017 333.8400
1977 356 183  3.0 261.9  2   1.0017 333.8400
1977 363 184  2.7 268.1  0   1.0102 334.1600
1977 363 184  1.1 263.4  0   1.0102 334.1600
1978   5 185 10.8 273.4  1   1.0027 335.1100
1978   5 185  5.8 282.9  0   1.0027 335.1100
1978  12 186  1.4 262.6  2
1978  12 186  4.0 288.0  2   1.0027 335.2100
1978  19 187 11.5 286.0  1   1.0030 335.4100
1978  19 187  6.1 271.5  3   1.0030 335.4100
1978  26 188  6.0 266.4  0   1.0090 334.0300
1978  26 188  1.1 266.6  0   1.0090 334.0300
1978  33 189  7.6 266.8  1   1.0043 335.3500
1978  33 189  0.8 306.1  6   1.0043 335.3500
1978  40 190  1.5 264.4  0   1.0013 334.6500
1978  40 190  5.0 266.5  0   1.0013 334.6500
1978  47 191  2.7 269.0  0   1.0067 335.3200
1978  47 191  0.3 265.6  0   1.0067 335.3200
1978  54 192  0.4 266.2  0   1.0084 335.8400
1978  54 192  3.1 270.8  0   1.0084 335.8400
1978  62 193  1.6 264.3  0   1.0014 336.6900
1978  62 193  2.7 262.5  0   1.0014 336.6900
1978  69 194  6.0 281.7  0   1.0017 335.9800
1978  69 194  1.6 282.7  0   1.0017 335.9800
1978  76 195  3.0 263.5  0   1.0073 337.1000
1978  76 195  6.8 270.1  1   1.0073 337.1000
1978  83 196  9.2 297.3  5   1.0023 337.0500
1978  83 196  5.6 289.5  0   1.0023 337.0500
1978  97 197  4.2 285.6  0   1.0045 337.3300
1978  97 197  4.8 276.2  0   1.0045 337.3300
1978 103 198  6.7 316.2  5   1.0017 337.4800
1978 103 198  8.2 283.4  3   1.0017 337.4800
1978 111 199  7.3 283.0  1   1.0077 336.6400
1978 111 199  5.3 274.0  0   1.0077 336.6400
1978 117 200 16.5 299.2  5   1.0059 338.0700
1978 117 200  2.4 274.9  2   1.0059 338.0700
1978 124 201  8.6 303.1  5   1.0025 338.1500
1978 124 201  8.9 280.5  3   1.0025 338.1500
1978 131 202  6.7 280.1  1   1.0028 337.9400
1978 131 202  3.1 270.3  2   1.0028 337.9400
1978 138 203  2.3 268.1  2
1978 138 203  5.4 332.1  6   1.0023 337.0900
1978 145 204  6.2 276.1  1   1.0023 337.8700
1978 145 204 13.5 281.6  1   1.0023 337.8700
1978 152 205  6.2 345.8  5   1.0023 338.9000
1978 152 205  6.1 304.3  7   1.0023 338.9000
1978 166 206  5.0 281.7  0   1.0032 337.5600
1978 166 206  5.1 273.3  0   1.0032 337.5600
1978 172 207  2.9 289.4  0   1.0129 336.6800
1978 172 207  3.2 286.4  0   1.0129 336.6800
1978 180 208  1.7 283.5  0   1.0160 337.3000
1978 180 208  2.9 277.7  0   1.0160 337.3000
1978 187 209  5.3 278.2  0   1.0021 336.4000
1978 187 209  2.1 269.5  0   1.0021 336.4000
1978 194 210  5.3 276.1  0   1.0025 336.1700
1978 194 210  0.4 273.8  0   1.0025 336.1700
1978 208 212  2.6 297.3  0   1.0056 335.4900
1978 208 212  1.6 287.8  0   1.0056 335.4900
1978 215 213  2.2 279.6  0   1.0076 334.4700
1978 215 213  1.5 282.6  0   1.0076 334.4700
1978 229 214  5.2 277.4  0   1.0022 332.6700
1978 229 214  1.1 282.6  0   1.0022 332.6700
1978 236 215  2.5 274.8  0   1.0026 332.3900
1978 236 215  1.4 275.1  0   1.0026 332.3900
1978 243 216  2.4 278.7  0   1.0024 333.4100
1978 243 216  2.1 282.2  0   1.0024 333.4100
1978 250 217  2.6 290.4  2
1978 250 217  2.0 277.2  2   1.0058 330.8700
1978 257 218  1.3 276.4  0   1.0025 331.2700
1978 257 218  0.1 274.7  0   1.0025 331.2700
1978 264 219  2.0 279.7  0   1.0025 331.2500
1978 264 219  7.8 282.7  1   1.0025 331.2500
1978 271 220  2.3 287.7  2
1978 271 220  1.6 272.1  2   1.0040 330.8800
1978 276 221  0.1 282.0  0   1.0029 329.1700
1978 276 221  1.4 277.8  0   1.0029 329.1700
1978 284 222  3.1 274.4  0   1.0024 332.1000
1978 284 222  1.5 274.8  0   1.0024 332.1000
1978 292 223  1.3 276.5  0   1.0020 332.5200
1978 292 223  0.9 271.4  0   1.0020 332.5200
1978 299 224  2.9 281.9  0   1.0024 331.5800
1978 310 225  8.7 283.0  1   1.0019 333.8300
1978 310 225  2.6 278.0  0   1.0019 333.8300
1978 313 226  1.2 279.6  0   1.0059 332.5200
1978 313 226  4.7 280.6  0   1.0059 332.5200
1978 320 227  1.5 283.4  0   1.0020 331.3700
1978 334 228  7.8 293.0  1   1.0025 333.8000
1978 334 228  3.3 285.5  0   1.0025 333.8000
1978 341 229  3.9 282.9  2
1978 341 229  1.4 295.6  2   1.0021 334.6600
1978 344 230  1.5 301.3  0   1.0025 334.3500
1978 344 230  1.0 291.9  0   1.0025 334.3500
1978 355 231  5.2 289.2  2
1978 355 231  6.2 271.9  3   1.0015 335.2800
1978 362 232  1.0 289.7  0   1.0022 335.8100
1978 362 232  0.5 281.9  0   1.0022 335.8100
1979   4 233  2.3 291.2  0   1.0021 334.9400
1979   4 233  3.5 287.0  0   1.0021 334.9400
1979  18 234  2.2 296.2  0   1.0026 336.4700
1979  18 234  1.2 288.1  0   1.0026 336.4700
1979  25 235  4.5 305.6  2
1979  25 235  4.2 288.5  2   1.0021 336.5800
1979  32 236  3.9 282.3  0   1.0014 336.8800
1979  32 236  4.6 287.4  0   1.0014 336.8800
1979  39 237  0.0 427.8  4   1.0059 336.8500
1979  39 237  5.8 304.3  2   1.0059 336.8500
1979  46 238  1.5 296.7  2
1979  46 238  0.8 285.6  2   1.0080 336.6000
1979  53 239  1.6 280.3  0   1.0108 335.8400
1979  53 239  3.6 282.7  0   1.0108 335.8400
1979  60 240  0.9 284.3  0   1.0098 335.5000
1979  60 240 10.8 283.4  1   1.0098 335.5000
1979  67 241  6.3 286.0  1   1.0034 337.0800
1979  67 241  1.6 292.7  0   1.0034 337.0800
1979  74 242  0.9 307.8  2
1979  74 242  0.5 293.8  2   1.0030 338.1200
1979  81 243  1.8 285.0  0   1.0025 338.2000
1979  81 243  1.8 283.7  0   1.0025 338.2000
1979  89 244  0.1 285.3  0   1.0023 339.2700
1979  89 244  0.6 282.2  0   1.0023 339.2700
1979  96 245  1.0 279.3  0   1.0155 337.2800
1979  96 245  3.2 286.2  0   1.0155 337.2800
1979 103 246  1.9 283.9  0   1.0071 337.7000
1979 103 246  0.5 286.0  0   1.0071 337.7000
1979 110 247  0.4 279.5  0   1.0078 338.2400
1979 110 247  3.2 284.9  0   1.0078 338.2400
1979 117 248  1.3 280.4  0   1.0012 338.1000
1979 117 248  2.2 288.9  0   1.0012 338.1000
1979 123 249  4.6 285.7  0   1.0052 338.0400
1979 123 249  1.2 285.0  0   1.0052 338.0400
1979 130 250  0.7 290.9  0   1.0082 338.7700
1979 130 250  1.6 288.3  0   1.0082 338.7700
1979 137 251  2.5 281.1  2
1979 137 251  2.0 291.3  2   1.0119 338.1700
1979 144 252  0.8 293.1  0   1.0063 339.2000
1979 144 252  1.2 295.9  0   1.0063 339.2000
1979 151 253  1.0 299.6  2
1979 151 253  2.6 280.0  2   1.0040 336.1900
1979 165 254  0.6 282.7  0   1.0040 338.1700
1979 165 254  0.6 284.0  0   1.0040 338.1700
1979 172 255  3.9 304.7  0   1.0046 338.8700
1979 172 255  0.0 306.5  0   1.0046 338.8700
1979 186 257  1.0 288.0  0   1.0057 338.1700
1979 186 257  1.8 289.5  0   1.0057 338.1700
1979 193 258  1.4 295.3  0   1.0139 337.0700
1979 193 258  2.1 291.2  0   1.0139 337.0700
1979 200 259  1.4 290.2  0   1.0030 336.0800
1979 200 259  1.0 299.1  0   1.0030 336.0800
1979 207 260  2.2 290.0  0   1.0058 332.6900
1979 207 260  2.1 295.9  0   1.0058 332.6900
1979 212 261  1.1 302.1  0   1.0048 336.7400
1979 212 261  1.6 298.5  0   1.0048 336.7400
1979 218 262  1.7 969.0  4   1.0064 332.1300
1979 242 265  9.0 303.6  1   1.0055 334.8800
1979 249 266  3.3 305.7  0   1.0034 333.5200
1979 249 266  3.8 301.9  0   1.0034 333.5200
1979 256 267  2.4 311.0  2
1979 256 267  1.1 299.0  2   1.0042 332.7500
1979 264 268  1.9 298.5  2
1979 264 268  3.9 320.7  6   1.0066 332.7500
1979 270 269  2.4 293.8  0   1.0058 333.2900
1979 270 269  0.2 293.8  0   1.0058 333.2900
1979 277 270  2.8 321.0  4   1.0116 333.4100
1979 277 270  1.7 313.9  0   1.0116 333.4100
1979 284 271  0.6 342.1  4   1.0116 334.3200
1979 284 271  3.3 432.0  6   1.0116 334.3200
1979 288 272  3.5 340.1  4   1.0097 333.7900
1979 288 272  0.8 385.8  6   1.0097 333.7900
1979 298 273  0.2 322.6  4   1.0064 333.9000
1979 298 273  1.6 327.5  4   1.0064 333.9000
1979 310 274  0.6 300.5  0   1.0028 334.6100
1979 310 274  2.9 297.4  0   1.0028 334.6100
1979 319 275  1.3 297.9  2
1979 319 275  1.4 309.6  2   1.0108 335.3600
1979 333 276  3.6 380.3  4   1.0029 335.7700
1979 333 276  3.1 373.5  4   1.0029 335.7700
1979 340 277  0.4 301.7  0   1.0072 335.6600
1979 340 277  0.7 299.3  0   1.0072 335.6600
1979 347 278  4.3 298.5  2
1979 347 278  3.1 321.7  2   1.0046 336.1000
1979 354 279  2.8 372.9  4   1.0039 336.9700
1979 354 279  1.3 338.1  6   1.0039 336.9700
1979 361 280  1.0 336.7  4   1.0026 336.9500
1979 361 280  1.6 305.2  2   1.0026 336.9500
1980  17 281  1.0 310.9  0   1.0060 337.2200
1980  17 281  1.3 315.0  0   1.0060 337.2200
1980  24 282  2.1 306.2  0   1.0012 338.5300
1980  24 282  1.3 311.1  0   1.0012 338.5300
1980  31 283  1.3 297.0  0   1.0085 337.8600
1980  31 283  2.2 295.7  0   1.0085 337.8600
1980  38 284  1.0 325.0  0   1.0043 338.5900
1980  38 284  1.3 315.3  0   1.0043 338.5900
1980  45 285 14.1 969.8  5   1.0022 340.0400
1980  45 285  8.8 969.8  5   1.0022 340.0400
1980  52 286  1.7 321.7  0   1.0029 338.0600
1980  52 286  4.0 315.1  0   1.0029 338.0600
1980  59 287  1.0 327.6  4   1.0137 339.2400
1980  59 287  0.8 312.7  2   1.0137 339.2400
1980  67 288  0.4 350.4  4   1.0102 339.8000
1980  67 288  2.3 350.1  4   1.0102 339.8000
1980  73 289  1.0 300.6  0   1.0125 340.3000
1980  73 289  0.7 295.5  0   1.0125 340.3000
1980  80 290  1.3 300.0  0   1.0040 339.8700
1980  80 290  1.0 306.0  0   1.0040 339.8700
1980  87 291  0.3 301.8  0   1.0093 340.6600
1980  87 291  2.4 296.3  0   1.0093 340.6600
1980  94 292  1.6 307.8  0   1.0095 340.2800
1980  94 292  2.9 314.8  0   1.0095 340.2800
1980 101 293  2.5 303.0  0   1.0034 341.0000
1980 101 293  3.0 301.8  0   1.0034 341.0000
1980 108 294  3.0 302.3  0   1.0027 340.5200
1980 108 294  3.1 303.4  0   1.0027 340.5200
1980 115 295  1.3 343.5  4   1.0031 340.7700
1980 115 295  2.4 330.7  6   1.0031 340.7700
1980 122 296  1.0 293.2  0   1.0035 341.5400
1980 122 296  0.6 289.3  0   1.0035 341.5400
1980 129 297  0.8 414.6  4   1.0044 341.1400
1980 129 297  1.2 458.5  6   1.0044 341.1400
1980 136 298  2.7 290.8  0   1.0060 341.4200
1980 136 298  2.3 296.3  0   1.0060 341.4200
1980 143 299  1.2 301.4  0   1.0102 341.3500
1980 143 299  0.8 294.1  0   1.0102 341.3500
1980 150 300  2.4 316.9  2
1980 150 300  1.6 329.9  2   1.0117 341.0300
1980 157 301  0.4 304.4  0   1.0048 340.9800
1980 157 301  1.6 297.1  0   1.0048 340.9800
1980 164 302  2.7 303.4  0   1.0164 341.4000
1980 164 302  0.8 303.0  0   1.0164 341.4000
1980 171 303  0.3 326.7  0   1.0116 340.9600
1980 171 303  1.2 329.6  0   1.0116 340.9600
1980 178 304  0.7 347.1  4   1.0068 340.3600
1980 178 304  1.5 297.2  2   1.0068 340.3600
1980 185 305  1.6 327.1  2
1980 185 305  3.8 336.9  6   1.0095 340.2700
1980 192 306  3.8 337.6  4   1.0092 339.4400
1980 192 306  0.1 346.7  4   1.0092 339.4400
1980 206 307  3.9 306.3  0   1.0055 339.4900
1980 206 307  4.3 304.7  0   1.0055 339.4900
1980 213 308  7.7 308.3  1   1.0023 338.6300
1980 213 308  1.8 298.6  0   1.0023 338.6300
1980 220 309  5.8 351.4  4   1.0023 336.4000
1980 220 309  4.5 348.6  4   1.0023 336.4000
1980 227 310  1.8 302.8  0   1.0043 337.6700
1980 227 310  1.4 306.6  0   1.0043 337.6700
1980 234 311  1.6 296.0  0   1.0056 337.6100
1980 241 312  2.0 304.9  0   1.0082 335.6000
1980 241 312  3.1 307.2  0   1.0082 335.6000
1980 248 313  1.8 306.0  0   1.0077 336.7800
1980 248 313  1.6 300.4  0   1.0077 336.7800
1980 255 314  2.4 301.5  0   1.0082 335.2600
1980 255 314  1.7 307.5  0   1.0082 335.2600
1980 262 315  1.0 299.9  0   1.0115 334.8100
1980 262 315  0.7 301.4  0   1.0115 334.8100
1980 269 316  2.3 306.6  0   1.0099 336.0200
1980 269 316  2.1 301.4  0   1.0099 336.0200
1980 273 317  0.9 301.0  0   1.0065 335.4500
1980 273 317  1.1 302.9  0   1.0065 335.4500
1980 283 318  0.3 317.9  2
1980 283 318  0.7 304.3  2   1.0036 335.3800
1980 289 319  1.4 305.8  0   1.0020 336.0000
1980 289 319  4.3 312.6  0   1.0020 336.0000
1980 297 320  1.5 318.2  0   1.0016 337.2400
1980 297 320  0.3 323.5  0   1.0016 337.2400
1980 304 321  1.9 309.2  0   1.0034 336.6200
1980 304 321  1.1 307.3  0   1.0034 336.6200
1980 311 322  0.4 309.1  0   1.0057 337.0200
1980 311 322  0.8 306.5  0   1.0057 337.0200
1980 318 323  0.3 309.1  2
1980 318 323  5.5 318.9  2   1.0025 337.1600
1980 325 324  0.9 313.1  0   1.0013 337.2200
1980 325 324  0.5 316.3  0   1.0013 337.2200
1980 336 325  5.5 307.4  0   1.0037 337.1400
1980 336 325  0.9 302.2  0   1.0037 337.1400
1980 343 326  1.6 302.9  0   1.0037 337.8000
1980 343 326  0.5 300.3  0   1.0037 337.8000
1980 353 327  1.1 322.2  0   1.0027 338.5000
1980 353 327  0.7 318.8  0   1.0027 338.5000
1980 357 328  0.0 307.7  0   1.0112 337.7300
1980 357 328  1.3 301.7  0   1.0112 337.7300
1980 364 329  1.4 305.7  0   1.0116 338.9100
1980 364 329  4.7 310.4  0   1.0116 338.9100
1981  12 330  1.5 340.2  2
1981  12 330  0.8 397.1  6   1.0069 339.0500
1981  19 331  1.5 306.1  0   1.0048 339.5900
1981  19 331  1.7 306.0  0   1.0048 339.5900
1981  26 332  1.8 304.7  0   1.0016 339.5100
1981  26 332  0.6 306.6  0   1.0016 339.5100
1981  36 333  2.0 309.8  0   1.0041 340.1800
1981  36 333  0.6 315.5  0   1.0041 340.1800
1981  43 334  2.0 312.1  0   1.0068 340.3700
1981  43 334  0.7 313.9  0   1.0068 340.3700
1981  57 335  1.4 313.5  0   1.0033 342.1200
1981  57 335  1.4 312.0  0   1.0033 342.1200
1981  61 336  1.5 348.4  4   1.0025 342.4200
1981  61 336  2.2 385.7  6   1.0025 342.4200
1981  68 337  1.0 313.3  0   1.0067 342.0300
1981  68 337  3.3 315.6  0   1.0067 342.0300
1981  75 338  0.7 332.7  2
1981  75 338  0.8 315.1  2   1.0039 341.9400
1981  85 339  0.7 311.9  0   1.0041 342.2800
1981  85 339  1.9 309.2  0   1.0041 342.2800
1981  92 340  3.6 322.6  0   1.0063 344.6100
1981  92 340  1.0 324.4  0   1.0063 344.6100
1981  99 341  1.0 336.7  2
1981  99 341  2.2 319.7  2   1.0130 342.6300
1981 106 342  2.7 319.6  0   1.0090 341.5100
1981 106 342  0.3 325.7  0   1.0090 341.5100
1981 113 343  0.5 324.8  2
1981 113 343  1.6 335.6  2   1.0145 342.9000
1981 120 344  3.6 328.9  2
1981 120 344  1.5 313.3  2   1.0052 342.5800
1981 127 345  1.0 459.4  4   1.0092 343.6000
1981 127 345  4.3 499.5  6   1.0092 343.6000
1981 134 346  3.0 323.3  0   1.0017 343.0800
1981 134 346  1.5 330.4  0   1.0017 343.0800
1981 141 347  1.8 325.1  2
1981 141 347  0.5 314.1  2   1.0066 342.7100
1981 148 348  2.7 323.6  2
1981 148 348  2.1 347.5  2   1.0034 343.0400
1981 155 349  1.4 329.6  0   1.0067 342.9000
1981 155 349  0.7 320.2  0   1.0067 342.9000
1981 162 350  1.8 337.1  0   1.0139 342.7300
1981 162 350  2.0 339.8  0   1.0139 342.7300
1981 169 351  2.5 319.2  2
1981 169 351  0.0 354.6  6   1.0047 342.5900
1981 176 352  2.4 338.5  0   1.0093 341.7000
1981 176 352  1.7 342.9  0   1.0093 341.7000
1981 183 353  2.8 327.0  2
1981 183 353  0.3 383.4  6   1.0064 340.1600
1981 190 354  0.8 340.0  2
1981 190 354  1.0 328.6  2   1.0040 340.9000
1981 197 355  0.8 337.3  0   1.0103 338.0900
1981 197 355  0.8 339.0  0   1.0103 338.0900
1981 205 356  1.6 322.5  2
1981 205 356  1.9 332.6  2   1.0079 339.4700
1981 211 357  2.4 330.9  0   1.0038 339.1900
1981 211 357  0.2 321.5  0   1.0038 339.1900
1981 218 358  1.9 326.7  0   1.0154 339.6300
1981 218 358  0.2 331.6  0   1.0154 339.6300
1981 223 359  0.5 324.1  2
1981 223 359  3.2 355.6  6   1.0113 338.3400
1981 230 360  0.4 331.9  0   1.0017 338.2900
1981 230 360  1.8 324.5  0   1.0017 338.2900
1981 239 361  5.0 362.2  4   1.0037 337.7300
1981 239 361  3.8 352.5  0   1.0037 337.7300
1981 246 362  1.2 319.6  2
1981 246 362  0.9 329.8  2   1.0042 338.1200
1981 253 363  1.8 334.0  0   1.0070 338.5500
1981 253 363  5.6 328.0  0   1.0070 338.5500
1981 260 364  1.7 321.8  2
1981 260 364  5.5 402.0  6   1.0050 336.9600
1981 267 365  1.1 334.8  0   1.0023 335.5400
1981 267 365  2.2 336.2  0   1.0023 335.5400
1981 274 366  1.1 331.2  0   1.0069 336.2700
1981 274 366  1.7 326.8  0   1.0069 336.2700
1981 281 367  0.9 344.6  0   1.0058 336.4900
1981 281 367  0.4 344.5  0   1.0058 336.4900
1981 288 368  0.6 327.1  2
1981 288 368  1.1 349.6  2   1.0040 337.9000
1981 295 369  0.7 340.0  0   1.0039 337.5900
1981 295 369  0.2 330.7  0   1.0039 337.5900
1981 302 370  2.0 453.1  4   1.0103 338.0400
1981 302 370  2.0 393.5  6   1.0103 338.0400
1981 309 371  2.3 322.4  2
1981 309 371  0.8 355.0  2   1.0093 338.5800
1981 316 372  0.1 334.5  0   1.0034 338.5700
1981 316 372  1.1 326.8  0   1.0034 338.5700
1981 327 373  1.8 327.1  0   1.0062 338.5900
1981 327 373  1.1 336.7  0   1.0062 338.5900
1981 336 374  2.8 341.7  0   1.0029 339.9300
1981 336 374  2.2 343.6  0   1.0029 339.9300
1981 341 375  0.9 327.2  2
1981 341 375  1.1 342.8  2   1.0027 340.1400
1981 355 376  2.8 379.2  4   1.0032 342.9400
1981 355 376  1.5 382.5  4   1.0032 342.9400
1982   7 377  2.2 326.9  2
1982   7 377  3.3 342.9  2   1.0112 340.5800
1982  14 378  1.0 337.0  0   1.0051 340.9300
1982  14 378  0.4 335.8  0   1.0051 340.9300
1982  21 379  2.7 334.7  0   1.0105 340.2600
1982  21 379  3.4 329.9  0   1.0105 340.2600
1982  28 380  2.6 336.5  0   1.0014 341.6000
1982  28 380  1.4 341.1  0   1.0014 341.6000
1982  32 381  2.5 347.0  0   1.0014 341.5200
1982  32 381  0.4 350.3  0   1.0014 341.5200
1982  39 382  1.8 329.4  0   1.0045 341.5200
1982  39 382  3.4 333.0  0   1.0045 341.5200
1982  49 383  0.5 347.9  2
1982  49 383  3.8 377.8  6   1.0024 342.0000
1982  56 384  1.9 331.3  2
1982  56 384  1.4 344.5  2   1.0020 342.6000
1982  63 385  2.7 332.9  0   1.0014 342.6400
1982  63 385  1.2 328.8  0   1.0014 342.6400
1982  70 386  3.3 336.9  0   1.0102 343.0200
1982  70 386  1.5 333.9  0   1.0102 343.0200
1982  74 387  1.2 336.7  0   1.0129 343.0200
1982  74 387  2.8 340.0  0   1.0129 343.0200
1982  81 388  0.4 325.3  0   1.0100 342.8400
1982  81 388  1.0 326.3  0   1.0100 342.8400
1982  91 389  2.3 335.5  0   1.0139 342.8800
1982  91 389  2.6 335.4  0   1.0139 342.8800
1982  98 390  1.6 327.5  0   1.0052 344.0500
1982  98 390  1.3 332.2  0   1.0052 344.0500
1982 102 391  1.7 333.2  0   1.0043 343.5500
1982 102 391  2.6 327.8  0   1.0043 343.5500
1982 109 392  3.9 335.1  0   1.0041 343.1000
1982 109 392  2.0 337.3  0   1.0041 343.1000
1982 116 393  2.0 339.5  0   1.0039 344.6800
1982 116 393  2.4 335.8  0   1.0039 344.6800
1982 123 394  2.1 334.1  0   1.0039 344.0600
1982 123 394  1.4 341.0  0   1.0039 344.0600
1982 130 395  2.8 334.0  0   1.0081 343.6400
1982 130 395  2.3 335.0  0   1.0081 343.6400
1982 137 396  1.0 334.0  0   1.0070 344.2500
1982 137 396  2.3 334.9  0   1.0070 344.2500
1982 145 397  1.9 332.4  0   1.0037 344.2500
1982 145 397  3.8 333.3  0   1.0037 344.2500
1982 152 398  1.8 340.8  0   1.0025 344.2200
1982 152 398  1.0 341.3  0   1.0025 344.2200
1982 158 399  0.2 334.1  0   1.0128 343.1300
1982 158 399  0.6 331.5  0   1.0128 343.1300
1982 165 400  0.8 335.2  0   1.0081 341.3600
1982 165 400  1.7 330.8  0   1.0081 341.3600
1982 172 401  0.9 342.0  0   1.0084 343.3400
1982 172 401  1.8 336.6  0   1.0084 343.3400
1982 179 402  1.1 331.8  0   1.0075 342.7300
1982 179 402  2.4 333.1  0   1.0075 342.7300
1982 195 403  1.7 335.4  0   1.0040 342.0000
1982 200 404  2.2 341.9  0   1.0049 339.9400
1982 200 404  2.9 336.6  0   1.0049 339.9400
1982 203 405  3.9 332.0  0   1.0117 341.5400
1982 203 405  3.8 334.0  0   1.0117 341.5400
1982 209 406  4.6 327.3  0   1.0053 339.2000
1982 209 406  3.7 329.5  0   1.0053 339.2000
1982 214 407  2.5 335.0  0   1.0125 340.4600
1982 214 407  4.5 334.7  0   1.0125 340.4600
1982 221 408  3.0 333.8  0   1.0059 338.7300
1982 221 408  2.5 337.4  0   1.0059 338.7300
1982 228 409  3.5 336.6  0   1.0149 338.3700
1982 228 409  2.1 337.0  0   1.0149 338.3700
1982 235 410  3.2 339.3  0   1.0114 338.2300
1982 235 410  2.1 340.8  0   1.0114 338.2300
1982 242 411  1.0 340.3  0   1.0127 337.5000
1982 242 411  2.7 342.9  0   1.0127 337.5000
1982 256 412  2.0 340.0  0   1.0093 336.4500
1982 256 412  3.8 344.3  0   1.0093 336.4500
1982 263 413  1.7 337.1  0   1.0028 335.7800
1982 263 413  1.5 337.9  0   1.0028 335.7800
1982 270 414  1.7 345.7  0   1.0048 335.6100
1982 270 414  2.3 345.9  0   1.0048 335.6100
1982 277 415  1.8 341.4  0   1.0072 335.2200
1982 277 415  0.8 340.8  0   1.0072 335.2200
1982 287 416  2.1 346.7  0   1.0128 336.2700
1982 287 416  1.1 350.4  0   1.0128 336.2700
1982 291 417  2.1 342.4  0   1.0030 337.8700
1982 291 417  5.0 337.5  0   1.0030 337.8700
1982 298 418  0.6 347.6  0   1.0157 335.6300
1982 298 418  1.3 339.6  0   1.0157 335.6300
1982 305 419  0.9 338.9  0   1.0100 337.6400
1982 305 419  3.2 343.4  0   1.0100 337.6400
1982 312 420  1.7 347.2  0   1.0019 338.1300
1982 312 420  1.5 344.3  0   1.0019 338.1300
1982 319 421  2.2 355.4  0   1.0023 339.2300
1982 319 421  2.2 353.4  0   1.0023 339.2300
1982 329 422  0.5 340.3  0   1.0128 340.1700
1982 329 422  2.3 335.0  0   1.0128 340.1700
1982 333 423  2.0 338.1  0   1.0024 339.3200
1982 333 423  3.4 341.5  0   1.0024 339.3200
1982 340 424  1.7 350.2  0   1.0016 339.5400
1982 340 424  2.1 348.2  0   1.0016 339.5400
1982 350 425  1.7 341.6  0   1.0012 340.9900
1982 350 425  0.4 340.6  0   1.0012 340.9900
1982 354 426  0.4 346.3  0   1.0019 340.8000
1982 354 426  0.4 352.4  0   1.0019 340.8000
1982 364 427  0.4 350.6  0   1.0044 340.2200
1982 364 427  1.0 343.5  0   1.0044 340.2200
1983   3 428  0.9 341.5  0   1.0026 344.4000
1983   3 428  2.0 341.3  0   1.0026 344.4000
1983  10 429  1.6 342.7  0   1.0025 341.7800
1983  10 429  1.9 343.2  0   1.0025 341.7800
1983  17 430  1.6 338.9  0   1.0009 341.5600
1983  17 430  1.9 342.5  0   1.0009 341.5600
1983  24 431  2.0 341.5  0   1.0009 341.0800
1983  24 431  2.3 339.2  0   1.0009 341.0800
1983  31 432  2.5 339.3  0   1.0021 341.8400
1983  31 432  3.0 341.1  0   1.0021 341.8400
1983  38 433  3.3 350.4  0   1.0014 342.3800
1983  38 433  4.1 355.2  0   1.0014 342.3800
1983  45 434  1.7 344.9  0   1.0022 342.4100
1983  45 434  2.0 342.6  0   1.0022 342.4100
1983  55 435  4.6 347.7  0   1.0038 343.3000
1983  55 435  4.4 345.2  0   1.0038 343.3000
1983  59 436  3.1 346.8  0   1.0026 342.9100
1983  59 436  3.3 353.3  0   1.0026 342.9100
1983  66 437  2.7 342.2  0   1.0030 342.3600
1983  66 437  2.8 340.5  0   1.0030 342.3600
1983  77 438  3.9 345.1  0   1.0035 343.9400
1983  77 438  2.8 345.9  0   1.0035 343.9400
1983  80 439  2.7 353.5  0   1.0053 344.5900
1983  80 439  3.3 354.6  0   1.0053 344.5900
1983  87 440  0.5 347.5  0   1.0032 343.6600
1983  87 440  0.9 350.7  0   1.0032 343.6600
1983  94 441  3.3 344.0  0   1.0071 343.3600
1983  94 441  1.6 347.3  0   1.0071 343.3600
1983 101 442  0.8 348.2  0   1.0031 344.4100
1983 101 442  1.0 350.8  0   1.0031 344.4100
1983 108 443  1.6 345.9  0   1.0028 345.4500
1983 108 443  3.9 350.8  0   1.0028 345.4500
1983 115 444  1.0 349.8  0   1.0038 345.1900
1983 115 444  2.4 348.1  0   1.0038 345.1900
1983 129 445  0.8 343.5  0   1.0108 345.9700
1983 129 445  1.8 343.2  0   1.0108 345.9700
1983 136 446  1.4 353.6  0   1.0024 346.2700
1983 136 446  1.6 351.2  0   1.0024 346.2700
1983 143 447  3.0 342.3  2
1983 143 447  4.5 396.4  6   1.0027 344.8300
1983 157 448  4.0 351.3  0   1.0059 346.0600
1983 157 448  2.5 352.8  0   1.0059 346.0600
1983 164 449  3.0 348.2  0   1.0031 344.4400
1983 164 449  2.3 347.2  0   1.0031 344.4400
1983 171 450  2.3 349.8  0   1.0024 343.6000
1983 171 450  3.0 352.1  0   1.0024 343.6000
1983 178 451  1.8 349.6  0   1.0023 344.6400
1983 178 451  2.8 351.6  0   1.0023 344.6400
1983 182 452  2.3 350.9  0   1.0085 344.2600
1983 182 452  1.6 354.7  0   1.0085 344.2600
1983 192 453  4.1 359.4  0   1.0099 342.3500
1983 192 453  2.7 366.1  0   1.0099 342.3500
1983 199 454  1.0 371.1  2
1983 199 454  1.3 350.5  2   1.0113 343.4800
1983 206 455  2.7 353.2  2
1983 206 455  3.1 365.4  2   1.0030 343.1700
1983 213 456  2.6 354.5  2
1983 213 456  1.9 366.4  2   1.0045 341.3600
1983 220 457  1.7 355.0  0   1.0033 342.2900
1983 220 457  4.4 351.8  0   1.0033 342.2900
1983 227 458  3.4 355.2  0   1.0058 340.4700
1983 227 458  1.4 351.4  0   1.0058 340.4700
1983 234 459  1.3 347.2  0   1.0078 339.1300
1983 234 459  3.7 340.7  0   1.0078 339.1300
1983 241 460  4.2 301.7  4   1.0104 338.6100
1983 241 460  1.8 325.6  6   1.0104 338.6100
1983 249 461  2.8 350.1  0   1.0023 338.5500
1983 249 461  1.3 352.1  0   1.0023 338.5500
1983 255 462  2.0 354.7  0   1.0056 337.4500
1983 255 462  0.7 363.9  0   1.0056 337.4500
1983 262 463  1.1 370.6  0   1.0160 340.3200
1983 262 463  3.1 369.0  0   1.0160 340.3200
1983 269 464  0.3 359.0  0   1.0099 339.6400
1983 269 464  0.9 362.8  0   1.0099 339.6400
1983 276 465  1.5 358.8  0   1.0046 339.0600
1983 276 465  3.2 359.7  0   1.0046 339.0600
1983 283 466  4.1 374.4  0   1.0015 340.2300
1983 283 466  2.0 372.7  0   1.0015 340.2300
1983 290 467  0.8 352.6  0   1.0019 339.6700
1983 290 467  2.5 358.0  0   1.0019 339.6700
1983 297 468  1.1 362.2  0   1.0075 340.1600
1983 297 468  2.1 364.7  0   1.0075 340.1600
1983 304 469  0.8 356.0  0   1.0009 341.1500
1983 304 469  1.3 355.2  0   1.0009 341.1500
1983 311 470  0.5 369.6  0   1.0025 340.7900
1983 311 470  0.7 373.2  0   1.0025 340.7900
1983 318 471  1.2 366.7  0   1.0022 341.0900
1983 318 471  2.5 364.2  0   1.0022 341.0900
1983 325 472  0.8 367.8  0   1.0012 349.0600
1983 325 472  4.2 368.0  0   1.0012 349.0600
1983 332 473  0.8 361.8  0   1.0040 342.0600
1983 332 473  1.1 361.3  0   1.0040 342.0600
1983 339 474  3.1 344.3  2
1983 339 474  2.0 356.2  2   1.0058 342.2100
1983 346 475  0.7 353.5  0   1.0053 342.2900
1983 346 475  2.3 343.9  0   1.0053 342.2900
1983 353 476  0.3 364.7  0   1.0037 343.6200
1983 353 476  2.8 370.5  0   1.0037 343.6200
1983 363 477  2.5 366.0  0   1.0046 343.9700
1983 363 477  3.0 367.4  0   1.0046 343.9700
1984   3 478  4.1 342.7  2
1984   3 478  0.8 357.5  2   1.0024 343.5900
1984   9 479  1.5 361.0  0   1.0034 344.0300
1984   9 479  1.4 361.0  0   1.0034 344.0300
1984  16 480  1.8 358.0  0   1.0028 343.9400
1984  16 480  1.4 360.3  0   1.0028 343.9400
1984  23 481  0.9 363.6  0   1.0105 344.4300
1984  23 481  4.0 363.8  0   1.0105 344.4300
1984  30 482  0.6 362.2  0   1.0026 344.3600
1984  30 482  0.3 368.8  0   1.0026 344.3600
1984  37 483  0.3 364.9  0   1.0011 344.9300
1984  37 483  1.0 373.6  0   1.0011 344.9300
1984  44 484  2.6 367.8  0   1.0040 344.5800
1984  44 484  1.4 375.2  0   1.0040 344.5800
1984  54 485  1.1 369.1  0   1.0040 345.4300
1984  54 485  0.5 371.3  0   1.0040 345.4300
1984  58 486  1.4 369.9  0   1.0012 344.9300
1984  58 486  0.7 369.8  0   1.0012 344.9300
1984  65 487  0.7 356.9  0   1.0015 345.0000
1984  65 487  1.0 358.7  0   1.0015 345.0000
1984  72 488  2.6 357.5  0   1.0026 344.6400
1984  72 488  2.0 359.7  0   1.0026 344.6400
1984  79 489  2.7 356.5  0   1.0040 345.4800
1984  79 489  0.8 347.6  0   1.0040 345.4800
1984  97 490  0.0 406.3  4   1.0040 346.4000
1984  97 490  0.0 389.2  2   1.0040 346.4000
1984  97 491  0.0 366.0  0   1.0117 346.4000
1984  97 491  0.0 360.4  0   1.0117 346.4000
1984 100 492  0.7 367.0  0   1.0040 345.7000
1984 100 492  2.0 362.9  0   1.0040 345.7000
1984 101 493  0.0 380.0  0   1.0095 345.7000
1984 101 493  0.0 375.9  0   1.0095 345.7000
1984 109 494  2.2 369.6  0   1.0096 346.4000
1984 109 494  0.6 370.2  0   1.0096 346.4000
1984 114 495  2.1 376.3  0   1.0040 346.7000
1984 114 495  3.2 373.8  0   1.0040 346.7000
1984 116 496  1.8 379.7  0   1.0098 347.5000
1984 116 496  2.2 372.6  0   1.0098 347.5000
1984 121 497  2.0 369.7  0   1.0040 347.2500
1984 121 497  1.4 371.9  0   1.0040 347.2500
1984 128 498  1.3 366.0  0   1.0019 347.0200
1984 128 498  3.4 369.3  0   1.0019 347.0200
1984 135 499  0.9 374.7  0   1.0048 347.7000
1984 135 499  0.9 375.6  0   1.0048 347.7000
1984 145 500  1.5 373.5  0   1.0102 346.7300
1984 145 500  2.3 368.5  0   1.0102 346.7300
1984 152 501  1.5 375.7  0   1.0029 347.5700
1984 152 501  0.9 374.3  0   1.0029 347.5700
1984 156 502  0.6 375.8  0   1.0020 347.0800
1984 156 502  0.4 368.8  0   1.0020 347.0800
1984 163 503  1.4 377.6  0   1.0029 347.0900
1984 163 503  0.6 376.5  0   1.0029 347.0900
1984 170 504  2.1 383.5  0   1.0047 346.5100
1984 170 504  2.2 374.7  0   1.0047 346.5100
1984 177 505  1.6 376.6  0   1.0007 346.0800
1984 177 505  2.1 371.8  0   1.0007 346.0800
1984 187 506  5.2 405.0  2
1984 187 506  2.9 379.6  2   1.0081 345.8700
1984 191 507  1.2 380.2  0   1.0158 346.6200
1984 191 507  3.0 380.7  0   1.0158 346.6200
1984 198 508  0.3 385.4  0   1.0082 343.4700
1984 198 508  1.3 379.5  0   1.0082 343.4700
1984 205 509  3.0 375.6  0   1.0098 344.1100
1984 205 509  2.6 381.5  0   1.0098 344.1100
1984 215 510  2.1 383.1  0   1.0121 341.6100
1984 215 510  1.6 380.3  0   1.0121 341.6100
1984 219 511  3.8 376.9  0   1.0017 344.2900
1984 219 511  1.0 382.2  0   1.0017 344.2900
1984 226 512  1.9 382.0  0   1.0093 342.3800
1984 234 513  1.6 387.4  2
1984 234 513  3.1 377.0  2   1.0089 342.2000
1984 241 514  5.4 373.2  0   1.0062 340.0700
1984 248 515  1.4 384.2  8   1.0046 340.1800
1984 248 515  0.3 383.5  8   1.0046 340.1800
1984 254 516  2.7 391.6  8   1.0055 340.7600
1984 254 516  3.1 390.0  8   1.0055 340.7600
1984 261 517  3.3 388.5  8   1.0038 340.9100
1984 261 517  1.4 389.3  8   1.0038 340.9100
1984 268 518  2.2 397.0  8   1.0028 340.6700
1984 268 518  0.4 396.2  8   1.0028 340.6700
1984 275 519  2.0 395.4  8   1.0073 340.3600
1984 275 519  2.2 386.4  8   1.0073 340.3600
1984 284 520  4.3 403.1  8   1.0040 340.8500
1984 284 520  2.5 390.5 10   1.0040 340.8500
1984 289 521  0.5 397.3  8   1.0043 340.5500
1984 289 521  2.0 402.0  8   1.0043 340.5500
1984 296 522  1.5 389.5  8   1.0054 342.0500
1984 296 522  2.2 391.7  8   1.0054 342.0500
1984 303 523  2.5 400.8  8   1.0067 341.5800
1984 303 523  3.4 399.3  8   1.0067 341.5800
1984 310 524  2.5 399.3  8   1.0018 341.9900
1984 310 524  1.4 390.3  8   1.0018 341.9900
1984 314 525  0.7 416.9 12   1.0019 342.7100
1984 314 525  0.6 414.7 12   1.0019 342.7100
1984 324 526  3.7 403.6  8   1.0149 343.1300
1984 324 526  1.5 399.7  8   1.0149 343.1300
1984 331 527  2.9 412.7 12   1.0155 343.8600
1984 331 527  1.4 408.2  8   1.0155 343.8600
1984 338 528  3.8 393.5  8   1.0021 342.4300
1984 338 528  2.9 384.3  8   1.0021 342.4300
1984 345 529  8.3 424.4 13   1.0010 344.7500
1984 345 529  7.7 410.0 11   1.0010 344.7500
1984 352 530  1.9 416.4 12   1.0017 344.3500
1984 352 530  2.7 406.5 10   1.0017 344.3500
1984 363 531  2.0 404.1  8   1.0060 344.3400
1984 363 531  1.2 403.7  8   1.0060 344.3400
1985   8 532  2.4 417.9 12   1.0014 344.8800
1985   8 532  1.6 399.9 10   1.0014 344.8800
1985  15 533  3.7 414.2  8   1.0005 345.3700
1985  15 533  0.9 424.8 14   1.0005 345.3700
1985  21 534  2.7 500.6 12   1.0021 345.3300
1985  21 534  2.5 486.4 14   1.0021 345.3300
1985  28 535  3.6 400.3  8   1.0019 344.8900
1985  28 535  2.6 392.8  8   1.0019 344.8900
1985  35 536  1.8 423.0 12   1.0036 344.7600
1985  35 536  3.4 427.0 12   1.0036 344.7600
1985  42 537  1.7 411.9  8   1.0078 343.6800
1985  42 537  0.6 403.3  8   1.0078 343.6800
1985  52 538  2.8 417.0  4   1.0045 345.8900
1985  52 538  1.7 402.8  2   1.0045 345.8900
1985  56 539  0.8 374.2  0   1.0050 346.5000
1985  56 539  2.4 376.2  0   1.0050 346.5000
1985  67 540  3.3 381.0  0   1.0099 347.6300
1985  67 540  0.8 376.3  0   1.0099 347.6300
1985  70 541  0.8 379.2  0   1.0121 347.6900
1985  70 541  0.8 377.9  0   1.0121 347.6900
1985  77 542  0.7 377.0  0   1.0006 347.8100
1985  77 542  2.6 376.7  0   1.0006 347.8100
1985  84 543  2.3 372.5  0   1.0008 349.1600
1985  84 543  1.8 377.1  0   1.0008 349.1600
1985  91 544  2.0 399.6  2
1985  91 544  0.9 385.9  2   1.0039 346.6900
1985  98 545  1.3 372.3  0   1.0086 346.3600
1985  98 545  0.8 371.6  0   1.0086 346.3600
1985 105 546  0.4 372.6  0   1.0108 347.3600
1985 105 546  2.2 373.2  0   1.0108 347.3600
1985 113 547  4.01023.3  4   1.0075 347.5200
1985 113 547  2.01023.3  4   1.0075 347.5200
1985 120 548  0.6 373.1  0   1.0034 348.4300
1985 120 548  1.7 372.9  0   1.0034 348.4300
1985 126 549  0.4 378.9  0   1.0053 347.8700
1985 126 549  1.2 378.0  0   1.0053 347.8700
1985 133 550  0.4 373.3  0   1.0023 348.9500
1985 133 550  1.8 373.0  0   1.0023 348.9500
1985 140 551  4.9 389.2  0   1.0026 349.5400
1985 140 551  4.4 387.5  0   1.0026 349.5400
1985 149 552  2.5 468.8  4   1.0022 349.1200
1985 149 552  2.3 403.3  2   1.0022 349.1200
1985 154 553  1.2 394.4  0   1.0116 348.9700
1985 154 553  0.5 388.2  0   1.0116 348.9700
1985 161 554  1.2 390.9  0   1.0102 347.6700
1985 161 554  0.5 390.6  0   1.0102 347.6700
1985 168 555  3.8 394.5  0   1.0041 348.1000
1985 168 555  2.3 392.0  0   1.0041 348.1000
1985 175 556  1.1 383.1  0   1.0081 348.1900
1985 175 556  2.0 375.3  0   1.0081 348.1900
1985 182 557  1.0 381.9  2
1985 182 557  3.0 371.7  2   1.0040 346.1000
1985 189 558  1.6 375.4  0   1.0082 346.6600
1985 189 558  1.4 377.1  0   1.0082 346.6600
1985 196 559  1.9 380.1  0   1.0082 346.0300
1985 196 559  3.8 374.9  0   1.0082 346.0300
1985 203 560  2.9 381.9  0   1.0116 343.7500
1985 203 560  0.9 384.1  0   1.0116 343.7500
1985 210 561  2.9 377.8  0   1.0006 346.0700
1985 217 562  2.2 380.4  0   1.0010 343.4000
1985 217 562  2.0 378.2  0   1.0010 343.4000
1985 224 563  2.3 382.6  0   1.0084 343.6400
1985 224 563  1.3 380.6  0   1.0084 343.6400
1985 231 564  3.6 373.6  0   1.0094 344.1600
1985 231 564  0.9 380.0  0   1.0094 344.1600
1985 238 565  3.0 380.6  0   1.0144 343.0700
1985 238 565  1.1 384.0  0   1.0144 343.0700
1985 246 566  2.2 393.2  0   1.0165 341.8100
1985 246 566  0.1 390.2  0   1.0165 341.8100
1985 252 567  1.1 383.5  0   1.0105 342.0400
1985 252 567  0.1 383.7  0   1.0105 342.0400
1985 259 568  1.7 400.5  0   1.0039 343.4900
1985 259 568  1.4 403.0  0   1.0039 343.4900
1985 266 569  0.5 393.8  0   1.0138 341.4700
1985 266 569  0.4 396.9  0   1.0138 341.4700
1985 273 570  0.4 398.2  0   1.0040 342.1200
1985 273 570  0.7 399.3  0   1.0040 342.1200
1985 280 571  0.7 394.0  0   1.0073 342.4500
1985 280 571  1.1 394.4  0   1.0073 342.4500
1985 289 572  1.5 397.0  0   1.0117 342.8900
1985 289 572  1.6 395.9  0   1.0117 342.8900
1985 294 573  1.6 394.2  2
1985 294 573  0.2 421.0  2   1.0134 343.1000
1985 301 574  2.8 409.3  0   1.0032 343.1200
1985 301 574  1.8 407.3  0   1.0032 343.1200
1985 308 575  0.5 396.2  0   1.0061 343.3400
1985 308 575  1.4 397.9  0   1.0061 343.3400
1985 312 576  4.7 374.1  2
1985 312 576  6.5 385.0  3   1.0073 343.5300
1985 322 577  4.0 391.1  0   1.0106 344.0400
1985 322 577  0.8 391.2  0   1.0106 344.0400
1985 329 578  3.6 403.6  2
1985 329 578  2.2 392.1  2   1.0060 343.8100
1985 336 579  0.3 401.7  0   1.0128 344.5800
1985 336 579  0.8 403.2  0   1.0128 344.5800
1985 343 580  1.2 401.1  0   1.0071 344.7200
1985 343 580  0.6 399.1  0   1.0071 344.7200
1985 350 581  0.8 397.3  0   1.0027 345.4900
1985 350 581  0.2 402.1  0   1.0027 345.4900
1985 357 582  0.2 428.6  2
1985 357 582  0.4 417.5  2   1.0127 343.9000
1985 364 583  0.8 404.1  0   1.0014 346.7300
1985 364 583  0.7 400.4  0   1.0014 346.7300
1986   6 584  2.3 399.2  0   1.0023 345.9600
1986   6 584  1.2 405.4  0   1.0023 345.9600
1986  13 585  0.3 393.4  0   1.0025 345.4400
1986  13 585  1.4 392.4  0   1.0025 345.4400
1986  22 586  1.5 402.6  0   1.0073 346.1100
1986  22 586  0.9 400.4  0   1.0073 346.1100
1986  27 587  0.3 395.2  0   1.0011 346.0200
1986  27 587  1.5 402.5  0   1.0011 346.0200
1986  34 588  1.5 393.4  0   1.0034 346.0700
1986  34 588  0.3 395.1  0   1.0034 346.0700
1986  41 589  0.6 428.9  0   1.0037 346.8700
1986  41 589  6.8 423.9  1   1.0037 346.8700
1986  49 590  1.0 398.2  0   1.0029 347.3300
1986  55 591  1.3 398.1  0   1.0050 347.2400
1986  55 591  0.7 396.4  0   1.0050 347.2400
1986  62 592  3.1 399.6  0   1.0039 347.1300
1986  62 592  0.2 397.8  0   1.0039 347.1300
1986  69 593  0.3 400.6  0   1.0097 345.3400
1986  69 593  1.2 397.1  0   1.0097 345.3400
1986  76 594  3.0 403.8  0   1.0091 347.1200
1986  76 594  0.7 403.8  0   1.0091 347.1200
1986  83 595  3.6 414.0  0   1.0128 348.4700
1986  83 595  4.4 411.6  0   1.0128 348.4700
1986  90 596  0.4 406.9  0   1.0047 348.4900
1986  90 596  0.5 404.1  0   1.0047 348.4900
1986 104 598  3.9 407.9  0   1.0097 349.5000
1986 104 598  4.0 410.3  0   1.0097 349.5000
1986 111 599  1.6 412.0  0   1.0052 349.2500
1986 111 599  1.4 406.6  0   1.0052 349.2500
1986 118 600  1.2 401.6  0   1.0086 349.8200
1986 118 600  2.5 402.5  0   1.0086 349.8200
1986 125 601  3.4 404.7  0   1.0104 349.7200
1986 125 601  2.6 404.3  0   1.0104 349.7200
1986 132 602  1.2 404.9  0   1.0097 349.6500
1986 132 602  0.9 405.3  0   1.0097 349.6500
1986 139 603  2.2 405.4  0   1.0108 348.3000
1986 139 603  2.3 406.8  0   1.0108 348.3000
1986 147 604  2.7 413.2  0   1.0122 350.9400
1986 147 604  0.4 410.3  0   1.0122 350.9400
1986 153 605  1.0 407.3  0   1.0110 350.2800
1986 153 605  7.9 410.0  1   1.0110 350.2800
1986 160 606  0.7 408.5  0   1.0106 349.2900
1986 167 607  0.5 407.0  0   1.0014 349.3200
1986 167 607  2.1 414.2  0   1.0014 349.3200
1986 174 608  1.2 416.4  0   1.0029 349.1500
1986 181 609  0.2 402.3  0   1.0008 348.6900
1986 181 609  0.5 406.8  0   1.0008 348.6900
1986 188 610  2.9 399.5  0   1.0039 348.2800
1986 188 610  0.8 403.7  0   1.0039 348.2800
1986 195 611  1.0 403.4  2
1986 195 611  5.8 413.7  2   1.0113 347.5800
1986 202 612  3.5 406.4  0   1.0138 347.4800
1986 202 612  1.6 410.2  0   1.0138 347.4800
1986 209 613  2.3 410.3  0   1.0130 344.6600
1986 209 613  1.2 408.3  0   1.0130 344.6600
1986 216 614  2.4 411.6  0   1.0102 345.7700
1986 216 614  3.6 418.3  0   1.0102 345.7700
1986 223 615  3.7 415.9  0   1.0058 345.0000
1986 223 615  0.3 411.1  0   1.0058 345.0000
1986 230 616  0.4 419.0  0   1.0099 344.6200
1986 230 616  1.7 414.7  0   1.0099 344.6200
1986 237 617  3.5 411.2  0   1.0079 345.8300
1986 237 617  0.1 408.6  0   1.0079 345.8300
1986 241 618  1.2 406.4  0   1.0129 344.6100
1986 241 618  1.0 406.6  0   1.0129 344.6100
1986 251 619  0.3 411.0  0   1.0145 345.1200
1986 258 620  0.8 417.6  0   1.0094 344.5100
1986 258 620  2.0 414.9  0   1.0094 344.5100
1986 265 621  1.9 417.7  0   1.0138 342.4400
1986 265 621  0.8 418.5  0   1.0138 342.4400
1986 272 622  1.6 410.6  0   1.0145 344.2200
1986 272 622  0.7 412.9  0   1.0145 344.2200
1986 279 623  0.5 426.6  0   1.0074 342.8500
1986 279 623  1.7 427.0  0   1.0074 342.8500
1986 290 624  1.3 420.6  0   1.0123 343.2300
1986 290 624  2.0 422.6  0   1.0123 343.2300
1986 293 625  1.7 429.6  0   1.0153 344.0100
1986 293 625  2.1 420.5  0   1.0153 344.0100
1986 300 626  0.5 424.7  0   1.0132 343.8900
1986 300 626  1.0 424.6  0   1.0132 343.8900
1986 307 627  2.6 424.2  0   1.0076 344.7700
1986 307 627  0.1 426.5  0   1.0076 344.7700
1986 314 628  1.4 417.6  0   1.0155 344.8700
1986 314 628  0.9 422.2  0   1.0155 344.8700
1986 321 629  1.4 424.6  0   1.0040 344.7000
1986 321 629  0.6 420.8  0   1.0040 344.7000
1986 328 630  1.1 422.9  0   1.0063 344.7100
1986 328 630  0.9 424.1  0   1.0063 344.7100
1986 335 631  1.8 429.0  2
1986 335 631  0.7 418.5  2   1.0032 346.1600
1986 342 632  0.6 423.2  0   1.0041 345.6700
1986 342 632  1.1 421.7  0   1.0041 345.6700
1986 349 633  0.9 418.6  0   1.0046 345.9100
1986 349 633  1.7 424.8  0   1.0046 345.9100
1986 358 634  1.6 423.2  0   1.0058 345.6300
1986 358 634  0.9 424.0  0   1.0058 345.6300
1986 363 635  1.1 433.4  2
1986 363 635  0.6 423.5  2   1.0071 346.4600
