WEEKLY (ROUGHLY) NITROUS OXIDE READINGS AT MAUNA LOA (HAWAII) 1/77 TO 12/86
JIM ELKINS (NOAA) FTS 320-6224    JIM'S NAME FOR FILE = MLON2O_WK.DAT
NUMBER OF OBSERVATIONS = 939
RESPONSE VARIABLE = MEAN NITROUS OXIDE CONCENTRATION (IN PARTS PER ???)
ORDER OF VARIABLES ON A LINE IMAGE--
   1. YEAR (1977 TO 1986)
   2. DAY OF YEAR (1 TO 365)
   3. SAMPLE BOTTLE (OF ONLY MINOR INTEREST)
   4. STANDARD DEVIATION (OVER 3 OBSERVATIONS)
   5. MEAN (OVER 3 OBSERVATIONS) NITROUS OXIDE CONCENTRATION (PP?)
   6. VALIDITY FLAG (ONLY USE DATA WITH FLAG = 0)
   7. WATER VAPOR
   8. CO2
NOTE--ONLY USE DATA WITH VALIDTY FLAG = 0
      POLLUTION = COMBINATION OF HIGH CO2 AND HIGH FREON
                  WHEN FREON HIGH, EXPECT HIGH CO2 (POLLUTION)
                  CO2 COMES FROM COMBUSITON OF FOSSIL FUELS
                  FREON COME FROM AIR CONDITIONS
      AT MOST SITES, THERE SHOULD BE A SEASONAL EFFECT FOR CO2
      AT POINT BARROW, THERE IS ALSO A SEASONAL EFFECT FOR FREON-11
QUESTIONS--
   TRENDS AND CYCLES OVER TIME?
   RELATIONSHIP BETWEEN FREON AND WATER VAPOR?
   RELATIONSHIP BETWEEN FREON AND CO2?
   SAME PATTERNS AT ALL 5 SITES?
1977   6 138  0.0   0.0 52   1.0014 -99.9900
1977  11 139  0.0   0.0 52   1.0011 -99.9900
1977  19 140  0.0   0.0 52   1.0012 -99.9900
1977  24 141  0.0   0.0 52   1.0011 -99.9900
1977  35 142  0.0   0.0 52   1.0024 -99.9900
1977  45 143  0.0   0.0 52   1.0018 -99.9900
1977  54 144  0.0   0.0 52   1.0022 -99.9900
1977  59 145  0.0   0.0 52   1.0029 -99.9900
1977  68 146  0.0   0.0 52   1.0015 -99.9900
1977  75 147  0.0   0.0 52   1.0018 -99.9900
1977  80 148  0.0   0.0 52   1.0012 -99.9900
1977  94 149  0.0   0.0 52   1.0057 -99.9900
1977 103 150  0.0   0.0 52   1.0012 -99.9900
1977 109 151  0.0   0.0 52   1.0017 -99.9900
1977 116 152  0.0   0.0 52   1.0054 -99.9900
1977 122 153  0.0   0.0 52   1.0019 -99.9900
1977 130 154  0.0   0.0 52   1.0046 -99.9900
1977 136 155  0.0   0.0 52   1.0017 -99.9900
1977 144 156  0.0   0.0 52   1.0013 -99.9900
1977 151 157  0.0   0.0 52   1.0015 -99.9900
1977 157 158  0.0   0.0 52   1.0038 -99.9900
1977 167 159  0.0   0.0 52   1.0021 -99.9900
1977 173 160  7.6 298.6 33   1.0028 336.8500
1977 181 161  2.9 323.5 36   1.0077 335.5800
1977 187 162  8.4 305.3 33   1.0054 334.8000
1977 194 163  7.5 315.2 37   1.0030 335.1900
1977 200 164  6.6 304.6 33   1.0074 334.1000
1977 208 165  2.1 313.7 36   1.0050 333.7000
1977 215 166  1.9 309.6 36   1.0064 333.0400
1977 223 167 16.2 295.9 33   1.0027 331.2900
1977 237 168 11.9 395.2 21   1.0046 -99.9900
1977 237 168  6.2 397.7 21   1.0046 -99.9900
1977 258 171  2.9 304.2  0   1.0101 330.1200
1977 258 171  4.0 305.9  1   1.0101 330.1200
1977 263 172  8.4 302.6  1   1.0063 330.2400
1977 263 172 11.2 310.0  7   1.0063 330.2400
1977 271 173  0.8 301.2  0   1.0012 330.9300
1977 271 173  2.5 299.6  0   1.0012 330.9300
1977 279 174  4.0 373.7 21   1.0023 -99.9900
1977 279 174  6.7 372.9 21   1.0023 -99.9900
1977 286 175  1.5 301.6  0   1.0080 332.1200
1977 286 175  3.6 304.1  0   1.0080 332.1200
1977 292 176  6.0 296.0  1   1.0023 331.1500
1977 292 176  3.7 296.7  0   1.0023 331.1500
1977 308 177 10.7 303.9  1   1.0072 331.4500
1977 308 177 11.9 309.2  5   1.0072 331.4500
1977 314 178  3.3 304.2  2
1977 314 178  6.7 292.0  3   1.0030 330.8700
1977 321 179  2.0 296.8  0   1.0040 332.6700
1977 321 179  1.4 300.0  0   1.0040 332.6700
1977 328 180  3.4 299.8  0   1.0035 332.7300
1977 328 180  8.8 295.8  1   1.0035 332.7300
1977 342 181  5.0 300.9  1   1.0061 333.1200
1977 342 181 13.5 294.2  3   1.0061 333.1200
1977 349 182  5.2 298.8  1   1.0046 333.3000
1977 349 182  3.6 300.7  0   1.0046 333.3000
1977 356 183  2.3 302.7  0   1.0010 333.8400
1977 356 183  2.1 303.4  0   1.0010 333.8400
1977 363 184  7.3 302.7  1   1.0061 334.1600
1977 363 184  4.9 303.4  1   1.0061 334.1600
1978   5 185  4.5 297.6  1   1.0016 335.1100
1978   5 185  3.5 301.5  0   1.0016 335.1100
1978  12 186  1.4 303.1  0   1.0016 335.2100
1978  12 186  1.1 302.0  0   1.0016 335.2100
1978  19 187  7.0 294.7  1   1.0018 335.4100
1978  19 187  2.2 297.7  0   1.0018 335.4100
1978  26 188  5.9 300.6  1   1.0054 334.0300
1978  26 188  3.7 304.1  0   1.0054 334.0300
1978  33 189  1.6 300.4  0   1.0026 335.3500
1978  33 189  4.8 298.0  1   1.0026 335.3500
1978  40 190  1.8 295.1  2
1978  40 190  3.7 315.7  6   1.0008 334.6500
1978  47 191  7.1 300.7  1   1.0040 335.3200
1978  47 191  2.4 301.8  0   1.0040 335.3200
1978  54 192  2.0 299.2  0   1.0050 335.8400
1978  54 192  0.4 299.9  0   1.0050 335.8400
1978  62 193  3.6 302.6  0   1.0009 336.6900
1978  62 193  2.0 302.0  0   1.0009 336.6900
1978  69 194  2.6 302.7  0   1.0010 335.9800
1978  69 194  3.3 304.7  0   1.0010 335.9800
1978  76 195  2.5 303.7  0   1.0044 337.1000
1978  76 195  1.2 307.8  4   1.0044 337.1000
1978  83 196  1.3 300.7  0   1.0014 337.0500
1978  83 196  0.5 301.8  0   1.0014 337.0500
1978  97 197  1.1 300.2  0   1.0027 337.3300
1978  97 197  1.1 301.4  0   1.0027 337.3300
1978 103 198  2.0 299.0  0   1.0010 337.4800
1978 103 198  1.5 299.2  0   1.0010 337.4800
1978 111 199  4.9 300.9  1   1.0046 336.6400
1978 111 199  3.2 298.7  0   1.0046 336.6400
1978 117 200  2.3 298.1  0   1.0035 338.0700
1978 117 200  1.7 301.4  0   1.0035 338.0700
1978 124 201  1.1 294.9  0   1.0015 338.1500
1978 124 201  1.2 299.3  0   1.0015 338.1500
1978 131 202  0.8 299.9  0   1.0017 337.9400
1978 131 202  1.2 300.9  0   1.0017 337.9400
1978 138 203  0.9 300.1  0   1.0014 337.0900
1978 138 203  1.1 298.3  0   1.0014 337.0900
1978 145 204  1.5 296.8  0   1.0014 337.8700
1978 145 204  2.3 297.8  0   1.0014 337.8700
1978 152 205  3.3 300.3  0   1.0014 338.9000
1978 152 205  0.9 298.6  0   1.0014 338.9000
1978 166 206  1.9 297.5  0   1.0019 337.5600
1978 166 206  1.0 299.0  0   1.0019 337.5600
1978 172 207  1.3 301.0  0   1.0078 336.6800
1978 172 207  2.5 300.8  0   1.0078 336.6800
1978 180 208  0.5 301.3  0   1.0096 337.3000
1978 180 208  0.8 300.2  0   1.0096 337.3000
1978 187 209  1.4 296.9  0   1.0013 336.4000
1978 187 209  1.4 297.9  0   1.0013 336.4000
1978 194 210  0.7 298.3  0   1.0015 336.1700
1978 194 210  2.5 299.3  0   1.0015 336.1700
1978 208 212  0.8 301.0  0   1.0034 335.4900
1978 208 212  0.7 302.8  0   1.0034 335.4900
1978 215 213  1.9 301.6  0   1.0046 334.4700
1978 215 213  1.0 301.8  0   1.0046 334.4700
1978 229 214  0.8 296.2  0   1.0013 332.6700
1978 229 214  0.2 296.6  0   1.0013 332.6700
1978 236 215  0.8 300.3  0   1.0015 332.3900
1978 236 215  0.9 299.5  0   1.0015 332.3900
1978 243 216  1.0 299.2  0   1.0014 333.4100
1978 243 216  0.3 300.8  0   1.0014 333.4100
1978 250 217  0.8 300.9  0   1.0035 330.8700
1978 250 217  0.9 301.8  0   1.0035 330.8700
1978 257 218  1.6 299.4  0   1.0015 331.2700
1978 257 218  0.8 300.7  0   1.0015 331.2700
1978 264 219  1.2 300.3  0   1.0015 331.2500
1978 264 219  1.4 300.6  0   1.0015 331.2500
1978 271 220  0.9 300.8  0   1.0024 330.8800
1978 271 220  0.9 299.7  0   1.0024 330.8800
1978 276 221  0.1 300.7  0   1.0017 329.1700
1978 276 221  0.8 299.8  0   1.0017 329.1700
1978 284 222  1.3 300.1  0   1.0014 332.1000
1978 284 222  0.7 299.9  0   1.0014 332.1000
1978 292 223  1.6 299.8  0   1.0012 332.5200
1978 292 223  1.1 300.4  0   1.0012 332.5200
1978 299 224  0.9 300.5  0   1.0014 331.5800
1978 310 225  1.1 299.5  0   1.0011 333.8300
1978 310 225  1.2 303.1  0   1.0011 333.8300
1978 313 226  0.4 299.3  0   1.0035 332.5200
1978 313 226  1.2 301.5  0   1.0035 332.5200
1978 320 227  1.8 300.4  0   1.0012 331.3700
1978 334 228  1.2 299.8  0   1.0015 333.8000
1978 334 228  0.6 299.5  0   1.0015 333.8000
1978 341 229  0.9 300.9  0   1.0012 334.6600
1978 341 229  0.9 298.7  0   1.0012 334.6600
1978 344 230  0.7 301.0  0   1.0015 334.3500
1978 344 230  1.0 300.9  0   1.0015 334.3500
1978 355 231  2.5 300.3  0   1.0009 335.2800
1978 355 231  0.6 298.5  0   1.0009 335.2800
1978 362 232  0.7 300.4  0   1.0013 335.8100
1978 362 232  1.2 301.4  0   1.0013 335.8100
1979   4 233  0.7 300.4  0   1.0013 334.9400
1979   4 233  0.5 301.9  0   1.0013 334.9400
1979  18 234  1.7 301.6  0   1.0015 336.4700
1979  18 234  1.8 299.6  0   1.0015 336.4700
1979  25 235  2.6 301.9  0   1.0013 336.5800
1979  25 235  0.6 299.9  0   1.0013 336.5800
1979  32 236  3.4 292.2  2
1979  32 236  1.3 299.0  2   1.0009 336.8800
1979  39 237  0.8 301.5  0   1.0036 336.8500
1979  39 237  0.8 301.7  0   1.0036 336.8500
1979  46 238  0.8 301.5  0   1.0048 336.6000
1979  46 238  2.1 301.5  0   1.0048 336.6000
1979  53 239  0.5 301.0  0   1.0065 335.8400
1979  53 239  2.5 299.4  0   1.0065 335.8400
1979  60 240  3.1 302.7  0   1.0059 335.5000
1979  60 240  1.5 305.0  0   1.0059 335.5000
1979  67 241  1.0 301.2  0   1.0021 337.0800
1979  67 241  1.8 301.5  0   1.0021 337.0800
1979  74 242  1.8 299.8  0   1.0018 338.1200
1979  74 242  1.8 301.8  0   1.0018 338.1200
1979  81 243  2.6 300.6  0   1.0015 338.2000
1979  81 243  1.0 299.8  0   1.0015 338.2000
1979  89 244  0.6 301.4  0   1.0014 339.2700
1979  89 244  1.6 301.1  0   1.0014 339.2700
1979  96 245  1.9 301.3  0   1.0093 337.2800
1979  96 245  0.8 304.1  0   1.0093 337.2800
1979 103 246  2.3 301.3  0   1.0043 337.7000
1979 103 246  0.8 302.1  0   1.0043 337.7000
1979 110 247  3.1 298.3  0   1.0047 338.2400
1979 110 247  2.6 301.1  0   1.0047 338.2400
1979 117 248  4.1 297.6  1   1.0007 338.1000
1979 117 248  2.1 301.5  0   1.0007 338.1000
1979 123 249  3.2 301.0  0   1.0031 338.0400
1979 123 249  1.8 300.4  0   1.0031 338.0400
1979 130 250  3.0 300.8  0   1.0049 338.7700
1979 130 250  1.7 302.7  0   1.0049 338.7700
1979 137 251  3.8 302.4  0   1.0071 338.1700
1979 137 251  2.7 300.4  0   1.0071 338.1700
1979 144 252  2.0 299.6  0   1.0038 339.2000
1979 144 252  1.1 302.4  0   1.0038 339.2000
1979 151 253  2.0 301.6  0   1.0024 336.1900
1979 151 253  0.9 301.3  0   1.0024 336.1900
1979 165 254  1.3 300.8  0   1.0024 338.1700
1979 165 254  1.9 299.7  0   1.0024 338.1700
1979 172 255  0.5 302.0  0   1.0028 338.8700
1979 172 255  0.4 301.2  0   1.0028 338.8700
1979 186 257  1.2 301.5  0   1.0034 338.1700
1979 186 257  0.6 300.6  0   1.0034 338.1700
1979 193 258  0.1 303.4  0   1.0083 337.0700
1979 193 258  1.7 301.9  0   1.0083 337.0700
1979 200 259  0.9 301.3  0   1.0018 336.0800
1979 200 259  1.1 300.4  0   1.0018 336.0800
1979 207 260  1.7 297.9  0   1.0035 332.6900
1979 207 260  0.9 301.5  0   1.0035 332.6900
1979 212 261  0.4 303.2  0   1.0029 336.7400
1979 212 261  0.7 301.3  0   1.0029 336.7400
1979 218 262  0.9 302.0  0   1.0039 332.1300
1979 242 265  1.2 299.2  0   1.0033 334.8800
1979 249 266  1.1 301.5  0   1.0020 333.5200
1979 249 266  0.5 302.4  0   1.0020 333.5200
1979 256 267  6.4 309.1  5   1.0025 332.7500
1979 256 267  0.0   0.0  6   1.0025 332.7500
1979 264 268  1.4 302.4  0   1.0040 332.7500
1979 264 268  3.3 300.5  0   1.0040 332.7500
1979 270 269  1.6 299.8  0   1.0035 333.2900
1979 270 269  1.6 300.0  0   1.0035 333.2900
1979 277 270  4.3 302.2  1   1.0070 333.4100
1979 277 270  1.8 301.8  0   1.0070 333.4100
1979 284 271  2.5 310.8  4   1.0070 334.3200
1979 284 271  2.0 312.5  4   1.0070 334.3200
1979 288 272  2.7 308.6  0   1.0058 333.7900
1979 288 272  1.7 304.9  0   1.0058 333.7900
1979 298 273  0.8 302.4  0   1.0038 333.9000
1979 298 273  1.9 303.3  0   1.0038 333.9000
1979 310 274  1.8 302.4  0   1.0017 334.6100
1979 310 274  1.2 299.2  0   1.0017 334.6100
1979 319 275  2.1 304.6  0   1.0065 335.3600
1979 319 275  0.7 303.0  0   1.0065 335.3600
1979 333 276  3.6 300.7  0   1.0018 335.7700
1979 333 276  1.9 305.0  0   1.0018 335.7700
1979 340 277  0.8 303.7  0   1.0043 335.6600
1979 340 277  0.6 302.7  0   1.0043 335.6600
1979 347 278  3.4 301.3  0   1.0028 336.1000
1979 347 278  1.9 306.7  0   1.0028 336.1000
1979 354 279  0.8 301.9  0   1.0023 336.9700
1979 354 279  1.6 301.6  0   1.0023 336.9700
1979 361 280  0.4 302.4  0   1.0016 336.9500
1979 361 280  0.9 303.1  0   1.0016 336.9500
1980  17 281  0.5 302.7  0   1.0036 337.2200
1980  17 281  2.4 302.8  0   1.0036 337.2200
1980  24 282  1.6 303.0  0   1.0007 338.5300
1980  24 282  1.0 301.9  0   1.0007 338.5300
1980  31 283  3.5 302.2  0   1.0051 337.8600
1980  31 283  1.7 304.5  0   1.0051 337.8600
1980  38 284  2.3 304.5  0   1.0026 338.5900
1980  38 284  0.1 303.8  0   1.0026 338.5900
1980  45 285  1.2 301.3  0   1.0013 340.0400
1980  45 285  0.9 302.9  0   1.0013 340.0400
1980  52 286  2.8 299.0  0   1.0017 338.0600
1980  52 286  1.2 299.7  0   1.0017 338.0600
1980  59 287  3.0 301.3  0   1.0082 339.2400
1980  59 287  1.0 300.9  0   1.0082 339.2400
1980  67 288  1.3 304.6  0   1.0061 339.8000
1980  67 288  2.1 303.4  0   1.0061 339.8000
1980  73 289  3.1 301.1  0   1.0075 340.3000
1980  73 289  3.3 303.5  0   1.0075 340.3000
1980  80 290  0.2 302.6  0   1.0024 339.8700
1980  80 290  0.4 301.5  0   1.0024 339.8700
1980  87 291  2.6 303.7  0   1.0056 340.6600
1980  87 291  2.3 304.0  0   1.0056 340.6600
1980  94 292  2.8 302.3  0   1.0057 340.2800
1980  94 292  3.2 298.2  0   1.0057 340.2800
1980 101 293  2.3 296.9  2
1980 101 293  1.4 304.1  2   1.0021 341.0000
1980 108 294  2.9 299.8  0   1.0016 340.5200
1980 108 294  1.2 304.9  0   1.0016 340.5200
1980 115 295  3.4 300.1  0   1.0018 340.7700
1980 115 295  4.4 304.5  1   1.0018 340.7700
1980 122 296  0.7 303.7  0   1.0021 341.5400
1980 122 296  1.2 298.1  0   1.0021 341.5400
1980 129 297  2.6 302.2  0   1.0026 341.1400
1980 129 297  5.2 300.0  1   1.0026 341.1400
1980 136 298  2.3 296.2  2
1980 136 298  2.8 305.9  2   1.0036 341.4200
1980 143 299  7.0 300.6  1   1.0061 341.3500
1980 143 299  3.3 303.3  0   1.0061 341.3500
1980 150 300  1.0 302.8  0   1.0070 341.0300
1980 150 300  0.4 303.3  0   1.0070 341.0300
1980 157 301  1.5 300.8  0   1.0029 340.9800
1980 157 301  3.9 303.5  1   1.0029 340.9800
1980 164 302  1.0 302.0  0   1.0098 341.4000
1980 164 302  2.8 303.5  0   1.0098 341.4000
1980 171 303  0.7 300.5  0   1.0070 340.9600
1980 171 303  1.6 305.1  0   1.0070 340.9600
1980 178 304  1.3 300.8  0   1.0041 340.3600
1980 178 304  1.4 300.7  0   1.0041 340.3600
1980 185 305  2.7 301.3  2
1980 185 305  7.1 311.3  7   1.0057 340.2700
1980 192 306  2.4 300.8  0   1.0055 339.4400
1980 192 306  1.9 299.0  0   1.0055 339.4400
1980 206 307  0.4 303.1  0   1.0033 339.4900
1980 206 307  2.7 300.4  0   1.0033 339.4900
1980 213 308  2.1 300.2  2
1980 213 308  2.9 293.8  2   1.0014 338.6300
1980 220 309  2.1 300.7  0   1.0014 336.4000
1980 220 309  3.1 298.0  0   1.0014 336.4000
1980 227 310  0.6 298.6  2
1980 227 310  7.4 306.5  3   1.0026 337.6700
1980 234 311  1.6 302.2  0   1.0034 337.6100
1980 241 312  2.4 300.7  0   1.0049 335.6000
1980 241 312  2.1 306.9  0   1.0049 335.6000
1980 248 313 60.8 431.7  5   1.0046 336.7800
1980 248 313  5.1 322.6  7   1.0046 336.7800
1980 255 314  1.9 298.5  0   1.0049 335.2600
1980 255 314  2.8 298.4  0   1.0049 335.2600
1980 262 315  1.2 304.6  0   1.0069 334.8100
1980 262 315  7.1 305.5  1   1.0069 334.8100
1980 269 316  2.5 300.0  0   1.0059 336.0200
1980 269 316  2.6 303.9  0   1.0059 336.0200
1980 273 317  1.4 301.3  0   1.0039 335.4500
1980 273 317  4.9 302.5  1   1.0039 335.4500
1980 283 318  0.1 306.2  0   1.0021 335.3800
1980 283 318  1.8 303.2  0   1.0021 335.3800
1980 289 319  1.0 301.9  0   1.0012 336.0000
1980 289 319  2.2 305.8  0   1.0012 336.0000
1980 297 320  2.6 303.3  0   1.0009 337.2400
1980 297 320  1.6 300.8  0   1.0009 337.2400
1980 304 321  2.1 303.6  0   1.0020 336.6200
1980 304 321  0.4 302.4  0   1.0020 336.6200
1980 311 322  1.2 303.2  0   1.0034 337.0200
1980 311 322  0.5 299.8  0   1.0034 337.0200
1980 318 323  2.1 300.1  0   1.0015 337.1600
1980 318 323  2.3 303.0  0   1.0015 337.1600
1980 325 324  1.8 299.3  0   1.0008 337.2200
1980 325 324  1.7 301.8  0   1.0008 337.2200
1980 336 325  1.9 300.1  0   1.0022 337.1400
1980 336 325  1.1 303.7  0   1.0022 337.1400
1980 343 326  1.1 300.4  0   1.0022 337.8000
1980 343 326  2.1 301.0  0   1.0022 337.8000
1980 353 327  1.8 297.6  0   1.0016 338.5000
1980 353 327  1.5 297.9  0   1.0016 338.5000
1980 357 328  1.4 298.1  2
1980 357 328  2.9 305.2  2   1.0067 337.7300
1980 364 329  1.6 303.4  0   1.0069 338.9100
1980 364 329  3.7 301.4  0   1.0069 338.9100
1981  12 330  2.9 297.7  0   1.0042 339.0500
1981  12 330  3.8 303.7  0   1.0042 339.0500
1981  19 331  2.4 303.1  0   1.0029 339.5900
1981  19 331  1.2 301.0  0   1.0029 339.5900
1981  26 332  1.4 300.4  0   1.0009 339.5100
1981  26 332  0.9 300.8  0   1.0009 339.5100
1981  36 333  1.4 302.4  0   1.0025 340.1800
1981  36 333  4.4 302.8  1   1.0025 340.1800
1981  43 334  0.8 301.8  0   1.0041 340.3700
1981  43 334  1.9 301.7  0   1.0041 340.3700
1981  57 335  2.7 297.5  0   1.0020 342.1200
1981  57 335  1.7 303.1  0   1.0020 342.1200
1981  61 336  0.4 299.3  2
1981  61 336  1.9 305.8  2   1.0015 342.4200
1981  68 337  3.9 303.5  1   1.0040 342.0300
1981  68 337  2.4 300.1  0   1.0040 342.0300
1981  75 338  1.3 305.0  0   1.0024 341.9400
1981  75 338  1.0 303.7  0   1.0024 341.9400
1981  85 339  0.8 304.8  0   1.0025 342.2800
1981  85 339  2.0 303.2  0   1.0025 342.2800
1981  92 340  2.4 302.3  0   1.0038 344.6100
1981  92 340  1.8 303.3  0   1.0038 344.6100
1981  99 341  0.9 302.3  0   1.0078 342.6300
1981  99 341  1.5 306.8  0   1.0078 342.6300
1981 106 342  1.3 301.7  0   1.0054 341.5100
1981 106 342  3.7 306.8  0   1.0054 341.5100
1981 113 343  0.2 303.2  0   1.0087 342.9000
1981 113 343  2.3 305.1  0   1.0087 342.9000
1981 120 344  6.1 301.3  1   1.0031 342.5800
1981 120 344  1.2 302.0  0   1.0031 342.5800
1981 127 345  1.2 300.6  2
1981 127 345  7.2 310.1  3   1.0055 343.6000
1981 134 346  2.1 302.8  0   1.0010 343.0800
1981 134 346  2.4 302.8  0   1.0010 343.0800
1981 141 347  1.3 303.5  0   1.0040 342.7100
1981 141 347  2.5 302.6  0   1.0040 342.7100
1981 148 348  4.3 301.0  1   1.0021 343.0400
1981 148 348  3.4 303.2  0   1.0021 343.0400
1981 155 349  3.2 304.6  0   1.0040 342.9000
1981 155 349  1.5 303.1  0   1.0040 342.9000
1981 162 350  2.8 303.5  0   1.0083 342.7300
1981 162 350  1.3 305.2  0   1.0083 342.7300
1981 169 351  1.1 302.2  0   1.0028 342.5900
1981 169 351  0.0 307.1  0   1.0028 342.5900
1981 176 352  1.5 302.2  0   1.0056 341.7000
1981 176 352  0.3 303.4  0   1.0056 341.7000
1981 183 353  4.3 301.0  1   1.0038 340.1600
1981 183 353  1.2 305.1  0   1.0038 340.1600
1981 190 354  2.7 302.1  0   1.0024 340.9000
1981 190 354  1.7 302.8  0   1.0024 340.9000
1981 197 355  1.9 300.4  0   1.0062 338.0900
1981 197 355  1.3 301.7  0   1.0062 338.0900
1981 205 356  1.4 303.2  0   1.0048 339.4700
1981 205 356  1.2 304.3  0   1.0048 339.4700
1981 211 357  3.0 301.6  0   1.0023 339.1900
1981 211 357  4.2 304.7  1   1.0023 339.1900
1981 218 358  2.8 302.2  0   1.0092 339.6300
1981 218 358  2.8 307.6  0   1.0092 339.6300
1981 223 359  2.4 302.7  0   1.0068 338.3400
1981 223 359  6.9 304.0  1   1.0068 338.3400
1981 230 360  2.1 303.3  0   1.0010 338.2900
1981 230 360  1.1 302.7  0   1.0010 338.2900
1981 239 361  1.1 300.0  0   1.0022 337.7300
1981 239 361  3.4 301.2  0   1.0022 337.7300
1981 246 362  3.2 298.4  0   1.0025 338.1200
1981 246 362  1.0 301.6  0   1.0025 338.1200
1981 253 363  3.2 303.6  0   1.0042 338.5500
1981 253 363  0.2 306.0  0   1.0042 338.5500
1981 260 364  2.3 301.7  0   1.0030 336.9600
1981 260 364  2.7 300.4  0   1.0030 336.9600
1981 267 365  1.4 303.2  0   1.0014 335.5400
1981 267 365  2.8 304.1  0   1.0014 335.5400
1981 274 366  2.4 301.6  0   1.0041 336.2700
1981 274 366  3.1 303.5  0   1.0041 336.2700
1981 281 367  2.9 304.6  0   1.0035 336.4900
1981 281 367  3.1 304.7  0   1.0035 336.4900
1981 288 368  2.6 301.4  0   1.0024 337.9000
1981 288 368  2.6 302.8  0   1.0024 337.9000
1981 295 369  1.9 302.4  0   1.0023 337.5900
1981 295 369  3.8 300.7  0   1.0023 337.5900
1981 302 370  2.2 308.3  0   1.0062 338.0400
1981 302 370  3.2 305.5  0   1.0062 338.0400
1981 309 371  2.6 302.9  0   1.0056 338.5800
1981 309 371  1.4 303.1  0   1.0056 338.5800
1981 316 372  1.6 302.9  0   1.0020 338.5700
1981 316 372  1.4 299.9  0   1.0020 338.5700
1981 327 373  2.8 303.0  0   1.0037 338.5900
1981 327 373  2.0 305.1  0   1.0037 338.5900
1981 336 374  1.3 300.0  0   1.0017 339.9300
1981 336 374  0.6 304.4  0   1.0017 339.9300
1981 341 375  2.2 301.4  0   1.0016 340.1400
1981 341 375  3.7 300.5  0   1.0016 340.1400
1981 355 376  0.8 303.1  0   1.0019 342.9400
1981 355 376  0.6 305.2  0   1.0019 342.9400
1982   7 377  2.3 302.4  0   1.0067 340.5800
1982   7 377  0.7 304.5  0   1.0067 340.5800
1982  14 378  1.6 301.7  0   1.0031 340.9300
1982  14 378  1.9 302.8  0   1.0031 340.9300
1982  21 379  1.1 304.7  0   1.0063 340.2600
1982  21 379  1.6 304.7  0   1.0063 340.2600
1982  28 380  1.7 303.0  0   1.0008 341.6000
1982  28 380  1.8 302.1  0   1.0008 341.6000
1982  32 381  2.0 304.2  0   1.0008 341.5200
1982  32 381  2.4 303.6  0   1.0008 341.5200
1982  39 382  2.2 307.2  0   1.0027 341.5200
1982  39 382  1.2 302.1  0   1.0027 341.5200
1982  49 383  2.2 299.4  0   1.0014 342.0000
1982  49 383  0.6 303.3  0   1.0014 342.0000
1982  56 384  2.9 302.9  0   1.0012 342.6000
1982  56 384  1.1 303.9  0   1.0012 342.6000
1982  63 385  3.2 302.2  0   1.0009 342.6400
1982  63 385  1.1 302.6  0   1.0009 342.6400
1982  70 386  2.1 300.9  0   1.0061 343.0200
1982  70 386  2.0 303.6  0   1.0061 343.0200
1982  74 387  1.0 304.4  0   1.0078 343.0200
1982  74 387  3.0 304.1  0   1.0078 343.0200
1982  81 388  1.8 304.5  0   1.0060 342.8400
1982  81 388  2.4 303.2  0   1.0060 342.8400
1982  91 389  1.9 305.2  0   1.0083 342.8800
1982  91 389  0.3 307.0  0   1.0083 342.8800
1982  98 390  1.4 305.2  0   1.0031 344.0500
1982  98 390  0.2 305.3  0   1.0031 344.0500
1982 102 391  0.7 302.4  0   1.0026 343.5500
1982 102 391  0.8 305.1  0   1.0026 343.5500
1982 109 392  0.4 305.5  0   1.0025 343.1000
1982 109 392  1.4 303.6  0   1.0025 343.1000
1982 116 393  0.7 303.5  0   1.0024 344.6800
1982 116 393  1.3 305.2  0   1.0024 344.6800
1982 123 394  0.2 304.4  0   1.0024 344.0600
1982 123 394  1.8 306.4  0   1.0024 344.0600
1982 130 395  2.2 303.2  0   1.0048 343.6400
1982 130 395  1.6 306.2  0   1.0048 343.6400
1982 137 396  0.9 303.5  0   1.0042 344.2500
1982 137 396  0.5 304.8  0   1.0042 344.2500
1982 145 397  1.2 303.9  0   1.0022 344.2500
1982 145 397  1.9 302.6  0   1.0022 344.2500
1982 152 398  0.8 302.4  0   1.0015 344.2200
1982 152 398  0.3 304.7  0   1.0015 344.2200
1982 158 399  1.4 304.4  0   1.0077 343.1300
1982 158 399  1.6 307.9  0   1.0077 343.1300
1982 165 400  0.6 304.3  0   1.0049 341.3600
1982 165 400  1.0 299.9  0   1.0049 341.3600
1982 172 401  1.0 303.1  0   1.0050 343.3400
1982 172 401  2.5 304.1  0   1.0050 343.3400
1982 179 402  0.8 304.7  0   1.0045 342.7300
1982 179 402  0.9 304.9  0   1.0045 342.7300
1982 195 403  1.6 302.3  0   1.0024 342.0000
1982 200 404  1.3 303.4  0   1.0029 339.9400
1982 200 404  2.1 303.9  0   1.0029 339.9400
1982 203 405  0.9 302.7  0   1.0070 341.5400
1982 203 405  2.8 307.4  0   1.0070 341.5400
1982 209 406  1.2 303.9  0   1.0032 339.2000
1982 209 406  2.2 305.8  0   1.0032 339.2000
1982 214 407  1.2 305.7  0   1.0075 340.4600
1982 214 407  1.5 305.2  0   1.0075 340.4600
1982 221 408  1.5 304.9  0   1.0035 338.7300
1982 221 408  2.2 306.4  0   1.0035 338.7300
1982 228 409  1.5 304.4  0   1.0089 338.3700
1982 228 409  1.2 305.6  0   1.0089 338.3700
1982 235 410  2.3 305.9  0   1.0068 338.2300
1982 235 410  0.6 306.7  0   1.0068 338.2300
1982 242 411  1.8 305.2  0   1.0076 337.5000
1982 242 411  2.0 306.7  0   1.0076 337.5000
1982 256 412  1.7 304.6  0   1.0056 336.4500
1982 256 412  1.3 304.9  0   1.0056 336.4500
1982 263 413  1.1 303.6  0   1.0017 335.7800
1982 263 413  2.7 303.8  0   1.0017 335.7800
1982 270 414  1.2 303.4  0   1.0029 335.6100
1982 270 414  0.7 303.2  0   1.0029 335.6100
1982 277 415  0.7 302.9  0   1.0043 335.2200
1982 277 415  1.1 303.8  0   1.0043 335.2200
1982 287 416  1.0 305.2  0   1.0077 336.2700
1982 287 416  0.8 308.0  0   1.0077 336.2700
1982 291 417  0.4 304.7  0   1.0018 337.8700
1982 291 417  1.4 303.4  0   1.0018 337.8700
1982 298 418  1.0 306.9  0   1.0094 335.6300
1982 298 418  0.8 302.7  0   1.0094 335.6300
1982 305 419  1.6 302.6  0   1.0060 337.6400
1982 305 419  0.9 305.6  0   1.0060 337.6400
1982 312 420  0.7 303.5  0   1.0012 338.1300
1982 312 420  2.1 305.3  0   1.0012 338.1300
1982 319 421  1.3 307.0  0   1.0014 339.2300
1982 319 421  1.5 303.5  0   1.0014 339.2300
1982 329 422  0.8 303.6  0   1.0077 340.1700
1982 329 422  1.7 302.1  0   1.0077 340.1700
1982 333 423  0.5 304.7  0   1.0014 339.3200
1982 333 423  1.7 305.7  0   1.0014 339.3200
1982 340 424  0.5 303.5  0   1.0010 339.5400
1982 340 424  0.4 303.4  0   1.0010 339.5400
1982 350 425  0.7 303.1  0   1.0007 340.9900
1982 350 425  4.4 304.0  1   1.0007 340.9900
1982 354 426  1.2 304.1  0   1.0012 340.8000
1982 354 426  0.4 305.4  0   1.0012 340.8000
1982 364 427  1.6 305.8  0   1.0027 340.2200
1982 364 427  1.1 304.6  0   1.0027 340.2200
1983   3 428  0.4 304.3  0   1.0015 344.4000
1983   3 428  1.5 305.5  0   1.0015 344.4000
1983  10 429  1.0 303.6  0   1.0015 341.7800
1983  10 429  1.8 305.0  0   1.0015 341.7800
1983  17 430  2.0 304.6  0   1.0005 341.5600
1983  17 430  1.5 305.9  0   1.0005 341.5600
1983  24 431  1.4 303.8  0   1.0005 341.0800
1983  24 431  1.1 302.2  0   1.0005 341.0800
1983  31 432  0.5 304.4  0   1.0013 341.8400
1983  31 432  2.2 304.7  0   1.0013 341.8400
1983  38 433  1.0 303.9  0   1.0008 342.3800
1983  38 433  1.7 305.6  0   1.0008 342.3800
1983  45 434  1.3 304.4  0   1.0013 342.4100
1983  45 434  1.4 303.7  0   1.0013 342.4100
1983  55 435  2.2 304.7  0   1.0023 343.3000
1983  55 435  1.9 309.3  0   1.0023 343.3000
1983  59 436  0.9 304.1  0   1.0015 342.9100
1983  59 436  0.4 305.5  0   1.0015 342.9100
1983  66 437  1.3 305.7  0   1.0018 342.3600
1983  66 437  1.1 304.3  0   1.0018 342.3600
1983  77 438  0.8 303.9  0   1.0021 343.9400
1983  77 438  0.7 306.2  0   1.0021 343.9400
1983  80 439  1.3 306.0  0   1.0032 344.5900
1983  80 439  2.4 306.5  0   1.0032 344.5900
1983  87 440  2.3 302.3  0   1.0019 343.6600
1983  87 440  0.9 306.0  0   1.0019 343.6600
1983  94 441  0.8 305.3  0   1.0043 343.3600
1983  94 441  1.8 307.0  0   1.0043 343.3600
1983 101 442  0.5 302.8  0   1.0019 344.4100
1983 101 442  1.1 307.1  0   1.0019 344.4100
1983 108 443  0.8 302.8  0   1.0017 345.4500
1983 108 443  0.7 305.2  0   1.0017 345.4500
1983 115 444  0.8 303.4  0   1.0023 345.1900
1983 115 444  0.4 304.0  0   1.0023 345.1900
1983 129 445  0.8 304.0  0   1.0065 345.9700
1983 129 445  0.7 305.5  0   1.0065 345.9700
1983 136 446  1.1 306.3  0   1.0014 346.2700
1983 136 446  1.4 304.2  0   1.0014 346.2700
1983 143 447  4.3 295.5  5   1.0016 344.8300
1983 143 447  2.7 310.5  2   1.0016 344.8300
1983 157 448  2.3 303.3  0   1.0036 346.0600
1983 157 448  1.6 304.5  0   1.0036 346.0600
1983 164 449  2.7 304.8  0   1.0019 344.4400
1983 164 449  1.3 304.1  0   1.0019 344.4400
1983 171 450  0.8 303.3  0   1.0015 343.6000
1983 171 450  1.5 304.7  0   1.0015 343.6000
1983 178 451  1.2 304.2  0   1.0014 344.6400
1983 178 451  1.8 303.8  0   1.0014 344.6400
1983 182 452  0.8 303.1  0   1.0051 344.2600
1983 182 452  2.2 305.2  0   1.0051 344.2600
1983 192 453  1.1 316.4  4   1.0059 342.3500
1983 192 453  3.5 308.9  2   1.0059 342.3500
1983 199 454  3.2 304.4  0   1.0068 343.4800
1983 199 454  2.1 305.2  0   1.0068 343.4800
1983 206 455  1.0 301.7  0   1.0018 343.1700
1983 206 455  2.2 303.1  0   1.0018 343.1700
1983 213 456  1.0 302.2  0   1.0027 341.3600
1983 213 456  2.2 303.7  0   1.0027 341.3600
1983 220 457  1.3 303.7  0   1.0020 342.2900
1983 220 457  1.0 307.6  0   1.0020 342.2900
1983 227 458  1.1 303.5  0   1.0035 340.4700
1983 227 458  1.0 303.9  0   1.0035 340.4700
1983 234 459  2.7 302.2  0   1.0047 339.1300
1983 234 459  3.5 307.4  0   1.0047 339.1300
1983 241 460  3.4 298.2  2
1983 241 460  2.6 307.1  2   1.0062 338.6100
1983 249 461  1.5 303.4  0   1.0014 338.5500
1983 249 461  1.6 305.3  0   1.0014 338.5500
1983 255 462  1.5 305.7  0   1.0034 337.4500
1983 255 462  0.4 305.3  0   1.0034 337.4500
1983 262 463  1.2 305.0  0   1.0096 340.3200
1983 262 463  2.4 306.4  0   1.0096 340.3200
1983 269 464  2.1 303.8  0   1.0059 339.6400
1983 269 464  0.3 304.8  0   1.0059 339.6400
1983 276 465  0.7 304.3  0   1.0027 339.0600
1983 276 465  1.6 304.7  0   1.0027 339.0600
1983 283 466  1.5 306.4  0   1.0009 340.2300
1983 283 466  1.1 302.5  0   1.0009 340.2300
1983 290 467  0.5 303.0  0   1.0011 339.6700
1983 290 467  0.9 304.6  0   1.0011 339.6700
1983 297 468  2.4 304.0  0   1.0045 340.1600
1983 297 468  1.5 305.6  0   1.0045 340.1600
1983 304 469  1.0 304.3  0   1.0006 341.1500
1983 304 469  2.1 305.0  0   1.0006 341.1500
1983 311 470  1.7 304.9  0   1.0015 340.7900
1983 311 470  1.5 305.4  0   1.0015 340.7900
1983 318 471  1.9 305.0  0   1.0013 341.0900
1983 318 471  1.3 303.9  0   1.0013 341.0900
1983 325 472  2.0 302.3  0   1.0007 349.0600
1983 325 472  2.7 302.6  0   1.0007 349.0600
1983 332 473  1.8 305.0  0   1.0024 342.0600
1983 332 473  2.9 305.0  0   1.0024 342.0600
1983 339 474  0.6 304.6  0   1.0035 342.2100
1983 339 474  2.5 304.7  0   1.0035 342.2100
1983 346 475  0.9 305.2  0   1.0032 342.2900
1983 346 475  2.8 304.3  0   1.0032 342.2900
1983 353 476  1.3 304.5  0   1.0022 343.6200
1983 353 476  0.5 305.8  0   1.0022 343.6200
1983 363 477  0.6 303.7  0   1.0027 343.9700
1983 363 477  1.4 304.2  0   1.0027 343.9700
1984   3 478  2.3 303.8  0   1.0015 343.5900
1984   3 478  2.1 305.3  0   1.0015 343.5900
1984   9 479  0.7 304.4  0   1.0020 344.0300
1984   9 479  0.4 305.9  0   1.0020 344.0300
1984  16 480  1.6 304.0  0   1.0017 343.9400
1984  16 480  3.0 305.6  0   1.0017 343.9400
1984  23 481  1.4 307.4  0   1.0063 344.4300
1984  23 481  1.3 306.0  0   1.0063 344.4300
1984  30 482  0.6 303.6  0   1.0016 344.3600
1984  30 482  1.7 304.9  0   1.0016 344.3600
1984  37 483  0.8 304.3  0   1.0007 344.9300
1984  37 483  1.5 303.8  0   1.0007 344.9300
1984  44 484  0.5 303.6  0   1.0024 344.5800
1984  44 484  0.7 304.9  0   1.0024 344.5800
1984  54 485  1.2 305.9  0   1.0024 345.4300
1984  54 485  1.5 305.1  0   1.0024 345.4300
1984  58 486  1.2 304.7  0   1.0007 344.9300
1984  58 486  1.0 305.3  0   1.0007 344.9300
1984  65 487  0.4 305.1  0   1.0009 345.0000
1984  65 487  1.2 304.5  0   1.0009 345.0000
1984  72 488  3.5 305.1  0   1.0016 344.6400
1984  72 488  0.7 305.1  0   1.0016 344.6400
1984  79 489  1.4 304.5  0   1.0024 345.4800
1984  79 489  1.7 302.5  0   1.0024 345.4800
1984  97 490  0.0 310.3  2
1984  97 490  0.0 289.8  6   1.0024 346.4000
1984  97 491  0.0 320.4  4   1.0070 346.4000
1984  97 491  0.0 360.8  6   1.0070 346.4000
1984 100 492  1.9 305.5  0   1.0024 345.7000
1984 100 492  0.9 305.3  0   1.0024 345.7000
1984 101 493  0.0 305.8  0   1.0057 345.7000
1984 101 493  0.0 303.6  0   1.0057 345.7000
1984 109 494  0.4 307.0  0   1.0058 346.4000
1984 109 494  1.5 307.0  0   1.0058 346.4000
1984 114 495  2.0 305.2  0   1.0024 346.7000
1984 114 495  1.7 307.3  0   1.0024 346.7000
1984 116 496  0.8 307.8  0   1.0059 347.5000
1984 116 496  1.9 306.1  0   1.0059 347.5000
1984 121 497  1.3 307.3  0   1.0024 347.2500
1984 121 497  0.5 305.6  0   1.0024 347.2500
1984 128 498  1.9 304.4  0   1.0012 347.0200
1984 128 498  2.2 304.0  0   1.0012 347.0200
1984 135 499  1.1 305.5  0   1.0029 347.7000
1984 135 499  1.3 305.7  0   1.0029 347.7000
1984 145 500  1.2 307.2  0   1.0061 346.7300
1984 145 500  0.5 307.1  0   1.0061 346.7300
1984 152 501  2.4 305.4  0   1.0017 347.5700
1984 152 501  1.3 305.8  0   1.0017 347.5700
1984 156 502  1.4 306.0  0   1.0012 347.0800
1984 156 502  1.8 305.3  0   1.0012 347.0800
1984 163 503  1.9 305.0  0   1.0018 347.0900
1984 163 503  1.5 306.0  0   1.0018 347.0900
1984 170 504  1.4 306.1  0   1.0028 346.5100
1984 170 504  2.9 305.3  0   1.0028 346.5100
1984 177 505  2.4 304.4  0   1.0004 346.0800
1984 177 505  1.6 303.3  0   1.0004 346.0800
1984 187 506  3.0 309.6  0   1.0049 345.8700
1984 187 506  3.0 306.0  0   1.0049 345.8700
1984 191 507  2.9 308.9  0   1.0095 346.6200
1984 191 507  3.0 307.3  0   1.0095 346.6200
1984 198 508  2.3 306.0  0   1.0049 343.4700
1984 198 508  2.6 305.1  0   1.0049 343.4700
1984 205 509  1.4 306.9  0   1.0059 344.1100
1984 205 509  1.1 306.2  0   1.0059 344.1100
1984 215 510  2.4 304.4  0   1.0072 341.6100
1984 215 510  1.9 306.5  0   1.0072 341.6100
1984 219 511  1.3 302.6  0   1.0010 344.2900
1984 219 511  1.5 306.6  0   1.0010 344.2900
1984 226 512  2.7 306.1  0   1.0056 342.3800
1984 234 513  0.8 308.6  0   1.0053 342.2000
1984 234 513  2.4 308.5  0   1.0053 342.2000
1984 241 514  0.5 303.5  0   1.0037 340.0700
1984 248 515  1.7 304.0  8   1.0028 340.1800
1984 248 515  1.7 307.4  8   1.0028 340.1800
1984 254 516  1.6 304.6  8   1.0033 340.7600
1984 254 516  1.5 305.1  8   1.0033 340.7600
1984 261 517  0.5 305.3  8   1.0023 340.9100
1984 261 517  1.2 305.9  8   1.0023 340.9100
1984 268 518  2.6 304.0  8   1.0017 340.6700
1984 268 518  1.7 306.8  8   1.0017 340.6700
1984 275 519  1.6 304.4  8   1.0044 340.3600
1984 275 519  0.8 304.9  8   1.0044 340.3600
1984 284 520  2.6 305.0  8   1.0024 340.8500
1984 284 520  0.9 308.0  8   1.0024 340.8500
1984 289 521  1.3 306.3  8   1.0026 340.5500
1984 289 521  1.8 306.7  8   1.0026 340.5500
1984 296 522  1.7 306.4  8   1.0033 342.0500
1984 296 522  2.0 306.0  8   1.0033 342.0500
1984 303 523  1.7 307.1  8   1.0040 341.5800
1984 303 523  1.8 308.1  8   1.0040 341.5800
1984 310 524  0.2 308.1  8   1.0011 341.9900
1984 310 524  1.4 303.7  8   1.0011 341.9900
1984 314 525  1.0 306.8  8   1.0012 342.7100
1984 314 525  1.4 305.5  8   1.0012 342.7100
1984 324 526  1.8 310.0  8   1.0089 343.1300
1984 324 526  2.0 308.2  8   1.0089 343.1300
1984 331 527  1.3 307.2  8   1.0093 343.8600
1984 331 527  0.3 307.8  8   1.0093 343.8600
1984 338 528  1.3 307.0  8   1.0013 342.4300
1984 338 528  0.7 305.1  8   1.0013 342.4300
1984 345 529  1.8 306.9  8   1.0006 344.7500
1984 345 529  2.0 306.3  8   1.0006 344.7500
1984 352 530  2.0 307.4  8   1.0010 344.3500
1984 352 530  1.4 306.4  8   1.0010 344.3500
1984 363 531  1.9 307.1  8   1.0036 344.3400
1984 363 531  1.0 306.6  8   1.0036 344.3400
1985   8 532  2.3 308.9  8   1.0009 344.8800
1985   8 532  1.2 306.8  8   1.0009 344.8800
1985  15 533  0.6 307.9  8   1.0003 345.3700
1985  15 533  0.8 307.5  8   1.0003 345.3700
1985  21 534  2.1 308.2  8   1.0013 345.3300
1985  21 534  1.7 307.7  8   1.0013 345.3300
1985  28 535  1.2 308.5  8   1.0011 344.8900
1985  28 535  1.8 308.5  8   1.0011 344.8900
1985  35 536  2.5 309.5  8   1.0021 344.7600
1985  35 536  1.6 308.5  8   1.0021 344.7600
1985  42 537  2.1 307.1  8   1.0047 343.6800
1985  42 537  0.9 307.8  8   1.0047 343.6800
1985  52 538  1.3 306.4  0   1.0027 345.8900
1985  52 538  2.6 306.1  0   1.0027 345.8900
1985  56 539  2.2 306.0  0   1.0030 346.5000
1985  56 539  2.0 307.4  0   1.0030 346.5000
1985  67 540  3.3 306.6  0   1.0060 347.6300
1985  67 540  2.1 307.6  0   1.0060 347.6300
1985  70 541  2.7 306.8  0   1.0072 347.6900
1985  70 541  4.2 308.6  1   1.0072 347.6900
1985  77 542  3.1 305.5  0   1.0004 347.8100
1985  77 542  2.8 306.1  0   1.0004 347.8100
1985  84 543  1.2 300.2  0   1.0005 349.1600
1985  84 543  3.2 301.6  0   1.0005 349.1600
1985  91 544  1.9 305.0  0   1.0023 346.6900
1985  91 544  2.3 305.2  0   1.0023 346.6900
1985  98 545  2.4 306.4  0   1.0052 346.3600
1985  98 545  2.7 303.3  0   1.0052 346.3600
1985 105 546  2.3 306.4  0   1.0065 347.3600
1985 105 546  1.0 306.5  0   1.0065 347.3600
1985 113 547  9.0 938.8  5   1.0045 347.5200
1985 113 547  3.0 938.8  4   1.0045 347.5200
1985 120 548  1.7 304.3  0   1.0020 348.4300
1985 120 548  0.3 305.4  0   1.0020 348.4300
1985 126 549  3.7 301.8  0   1.0032 347.8700
1985 126 549  1.6 304.4  0   1.0032 347.8700
1985 133 550  1.5 304.9  0   1.0014 348.9500
1985 133 550  3.1 309.2  0   1.0014 348.9500
1985 140 551  3.7 299.9  0   1.0016 349.5400
1985 140 551  2.9 299.1  0   1.0016 349.5400
1985 149 552  0.8 299.9  0   1.0013 349.1200
1985 149 552  1.1 303.9  0   1.0013 349.1200
1985 154 553  4.8 307.9  1   1.0070 348.9700
1985 154 553  2.0 301.7  2   1.0070 348.9700
1985 161 554  3.0 302.2  0   1.0061 347.6700
1985 161 554  1.4 303.5  0   1.0061 347.6700
1985 168 555  2.2 300.3  0   1.0024 348.1000
1985 168 555  2.0 299.0  0   1.0024 348.1000
1985 175 556  3.5 310.1  2
1985 175 556  1.3 303.1  2   1.0049 348.1900
1985 182 557  3.1 307.8  2
1985 182 557  4.2 297.7  7   1.0024 346.1000
1985 189 558  1.0 306.0  0   1.0049 346.6600
1985 189 558  2.8 304.3  0   1.0049 346.6600
1985 196 559  1.4 304.3  0   1.0049 346.0300
1985 196 559  4.5 303.4  1   1.0049 346.0300
1985 203 560  2.4 304.8  0   1.0069 343.7500
1985 203 560  2.9 304.7  0   1.0069 343.7500
1985 210 561  3.2 303.2  0   1.0004 346.0700
1985 217 562  2.6 303.7  0   1.0006 343.4000
1985 217 562  2.1 303.0  0   1.0006 343.4000
1985 224 563  1.6 305.7  0   1.0050 343.6400
1985 224 563  3.8 304.1  0   1.0050 343.6400
1985 231 564  1.0 303.1  0   1.0056 344.1600
1985 231 564  5.4 305.8  1   1.0056 344.1600
1985 238 565  2.5 302.9  0   1.0086 343.0700
1985 238 565  1.5 307.9  0   1.0086 343.0700
1985 246 566  2.4 304.1  0   1.0099 341.8100
1985 246 566  1.8 307.2  0   1.0099 341.8100
1985 252 567  1.8 305.3  0   1.0063 342.0400
1985 252 567  4.3 303.5  1   1.0063 342.0400
1985 259 568  1.4 302.6  0   1.0024 343.4900
1985 259 568  2.0 302.7  0   1.0024 343.4900
1985 266 569  3.2 298.3  4   1.0083 341.4700
1985 266 569  3.3 301.8  0   1.0083 341.4700
1985 273 570  2.4 301.8  0   1.0024 342.1200
1985 273 570  4.2 303.5  1   1.0024 342.1200
1985 280 571  2.7 301.0  0   1.0044 342.4500
1985 280 571  2.5 302.5  0   1.0044 342.4500
1985 289 572  2.0 304.0  0   1.0070 342.8900
1985 289 572  2.4 301.0  0   1.0070 342.8900
1985 294 573  2.4 301.1  0   1.0080 343.1000
1985 294 573  2.2 302.3  0   1.0080 343.1000
1985 301 574  2.0 300.4  0   1.0019 343.1200
1985 301 574  2.6 301.4  0   1.0019 343.1200
1985 308 575  2.8 300.3  0   1.0037 343.3400
1985 308 575  3.6 302.1  0   1.0037 343.3400
1985 312 576  2.5 299.9  0   1.0044 343.5300
1985 312 576  3.4 301.7  0   1.0044 343.5300
1985 322 577  3.6 305.0  0   1.0064 344.0400
1985 322 577  3.5 301.5  0   1.0064 344.0400
1985 329 578  2.8 304.8  0   1.0036 343.8100
1985 329 578  2.5 301.0  0   1.0036 343.8100
1985 336 579  1.7 302.4  0   1.0077 344.5800
1985 336 579  2.3 303.3  0   1.0077 344.5800
1985 343 580  1.8 303.1  0   1.0043 344.7200
1985 343 580  2.1 301.5  0   1.0043 344.7200
1985 350 581  2.2 301.6  0   1.0016 345.4900
1985 350 581  2.5 300.9  0   1.0016 345.4900
1985 357 582  2.4 301.3  0   1.0076 343.9000
1985 357 582  2.5 304.1  0   1.0076 343.9000
1985 364 583  2.5 302.1  0   1.0008 346.7300
1985 364 583  2.9 300.2  0   1.0008 346.7300
1986   6 584  0.8 300.3  0   1.0014 345.9600
1986   6 584  0.9 303.0  0   1.0014 345.9600
1986  13 585  1.6 303.2  0   1.0015 345.4400
1986  13 585  1.6 301.6  0   1.0015 345.4400
1986  22 586  2.8 302.1  0   1.0044 346.1100
1986  22 586  1.1 301.9  0   1.0044 346.1100
1986  27 587  2.1 301.0  0   1.0007 346.0200
1986  27 587  0.7 301.1  0   1.0007 346.0200
1986  34 588  2.1 300.7  0   1.0020 346.0700
1986  34 588  1.1 302.2  0   1.0020 346.0700
1986  41 589  1.2 301.2  0   1.0022 346.8700
1986  41 589  1.2 300.7  0   1.0022 346.8700
1986  49 590  0.8 300.3  0   1.0017 347.3300
1986  55 591  2.6 301.8  0   1.0030 347.2400
1986  55 591  2.0 302.5  0   1.0030 347.2400
1986  62 592  1.2 301.1  0   1.0023 347.1300
1986  62 592  4.0 304.3  1   1.0023 347.1300
1986  69 593  2.8 302.6  0   1.0058 345.3400
1986  69 593  1.9 303.7  0   1.0058 345.3400
1986  76 594  2.9 303.7  0   1.0055 347.1200
1986  76 594  1.5 304.4  0   1.0055 347.1200
1986  83 595  0.2 303.8  0   1.0077 348.4700
1986  83 595  1.7 302.7  0   1.0077 348.4700
1986  90 596  1.7 300.0  0   1.0028 348.4900
1986  90 596  1.6 302.2  0   1.0028 348.4900
1986 104 598  4.2 302.3  1   1.0058 349.5000
1986 104 598  4.0 300.4  1   1.0058 349.5000
1986 111 599  0.8 303.4  0   1.0031 349.2500
1986 111 599  1.9 299.9  0   1.0031 349.2500
1986 118 600  2.0 302.8  0   1.0052 349.8200
1986 118 600  1.9 300.5  0   1.0052 349.8200
1986 125 601  2.0 302.1  0   1.0062 349.7200
1986 125 601  4.2 303.9  1   1.0062 349.7200
1986 132 602  1.6 300.2  0   1.0058 349.6500
1986 132 602  2.4 303.1  0   1.0058 349.6500
1986 139 603  1.5 300.5  0   1.0065 348.3000
1986 139 603  4.1 303.4  1   1.0065 348.3000
1986 147 604  2.7 302.5  0   1.0073 350.9400
1986 147 604  2.8 302.5  0   1.0073 350.9400
1986 153 605  3.8 300.0  0   1.0066 350.2800
1986 153 605  0.8 304.1  0   1.0066 350.2800
1986 160 606  3.7 300.9  0   1.0064 349.2900
1986 167 607  0.8 298.4  4   1.0008 349.3200
1986 167 607  2.4 301.0  0   1.0008 349.3200
1986 174 608  0.5 302.7  0   1.0017 349.1500
1986 181 609  2.6 304.9  0   1.0005 348.6900
1986 181 609  2.3 304.5  0   1.0005 348.6900
1986 188 610  3.1 300.9  0   1.0023 348.2800
1986 188 610  2.1 300.9  0   1.0023 348.2800
1986 195 611  2.3 304.2  0   1.0068 347.5800
1986 195 611  5.1 305.4  1   1.0068 347.5800
1986 202 612  4.4 302.2  1   1.0083 347.4800
1986 202 612  1.9 302.6  0   1.0083 347.4800
1986 209 613  3.5 304.3  0   1.0078 344.6600
1986 209 613  2.9 306.2  0   1.0078 344.6600
1986 216 614  3.6 304.4  0   1.0061 345.7700
1986 216 614  1.3 303.6  0   1.0061 345.7700
1986 223 615  3.5 302.9  0   1.0035 345.0000
1986 223 615  2.7 300.4  0   1.0035 345.0000
1986 230 616  2.5 302.4  0   1.0060 344.6200
1986 230 616  3.6 302.7  0   1.0060 344.6200
1986 237 617  2.7 303.7  0   1.0047 345.8300
1986 237 617  4.9 304.1  1   1.0047 345.8300
1986 241 618  1.5 301.2  0   1.0078 344.6100
1986 241 618  2.9 302.8  0   1.0078 344.6100
1986 251 619  4.9 302.7  1   1.0087 345.1200
1986 258 620  3.4 303.5  0   1.0056 344.5100
1986 258 620  3.0 303.2  0   1.0056 344.5100
1986 265 621  2.2 301.4  0   1.0083 342.4400
1986 265 621  2.1 301.5  0   1.0083 342.4400
1986 272 622  0.7 303.4  0   1.0087 344.2200
1986 272 622  5.7 306.4  1   1.0087 344.2200
1986 279 623  2.1 302.3  0   1.0045 342.8500
1986 279 623  2.2 302.5  0   1.0045 342.8500
1986 290 624  1.5 302.8  0   1.0074 343.2300
1986 290 624  2.0 302.7  0   1.0074 343.2300
1986 293 625  3.5 306.2  0   1.0092 344.0100
1986 293 625  2.2 307.7  0   1.0092 344.0100
1986 300 626  1.5 304.6  0   1.0079 343.8900
1986 300 626  2.4 302.3  0   1.0079 343.8900
1986 307 627  2.8 299.8  4   1.0046 344.7700
1986 307 627  2.0 304.5  0   1.0046 344.7700
1986 314 628  3.4 302.8  0   1.0093 344.8700
1986 314 628  3.3 306.7  0   1.0093 344.8700
1986 321 629  3.1 301.6  0   1.0024 344.7000
1986 321 629  2.5 304.4  0   1.0024 344.7000
1986 328 630  2.3 302.9  0   1.0038 344.7100
1986 328 630  3.6 301.4  0   1.0038 344.7100
1986 335 631  3.2 301.6  0   1.0019 346.1600
1986 335 631  2.4 300.9  0   1.0019 346.1600
1986 342 632  3.7 301.6  0   1.0024 345.6700
1986 342 632  2.5 303.2  0   1.0024 345.6700
1986 349 633  0.9 299.5  4   1.0027 345.9100
1986 349 633  1.3 304.3  0   1.0027 345.9100
1986 358 634  3.3 301.9  0   1.0035 345.6300
1986 358 634  2.7 304.4  0   1.0035 345.6300
1986 363 635  2.4 303.2  0   1.0043 346.4600
1986 363 635  2.2 303.8  0   1.0043 346.4600
