THIS IS DATAPLOT DATA FILE     MORALES2.DAT
MASS SPECTROMETRIC ISOTOPIC ANALYSIS OF SULFUR EXA-FLUROIDE
EXPERIMENTALIST = PEDRO MORALES     FILE BD37R1.TXT   ANALYSIS K-508
SPECIMEN        = MACMASTER_STAN CANON DIABLO (AN INTERNATIONAL REFERENCE)
INSTRUMENT      = MASS SPECTROMETER
DATE            = JUNE 1994
RESPONSE VARIABLE                  = MASS SPEC ISOTOPIC SULFUR RATIO ??
NUMBER OF OBSERVATIONS             = 100
NUMBER OF VARIABLES PER LINE IMAGE = 5
ORDER OF VARIABLES ON A LINE IMAGE--
   1. RESPONSE VARIABLE 1   = ISOTOPIC SULFUR RATIO 107/109
   2. RESPONSE VARIABLE 2   = ISOTOPIC SULFUR RATIO 108/109
   3. RESPONSE VARIABLE 3   = ISOTOPIC SULFUR RATIO 111/109
   4. FACTOR 1              = RUN WITHIN EXPERIMENT (1 TO 100)
   5. FACTOR 1              = SET (1 TO 10 WITH 10 REPS PER SET)
   6. FACTOR 2              = EXPERIMENT (1 TO 15)
STATISTICAL AREA--MULTIFACTOR
TO READ THIS INTO DATAPLOT--
   SKIP 25
   READ MORALES2.DAT Y1 Y2 Y3 X SET EXPER
 
 
 
 107/109  108/109  111/109  Scan Set  Standard
-----------------------------------------------
 22.73897 0.178477  0.00338   1   1      1
 22.73303 0.178355 0.003233   2   1      1
 22.73353 0.178344  0.00334   3   1      1
 22.73383 0.178233 0.003203   4   1      1
 22.73426 0.178146 0.003163   5   1      1
 22.73103 0.178303 0.003332   6   1      1
 22.73044 0.178338 0.003393   7   1      1
 22.72645 0.178163 0.003248   8   1      1
 22.72044 0.178076 0.003103   9   1      1
 22.72806  0.17782 0.003259  10   1      1
  22.7272 0.178312 0.003123  11   2      1
 22.72837 0.178274 0.002859  12   2      1
 22.72434 0.178376 0.003065  13   2      1
 22.72757 0.178325  0.00347  14   2      1
 22.72047 0.178075 0.003289  15   2      1
 22.72056 0.178032 0.003069  16   2      1
 22.72855 0.177981 0.002907  17   2      1
 22.72587 0.178227 0.003081  18   2      1
 22.72014 0.178038 0.002921  19   2      1
 22.72291 0.177974 0.003111  20   2      1
 22.71811 0.177886  0.00342  21   3      1
 22.72088 0.178088 0.003387  22   3      1
 22.72666 0.178052 0.003237  23   3      1
 22.72526 0.178127 0.003202  24   3      1
 22.71906 0.177936  0.00304  25   3      1
  22.7286 0.178229 0.003088  26   3      1
 22.71793 0.178079 0.003018  27   3      1
 22.71301   0.1781  0.00303  28   3      1
 22.71636 0.178207 0.002864  29   3      1
 22.71966 0.178312 0.003076  30   3      1
 22.71002 0.178013 0.003158  31   4      1
 22.71301 0.177976 0.003538  32   4      1
 22.72259 0.178105  0.00347  33   4      1
 22.71678 0.178439 0.003505  34   4      1
 22.71472 0.178439 0.003282  35   4      1
  22.7176 0.178316 0.003265  36   4      1
 22.71347 0.177841 0.003303  37   4      1
 22.70678  0.17801 0.003249  38   4      1
 22.71416 0.178298 0.003351  39   4      1
 22.71031  0.17825 0.003128  40   4      1
 22.70759 0.178049 0.003362  41   5      1
 22.70147 0.178196 0.003164  42   5      1
 22.71431 0.177942  0.00334  43   5      1
 22.70727 0.177882 0.003656  44   5      1
 22.69786 0.178282 0.003306  45   5      1
  22.7106  0.17805 0.003288  46   5      1
 22.70943 0.178284 0.003059  47   5      1
 22.71254   0.1784 0.003404  48   5      1
 22.70599 0.177954 0.003021  49   5      1
 22.71842 0.177916 0.002819  50   5      1
 22.71229 0.178098 0.003536  51   6      1
 22.71049 0.178468 0.003322  52   6      1
 22.70163 0.177874   0.0031  53   6      1
 22.70405  0.17836 0.003312  54   6      1
 22.70719 0.178118 0.003107  55   6      1
 22.71123 0.178634 0.002946  56   6      1
 22.70144 0.178009 0.003142  57   6      1
 22.70654  0.17811 0.002731  58   6      1
 22.70692 0.178315 0.003255  59   6      1
  22.7023 0.177952 0.003199  60   6      1
 22.70503 0.178235 0.003404  61   7      1
  22.6982 0.177888  0.00304  62   7      1
 22.70595 0.178304 0.002887  63   7      1
 22.70171 0.177677 0.002826  64   7      1
 22.70978 0.178415 0.002878  65   7      1
 22.70254 0.177994 0.002833  66   7      1
 22.70684 0.178159 0.003109  67   7      1
 22.69915  0.17852 0.002809  68   7      1
 22.70964 0.178188 0.002673  69   7      1
 22.70312 0.178401 0.003208  70   7      1
  22.6991 0.178284 0.002879  71   8      1
 22.69955 0.177987 0.003208  72   8      1
 22.70176 0.178558 0.002787  73   8      1
 22.69911 0.178257 0.002801  74   8      1
 22.69878 0.178122  0.00285  75   8      1
 22.68974 0.178242 0.002462  76   8      1
 22.69025 0.177705 0.003151  77   8      1
 22.70109 0.178354 0.002286  78   8      1
 22.67954 0.177576 0.002921  79   8      1
 22.69417 0.177837 0.002575  80   8      1
 22.67685 0.177953 0.002814  81   9      1
 22.70483 0.178076 0.002612  82   9      1
 22.68293 0.177593 0.002809  83   9      1
 22.69467 0.178047 0.002601  84   9      1
 22.68341 0.178158 0.002316  85   9      1
 22.69072 0.177526 0.003012  86   9      1
 22.69423 0.177694 0.002872  87   9      1
 22.68698 0.177801 0.002208  88   9      1
 22.69962 0.177926 0.003237  89   9      1
 22.69841  0.17789 0.002386  90   9      1
 22.70994 0.178132 0.003326  91  10      1
 22.70624 0.177569 0.002722  92  10      1
 22.69521 0.177802 0.003202  93  10      1
 22.68671 0.178021  0.00251  94  10      1
 22.69797 0.177296 0.003003  95  10      1
 22.69297 0.177705 0.002434  96  10      1
 22.69414 0.177655 0.002971  97  10      1
 22.69256 0.177746 0.002417  98  10      1
 22.69977 0.177482 0.002424  99  10      1
 22.70118 0.177763 0.002576 100  10      1
 
 22.72011 0.178929  0.00343   1   1      2
  22.7207 0.178909 0.003528   2   1      2
 22.72212 0.178465 0.003572   3   1      2
 22.71889 0.178592 0.003401   4   1      2
  22.7201 0.178701 0.003699   5   1      2
 22.71928 0.178748 0.003723   6   1      2
 22.71918 0.179045 0.003935   7   1      2
 22.72154 0.178686  0.00355   8   1      2
 22.72027 0.178815 0.003693   9   1      2
 22.71486 0.178715 0.003987  10   1      2
 22.71403 0.178826  0.00388  11   2      2
   22.707 0.178909 0.003818  12   2      2
 22.72003 0.178943 0.003615  13   2      2
  22.7201 0.178799 0.004047  14   2      2
  22.7213 0.179124 0.003805  15   2      2
 22.71774 0.178898 0.003586  16   2      2
 22.71926 0.179123 0.003765  17   2      2
 22.71904 0.178895 0.003869  18   2      2
 22.71065 0.178893 0.003841  19   2      2
 22.70312 0.178903  0.00381  20   2      2
 22.71668 0.178872 0.003758  21   3      2
 22.70199 0.178725 0.003819  22   3      2
 22.71009 0.178894 0.003699  23   3      2
 22.70891 0.178905  0.00389  24   3      2
 22.70891 0.178993   0.0038  25   3      2
 22.70114 0.178842 0.003805  26   3      2
 22.69869 0.178817 0.003914  27   3      2
 22.70219 0.179217 0.003957  28   3      2
 22.70206 0.179029 0.003902  29   3      2
 22.70135  0.17865 0.003942  30   3      2
 22.69124 0.178595 0.003878  31   4      2
 22.70918  0.17898  0.00408  32   4      2
 22.69805 0.178836 0.004012  33   4      2
 22.70662 0.178949 0.003999  34   4      2
 22.69746 0.178806 0.003931  35   4      2
 22.69811 0.178699 0.003927  36   4      2
 22.69089 0.179147  0.00416  37   4      2
 22.68734 0.178956 0.004067  38   4      2
  22.6888 0.178691 0.003814  39   4      2
 22.69229 0.179304 0.004119  40   4      2
 22.69782 0.179006 0.004221  41   5      2
 22.69614 0.178937 0.003986  42   5      2
 22.68746 0.178974 0.004086  43   5      2
  22.6947 0.178693 0.003875  44   5      2
 22.69938 0.178931 0.003891  45   5      2
 22.70227 0.179035 0.004067  46   5      2
 22.70822 0.178741  0.00384  47   5      2
  22.6961 0.178831 0.003813  48   5      2
 22.70151 0.179004 0.003846  49   5      2
  22.6935 0.178846    0.004  50   5      2
 22.69517 0.179008 0.003719  51   6      2
 22.68969 0.178575 0.004024  52   6      2
 22.68755  0.17885  0.00394  53   6      2
 22.68611 0.178704 0.004203  54   6      2
 22.67776 0.178505 0.003843  55   6      2
 22.67675 0.179067 0.003971  56   6      2
 22.69122 0.179053 0.004094  57   6      2
 22.69085 0.179117 0.004067  58   6      2
 22.69224  0.17863 0.003681  59   6      2
 22.70111 0.179071  0.00391  60   6      2
 22.69361 0.178174 0.004427  61   7      2
 22.67776 0.178685 0.003551  62   7      2
 22.69409  0.17835 0.004559  63   7      2
 22.68616 0.178586 0.004515  64   7      2
  22.6897 0.178373 0.004081  65   7      2
 22.68748 0.178456 0.004468  66   7      2
 22.67909 0.178723 0.003993  67   7      2
 22.69257 0.178572  0.00437  68   7      2
 22.68655 0.178903 0.004282  69   7      2
 22.69741 0.178749 0.004087  70   7      2
 22.69107 0.179075 0.003966  71   8      2
 22.69101 0.178704  0.00452  72   8      2
 22.67743 0.178721 0.004148  73   8      2
 22.68804 0.178775 0.004526  74   8      2
 22.69983 0.178611 0.003658  75   8      2
 22.69064 0.178865 0.004266  76   8      2
 22.68817 0.179091 0.004249  77   8      2
  22.6924 0.179054 0.003738  78   8      2
  22.6714 0.179284 0.003792  79   8      2
 22.67704 0.178887 0.004279  80   8      2
 22.68827 0.179465 0.004202  81   9      2
 22.67152 0.179142 0.003757  82   9      2
 22.67719 0.178841 0.004341  83   9      2
  22.6744 0.178653   0.0044  84   9      2
 22.67566 0.178472 0.004509  85   9      2
 22.68999 0.178779 0.004411  86   9      2
 22.68066 0.178734 0.004356  87   9      2
 22.68508 0.179107 0.004448  88   9      2
 22.68832 0.178566 0.004682  89   9      2
 22.67832 0.179056  0.00433  90   9      2
 22.69776 0.179149 0.003937  91  10      2
 22.68665 0.179025 0.004214  92  10      2
 22.67387 0.178675 0.004216  93  10      2
 22.68116 0.179002  0.00446  94  10      2
 22.67739 0.179078 0.003899  95  10      2
  22.6725 0.179239 0.004581  96  10      2
 22.68188  0.17893  0.00422  97  10      2
 22.67826  0.17897 0.004369  98  10      2
  22.6814 0.178959 0.004396  99  10      2
 22.66824 0.178751 0.004045 100  10      2
 
 22.70044 0.178971 0.004404   1   1      3
 22.70364  0.17909 0.004391   2   1      3
 22.70773 0.178826 0.004059   3   1      3
 22.71152  0.17864 0.004054   4   1      3
 22.71603 0.179143 0.005121   5   1      3
 22.71057 0.179608 0.004525   6   1      3
  22.7226 0.179081 0.004593   7   1      3
 22.71598 0.178819 0.004267   8   1      3
 22.72253 0.179345  0.00539   9   1      3
 22.71658 0.179702 0.003424  10   1      3
 22.71394 0.179002 0.005626  11   2      3
 22.69301 0.178862 0.005072  12   2      3
 22.71767 0.179538 0.005787  13   2      3
 22.69487 0.178643 0.005015  14   2      3
 22.67107 0.178441 0.005037  15   2      3
 22.69889 0.178793 0.004455  16   2      3
  22.7088 0.180383 0.005255  17   2      3
 22.69999 0.178705 0.004228  18   2      3
 22.68561 0.179392 0.004768  19   2      3
 22.71013 0.178561 0.003898  20   2      3
 22.69293 0.178872 0.005662  21   3      3
 22.69936 0.178619 0.005219  22   3      3
  22.6961 0.178763 0.004621  23   3      3
 22.71445 0.178924 0.005234  24   3      3
 22.70781 0.178704 0.003972  25   3      3
 22.71007  0.17939 0.004392  26   3      3
 22.70159 0.177982 0.004752  27   3      3
 22.70363 0.179686 0.005024  28   3      3
  22.7092  0.17965 0.005402  29   3      3
 22.73294 0.179281 0.005511  30   3      3
 22.70097 0.179182 0.005597  31   4      3
 22.66136 0.179353 0.004884  32   4      3
 22.69132 0.179054 0.005271  33   4      3
 22.68474  0.17961 0.005831  34   4      3
 22.72047 0.178204 0.004917  35   4      3
 22.68827 0.179106 0.004341  36   4      3
 22.73243  0.17911 0.004546  37   4      3
 22.70792 0.178687  0.00535  38   4      3
 22.71158 0.178581 0.006024  39   4      3
 22.68119 0.178745 0.005052  40   4      3
 22.71317 0.178924 0.004343  41   5      3
 22.68599  0.17904 0.005021  42   5      3
 22.71546 0.179266 0.005653  43   5      3
 22.66719 0.179697 0.004246  44   5      3
 22.70213 0.179627  0.00508  45   5      3
 22.69073 0.179634 0.005481  46   5      3
 22.70288 0.179309 0.005707  47   5      3
 22.71814 0.179634 0.005224  48   5      3
 22.72381 0.179409 0.006181  49   5      3
 22.70083 0.180159 0.005196  50   5      3
 22.68404 0.179156 0.004647  51   6      3
 22.69029  0.17999 0.006539  52   6      3
 22.67854 0.179478 0.005228  53   6      3
 22.70295  0.18014 0.004634  54   6      3
 22.72302 0.179964 0.005725  55   6      3
   22.716 0.180003 0.005864  56   6      3
 22.69379 0.179216 0.006028  57   6      3
  22.6952 0.179094 0.005552  58   6      3
 22.68765 0.179876 0.004255  59   6      3
 22.68604 0.179218 0.006039  60   6      3
 22.72123 0.180296 0.005919  61   7      3
 22.71496 0.178722 0.004948  62   7      3
 22.72332 0.178087 0.004919  63   7      3
  22.6807 0.179003 0.005214  64   7      3
 22.67508  0.17915 0.004774  65   7      3
 22.69012  0.17969 0.004619  66   7      3
 22.68672 0.180139 0.006516  67   7      3
 22.68416 0.180738 0.004703  68   7      3
 22.65766 0.178117 0.005712  69   7      3
 22.69155 0.180139 0.005572  70   7      3
 22.69359 0.179646 0.005689  71   8      3
 22.67008 0.179358 0.006141  72   8      3
 22.66735 0.180155 0.005339  73   8      3
  22.6884 0.179455 0.006746  74   8      3
 22.65884 0.178316 0.005701  75   8      3
 22.70727 0.178857 0.005737  76   8      3
 22.72056 0.179305 0.006967  77   8      3
 22.70014  0.17904  0.00573  78   8      3
 22.73057 0.179621 0.007094  79   8      3
 22.69994 0.179591 0.007044  80   8      3
 22.71147 0.178918 0.006101  81   9      3
 22.67699 0.179482 0.006599  82   9      3
 22.69866 0.179931  0.00712  83   9      3
  22.7029 0.179162 0.005891  84   9      3
 22.67321 0.179715 0.005736  85   9      3
 22.67187 0.179409 0.006842  86   9      3
 22.67846 0.181539 0.006192  87   9      3
 22.67719  0.17874  0.00681  88   9      3
 22.67215 0.179394 0.005698  89   9      3
 22.68607 0.178228 0.005583  90   9      3
 22.65985  0.18009 0.006069  91  10      3
 22.68474 0.179132 0.004464  92  10      3
 22.65895 0.178723 0.004618  93  10      3
 22.69266 0.179545  0.00475  94  10      3
 22.70796  0.17915 0.004795  95  10      3
 22.68204 0.179016  0.00518  96  10      3
 22.68864 0.178833 0.006091  97  10      3
 22.69305 0.180384 0.006518  98  10      3
 22.72421 0.179369 0.007318  99  10      3
  22.6877 0.179142 0.005458 100  10      3
 
  22.7066 0.178667 0.003155   1   1      4
 22.70962 0.178703 0.003447   2   1      4
 22.70882 0.178746  0.00309   3   1      4
 22.71883 0.178951 0.003758   4   1      4
 22.70812 0.178634 0.003674   5   1      4
  22.7073 0.178762 0.003734   6   1      4
 22.69739 0.178501 0.003306   7   1      4
 22.69313  0.17833 0.003857   8   1      4
 22.70946 0.178483 0.003853   9   1      4
 22.70369 0.178972 0.003455  10   1      4
 22.71003 0.178959 0.003775  11   2      4
 22.70621 0.178732 0.003787  12   2      4
 22.70581 0.178544 0.003233  13   2      4
 22.70861 0.178269 0.003753  14   2      4
 22.69257 0.178521 0.004095  15   2      4
 22.70266  0.17827 0.003954  16   2      4
 22.70259 0.179042 0.003614  17   2      4
 22.69574 0.178371 0.004354  18   2      4
 22.69399 0.178642 0.003218  19   2      4
 22.69111 0.178314 0.003955  20   2      4
 22.69767 0.178055 0.003785  21   3      4
 22.70776 0.179011 0.004052  22   3      4
 22.69432 0.177802 0.004102  23   3      4
 22.69547 0.178858  0.00374  24   3      4
 22.69706 0.178262 0.003667  25   3      4
 22.69019  0.17844 0.003924  26   3      4
  22.6828 0.178712 0.004141  27   3      4
 22.69608 0.178609  0.00328  28   3      4
 22.68982 0.178574 0.003368  29   3      4
 22.68199 0.178882 0.002947  30   3      4
 22.69134 0.179098 0.004371  31   4      4
 22.68621 0.178498  0.00348  32   4      4
 22.68895 0.178502 0.003731  33   4      4
 22.68913 0.178923 0.003847  34   4      4
 22.66283 0.177565 0.004243  35   4      4
 22.67026 0.177279 0.003736  36   4      4
 22.67339 0.178474 0.003371  37   4      4
 22.67491  0.17786 0.003732  38   4      4
  22.6601 0.178019 0.004555  39   4      4
 22.68519  0.17845 0.003652  40   4      4
 22.68482 0.178045 0.003429  41   5      4
 22.67791 0.178243   0.0035  42   5      4
 22.67532 0.178235  0.00365  43   5      4
 22.67519 0.179236 0.003256  44   5      4
 22.66087 0.177895  0.00305  45   5      4
 22.67127 0.178667 0.003606  46   5      4
  22.6826 0.178181  0.00304  47   5      4
 22.68597 0.178746 0.002774  48   5      4
 22.66694   0.1795 0.003335  49   5      4
 22.66688 0.178519 0.003854  50   5      4
 22.66925 0.179112 0.004532  51   6      4
 22.67049 0.178348  0.00409  52   6      4
 22.66412 0.178411 0.004034  53   6      4
 22.66256 0.178335 0.003866  54   6      4
 22.68073 0.178309 0.003364  55   6      4
 22.67113  0.17814 0.003439  56   6      4
  22.6604 0.178378 0.003621  57   6      4
 22.64927 0.178513 0.003847  58   6      4
 22.64948 0.178402 0.002476  59   6      4
    22.67 0.178694  0.00366  60   6      4
 22.65582 0.178127 0.004527  61   7      4
 22.65235 0.177436  0.00352  62   7      4
 22.62706 0.177849 0.003509  63   7      4
 22.65245 0.178484 0.003851  64   7      4
  22.6604 0.178562 0.004134  65   7      4
 22.66172  0.17831 0.003757  66   7      4
 22.65862 0.177563 0.003702  67   7      4
 22.65862 0.177885 0.003751  68   7      4
 22.66507 0.178124 0.003174  69   7      4
 22.66805 0.178756 0.003444  70   7      4
 22.67513 0.178346 0.004007  71   8      4
 22.67735 0.178598   0.0039  72   8      4
 22.65731 0.178766 0.004067  73   8      4
 22.65198 0.178194 0.004699  74   8      4
 22.65081 0.177892 0.004637  75   8      4
 22.64899 0.177394 0.003674  76   8      4
 22.68351  0.17904  0.00315  77   8      4
 22.66514 0.177685 0.003799  78   8      4
 22.66186 0.177828 0.003575  79   8      4
 22.67246 0.178229 0.004148  80   8      4
 22.66782 0.179745 0.004239  81   9      4
 22.65216  0.17823 0.004334  82   9      4
 22.67188 0.179307 0.004585  83   9      4
  22.6578 0.179398 0.003831  84   9      4
 22.65829 0.178068 0.004354  85   9      4
 22.65995 0.178791 0.003925  86   9      4
 22.66034  0.17874  0.00536  87   9      4
 22.64082 0.178223  0.00458  88   9      4
 22.63946 0.177582 0.003534  89   9      4
 22.65417 0.179594 0.003455  90   9      4
 22.68754 0.179012 0.004905  91  10      4
 22.65202 0.178859 0.005854  92  10      4
 22.67206 0.178444 0.004896  93  10      4
 22.66321 0.179345 0.005815  94  10      4
 22.67967  0.17976 0.006355  95  10      4
 22.68895 0.178495 0.006445  96  10      4
  22.6546 0.178502 0.005675  97  10      4
 22.65864 0.177937  0.00629  98  10      4
 22.65865 0.178082 0.005892  99  10      4
 22.66168 0.177982 0.004201 100  10      4
 
 22.70722 0.178577 0.003147   1   1      5
  22.7003 0.178551 0.003207   2   1      5
 22.70238 0.179036 0.002969   3   1      5
 22.69238  0.17873 0.003311   4   1      5
 22.69336 0.178884 0.003162   5   1      5
 22.69841 0.178915 0.003115   6   1      5
 22.70338 0.178869 0.003236   7   1      5
 22.69719 0.178511 0.002971   8   1      5
 22.69174 0.178989 0.002777   9   1      5
 22.69338 0.178736 0.003215  10   1      5
 22.69993 0.178704 0.003878  11   2      5
 22.69404 0.178474 0.003881  12   2      5
 22.69195 0.178404 0.003825  13   2      5
 22.68586 0.178563 0.003635  14   2      5
 22.67829 0.178476 0.003397  15   2      5
 22.69763 0.178268 0.003647  16   2      5
 22.68465 0.178745 0.003747  17   2      5
 22.68354 0.178425 0.003531  18   2      5
 22.69372 0.178253 0.003686  19   2      5
 22.67466 0.178563 0.003749  20   2      5
 22.68112 0.178632 0.003377  21   3      5
 22.69463 0.178392 0.003147  22   3      5
 22.68945 0.178402 0.003724  23   3      5
 22.68435 0.178375 0.003232  24   3      5
 22.70129 0.178626 0.003522  25   3      5
 22.68036 0.178392 0.003317  26   3      5
 22.68377 0.178905 0.003782  27   3      5
 22.69235 0.178596 0.003683  28   3      5
 22.69294 0.178783  0.00383  29   3      5
 22.68257 0.178539 0.003566  30   3      5
 22.67528 0.178677 0.003832  31   4      5
 22.68186  0.17878 0.003616  32   4      5
 22.67867 0.178323 0.003538  33   4      5
  22.6933 0.178893 0.003395  34   4      5
 22.69219 0.179103 0.003221  35   4      5
 22.68662  0.17891  0.00362  36   4      5
 22.68607 0.178539 0.003174  37   4      5
 22.66617 0.178703 0.003863  38   4      5
 22.68286 0.178607 0.003644  39   4      5
 22.68698 0.178624 0.003686  40   4      5
 22.67561 0.178112  0.00331  41   5      5
 22.67885 0.178597 0.003669  42   5      5
 22.68536 0.178451 0.003496  43   5      5
 22.67996 0.178604 0.003247  44   5      5
 22.69364  0.17858 0.003225  45   5      5
  22.6869 0.178425 0.003699  46   5      5
 22.68286 0.178979 0.003043  47   5      5
 22.68303 0.178672 0.003303  48   5      5
 22.68455 0.178716  0.00333  49   5      5
 22.68029 0.178621 0.003329  50   5      5
 22.68262 0.178597 0.004123  51   6      5
 22.68418 0.178525 0.003186  52   6      5
 22.68174 0.178545 0.003417  53   6      5
 22.68773 0.178637 0.003403  54   6      5
 22.68884 0.178174 0.003106  55   6      5
 22.68781 0.178574 0.003208  56   6      5
 22.69086 0.178609 0.003946  57   6      5
 22.69405 0.179016 0.003342  58   6      5
 22.67975 0.178262 0.003203  59   6      5
 22.68238  0.17844 0.003268  60   6      5
 22.69039 0.178601 0.003731  61   7      5
 22.68644 0.178408 0.003673  62   7      5
 22.67669 0.178362 0.004574  63   7      5
 22.68496 0.178904 0.004025  64   7      5
 22.68162 0.178427 0.003879  65   7      5
 22.67657 0.178784 0.004326  66   7      5
 22.67317 0.178344 0.003582  67   7      5
 22.68448 0.178713 0.003502  68   7      5
 22.68609 0.178638 0.003457  69   7      5
 22.69224 0.178568 0.003022  70   7      5
 22.68731 0.178736 0.003368  71   8      5
 22.69175 0.178664 0.003862  72   8      5
 22.68234 0.178643 0.003683  73   8      5
 22.69365 0.179034 0.003788  74   8      5
  22.6674 0.178519 0.003511  75   8      5
 22.69541 0.178733 0.004233  76   8      5
 22.68011 0.179269 0.003685  77   8      5
 22.66954 0.177991 0.002916  78   8      5
 22.68212 0.178755  0.00347  79   8      5
 22.68577 0.179256 0.002515  80   8      5
 22.66872 0.178665 0.003349  81   9      5
 22.67996 0.179051 0.002819  82   9      5
  22.6818 0.178597 0.003134  83   9      5
 22.67015 0.178704 0.003156  84   9      5
 22.68256 0.179032 0.002536  85   9      5
 22.67062 0.179155 0.003855  86   9      5
 22.66499 0.178798  0.00405  87   9      5
 22.69355 0.179366 0.003146  88   9      5
 22.69964 0.179594 0.003471  89   9      5
 22.69646 0.179531 0.003396  90   9      5
 22.67325 0.179061 0.003856  91  10      5
 22.68251 0.178716 0.002792  92  10      5
 22.70554 0.179867 0.003771  93  10      5
  22.6847 0.179606 0.003185  94  10      5
 22.68464 0.179214 0.003372  95  10      5
 22.67077 0.179202 0.004616  96  10      5
 22.68765 0.179994 0.003301  97  10      5
 22.70211 0.180557 0.003317  98  10      5
  22.6989 0.180361 0.002968  99  10      5
 22.69787 0.179603 0.002704 100  10      5
 
 22.70648 0.178691 0.003703   1   1      6
 22.70411 0.178749 0.002806   2   1      6
 22.69688 0.178887 0.003483   3   1      6
 22.68583 0.178028  0.00333   4   1      6
 22.69746 0.178777 0.003285   5   1      6
 22.69901  0.17842 0.003439   6   1      6
 22.68144 0.178311 0.002878   7   1      6
 22.68438 0.179067 0.003204   8   1      6
 22.69385 0.178922 0.003288   9   1      6
 22.69925 0.178996  0.00292  10   1      6
 22.70078 0.178818 0.004669  11   2      6
 22.68532 0.178349 0.003105  12   2      6
 22.71883 0.179263 0.003254  13   2      6
 22.70941 0.178867 0.004032  14   2      6
 22.69016 0.178599 0.002865  15   2      6
 22.67213  0.17808 0.003356  16   2      6
 22.66985 0.178914 0.003584  17   2      6
 22.67097 0.178369 0.003538  18   2      6
 22.69721 0.178812 0.003286  19   2      6
 22.67736  0.17838  0.00301  20   2      6
 22.69335 0.179349 0.003574  21   3      6
 22.68316 0.179098 0.004407  22   3      6
 22.70214 0.178473 0.003439  23   3      6
 22.68302 0.178734 0.003405  24   3      6
 22.68831 0.178911 0.003598  25   3      6
 22.68899 0.179072 0.003703  26   3      6
 22.66777 0.178606 0.003731  27   3      6
 22.67768  0.17821 0.003715  28   3      6
  22.6948 0.179067 0.004063  29   3      6
 22.68867 0.179273 0.003548  30   3      6
 22.68426 0.179893 0.003145  31   4      6
 22.70431 0.178737 0.003094  32   4      6
  22.6868 0.179988 0.003575  33   4      6
 22.68752 0.179627 0.003041  34   4      6
  22.6931 0.179645 0.003997  35   4      6
 22.69998 0.179532 0.003058  36   4      6
 22.67219 0.178811 0.003822  37   4      6
 22.68338 0.179241 0.003603  38   4      6
 22.66563 0.178396 0.003146  39   4      6
 22.67647   0.1786 0.003494  40   4      6
 22.67233  0.17821 0.003604  41   5      6
 22.67641 0.178432 0.004699  42   5      6
 22.72539 0.177765 0.005073  43   5      6
 22.67525  0.17787 0.003486  44   5      6
 22.65639 0.178579 0.004117  45   5      6
 22.65485 0.178069 0.003977  46   5      6
 22.67914 0.178005 0.003374  47   5      6
 22.67828 0.179116 0.002949  48   5      6
 22.69607  0.17858 0.003146  49   5      6
 22.70566 0.177484 0.003193  50   5      6
 22.69931   0.1789 0.002732  51   6      6
  22.6743 0.179151 0.004357  52   6      6
 22.69509 0.178777 0.003168  53   6      6
 22.67145 0.177316 0.003042  54   6      6
 22.66832 0.179547 0.003898  55   6      6
 22.67929 0.178426 0.004355  56   6      6
 22.66664 0.178674  0.00424  57   6      6
  22.6705 0.179773 0.003003  58   6      6
 22.68274 0.179304  0.00419  59   6      6
 22.72696 0.179722 0.004468  60   6      6
  22.6731 0.179504 0.005236  61   7      6
 22.59579 0.178862 0.004847  62   7      6
 22.69187   0.1787 0.004837  63   7      6
  22.7002 0.179364 0.004192  64   7      6
 22.68294 0.180851  0.00351  65   7      6
 22.64856 0.178323 0.003654  66   7      6
 22.67153 0.178969 0.004782  67   7      6
 22.67348 0.181019 0.004469  68   7      6
 22.64943 0.178759 0.004453  69   7      6
 22.68862 0.179715 0.005574  70   7      6
 22.69749 0.179809 0.004669  71   8      6
 22.67262 0.179724 0.004506  72   8      6
 22.67846 0.179709 0.003938  73   8      6
 22.68282 0.179792 0.004112  74   8      6
 22.66141 0.180526  0.00508  75   8      6
 22.67874 0.180322 0.003314  76   8      6
 22.62433 0.179045 0.004094  77   8      6
 22.65479 0.177202 0.003663  78   8      6
  22.6772 0.179132 0.003145  79   8      6
 22.65752 0.179708 0.002916  80   8      6
 22.62517 0.178972 0.003551  81   9      6
 22.57724 0.179456  0.00426  82   9      6
 22.61587 0.177873 0.003779  83   9      6
 22.67546 0.179212 0.002138  84   9      6
 22.59328 0.177727 0.002682  85   9      6
 22.62781 0.179254 0.002721  86   9      6
 22.66005 0.178441 0.003866  87   9      6
 22.62484 0.180752 0.004044  88   9      6
  22.6284 0.178018 0.004494  89   9      6
 22.63829 0.179291 0.004114  90   9      6
 22.66567 0.180605 0.003233  91  10      6
 22.65664 0.180017 0.003379  92  10      6
 22.68501 0.178653 0.002337  93  10      6
 22.68017 0.179167 0.002211  94  10      6
 22.62066 0.179383 0.004334  95  10      6
 22.60093 0.180406 0.006189  96  10      6
 22.63687  0.17939 0.002417  97  10      6
 22.61965 0.180389 0.007508  98  10      6
 22.58669  0.17935 0.003026  99  10      6
  22.5985 0.179794 0.002034 100  10      6
 
 22.67751 0.178766 0.003544   1   1      7
 22.66468 0.178705 0.003721   2   1      7
 22.66954 0.178617 0.003868   3   1      7
 22.67964 0.178748 0.004092   4   1      7
 22.66244 0.178738  0.00397   5   1      7
  22.6612 0.178135 0.003819   6   1      7
 22.66446  0.17832 0.003514   7   1      7
 22.66579 0.178668 0.003803   8   1      7
 22.65818 0.178448 0.003961   9   1      7
 22.65832 0.178568 0.003507  10   1      7
 22.67074 0.178703 0.003634  11   2      7
 22.67387 0.178306 0.003963  12   2      7
 22.66161 0.178286 0.003572  13   2      7
 22.64997 0.178372 0.004012  14   2      7
 22.65848 0.178745  0.00388  15   2      7
 22.65946 0.178303 0.003754  16   2      7
  22.6586 0.178673 0.003969  17   2      7
 22.66253 0.178712 0.003585  18   2      7
 22.66482 0.178879 0.004087  19   2      7
   22.661 0.178696 0.004067  20   2      7
 22.65605 0.178565 0.004166  21   3      7
 22.65533 0.178737 0.004053  22   3      7
  22.6516 0.178953 0.003878  23   3      7
  22.6515 0.178683  0.00441  24   3      7
 22.62865 0.178266 0.004055  25   3      7
 22.64572 0.178569 0.004405  26   3      7
 22.65168 0.179034 0.004149  27   3      7
 22.66057 0.178502 0.003495  28   3      7
 22.62897 0.178634 0.004264  29   3      7
 22.64452 0.179109  0.00398  30   3      7
 22.63795 0.178757 0.003765  31   4      7
 22.63674 0.178585 0.003539  32   4      7
 22.63708 0.179041 0.004127  33   4      7
 22.63671 0.178762 0.003749  34   4      7
 22.63355 0.178683 0.003726  35   4      7
 22.64956 0.178378 0.003852  36   4      7
  22.6359 0.179092 0.004221  37   4      7
 22.62725 0.178732 0.004139  38   4      7
 22.62564 0.178786 0.003538  39   4      7
 22.62043 0.178597 0.003239  40   4      7
 22.64204 0.178912 0.003871  41   5      7
 22.62388 0.178107 0.003621  42   5      7
 22.62115 0.179075 0.004297  43   5      7
 22.63572 0.179005 0.003937  44   5      7
 22.64062 0.179141  0.00351  45   5      7
 22.63007 0.179153 0.003328  46   5      7
 22.62078 0.178669 0.004154  47   5      7
 22.64399 0.179521 0.003729  48   5      7
 22.63201 0.179242 0.004008  49   5      7
 22.63205 0.178994 0.004552  50   5      7
 22.62148  0.17933 0.003659  51   6      7
 22.62917  0.17881 0.003732  52   6      7
 22.64564 0.179047 0.003683  53   6      7
 22.63191 0.179298  0.00396  54   6      7
 22.64187 0.179364 0.004187  55   6      7
 22.63098 0.178915 0.003412  56   6      7
  22.6247 0.179472 0.004334  57   6      7
 22.61489  0.17917 0.003907  58   6      7
 22.60341 0.178542 0.003025  59   6      7
 22.61016 0.179105 0.003623  60   6      7
 22.60732 0.178796 0.003609  61   7      7
  22.6079 0.179524 0.004467  62   7      7
 22.60847 0.178706 0.004577  63   7      7
 22.59697 0.178877 0.004316  64   7      7
 22.61666 0.179186 0.004592  65   7      7
 22.61834 0.179837 0.003699  66   7      7
 22.61915 0.178105 0.003963  67   7      7
  22.6153 0.179026 0.003975  68   7      7
 22.59643  0.17865 0.004449  69   7      7
 22.61583   0.1786 0.004275  70   7      7
 22.62025 0.178813 0.004085  71   8      7
 22.62571 0.179168 0.003526  72   8      7
  22.5718 0.179337 0.004114  73   8      7
 22.59782 0.179094  0.00461  74   8      7
 22.61063 0.179097 0.004181  75   8      7
 22.60514 0.177194 0.003588  76   8      7
 22.59151 0.178826 0.004326  77   8      7
 22.61358 0.179564 0.004051  78   8      7
 22.61058 0.178103 0.003932  79   8      7
 22.59566 0.179241 0.004056  80   8      7
  22.5989 0.178152 0.003735  81   9      7
 22.60176 0.178173 0.003915  82   9      7
 22.62111 0.178887 0.004487  83   9      7
 22.59572 0.179045 0.003704  84   9      7
  22.6099 0.179493 0.004421  85   9      7
 22.59742 0.178309 0.004248  86   9      7
  22.6042  0.17868 0.003769  87   9      7
 22.59941 0.178475 0.004115  88   9      7
 22.61015  0.17805  0.00348  89   9      7
 22.59718 0.178049 0.002946  90   9      7
 22.59972  0.17784 0.003741  91  10      7
 22.60016 0.177895 0.003635  92  10      7
 22.59507 0.177556 0.003867  93  10      7
 22.58821 0.177531 0.002679  94  10      7
 22.60443 0.178124  0.00348  95  10      7
 22.58203 0.178198 0.004879  96  10      7
 22.58604 0.178545 0.004043  97  10      7
 22.61681 0.179208 0.002969  98  10      7
 22.62033 0.177655 0.003428  99  10      7
 22.59582 0.177803 0.003892 100  10      7
 
 22.64898 0.177635 0.003909   1   1      8
 22.61917 0.177709 0.003726   2   1      8
 22.60657  0.17856 0.004036   3   1      8
 22.61531 0.177912 0.004215   4   1      8
 22.61872 0.178224 0.004016   5   1      8
 22.60572 0.178818  0.00448   6   1      8
 22.60674 0.177508 0.004135   7   1      8
 22.62668 0.178174 0.004968   8   1      8
 22.58548 0.178335 0.003887   9   1      8
 22.60171 0.178031 0.004285  10   1      8
 22.64256 0.179212 0.003838  11   2      8
 22.63301 0.179598 0.004604  12   2      8
 22.65149 0.178492 0.005112  13   2      8
  22.6589 0.178728 0.004648  14   2      8
 22.66484 0.177587 0.004389  15   2      8
 22.68866 0.178036 0.004375  16   2      8
 22.66945 0.178397 0.004404  17   2      8
  22.6628  0.17908 0.003895  18   2      8
 22.66817 0.178272  0.00428  19   2      8
  22.6447 0.178441 0.004292  20   2      8
 22.63461 0.178839 0.004195  21   3      8
 22.66293 0.178521 0.003947  22   3      8
 22.65929 0.179007 0.004587  23   3      8
 22.61553 0.177489 0.004715  24   3      8
 22.65202 0.178269 0.003925  25   3      8
 22.62179  0.17955 0.004501  26   3      8
  22.6379 0.178827 0.004016  27   3      8
  22.6552 0.178484 0.003797  28   3      8
 22.66805 0.179694 0.004006  29   3      8
 22.65755 0.179557 0.003878  30   3      8
 22.64051 0.180288  0.00443  31   4      8
 22.66186 0.180016 0.003699  32   4      8
 22.65372 0.179171 0.004607  33   4      8
 22.66181 0.179212 0.004827  34   4      8
 22.66569 0.178974 0.004048  35   4      8
 22.68152 0.179941 0.003592  36   4      8
 22.67612  0.18033 0.003595  37   4      8
 22.66149 0.179178 0.006114  38   4      8
 22.65706 0.178815 0.004951  39   4      8
 22.63555  0.17928 0.003844  40   4      8
 22.63131 0.179219 0.005289  41   5      8
 22.62153  0.17915 0.003783  42   5      8
 22.66783 0.179503  0.00551  43   5      8
 22.61677 0.179128 0.004898  44   5      8
 22.60797 0.180106  0.00516  45   5      8
   22.615 0.179006 0.004499  46   5      8
 22.63813 0.179576 0.002968  47   5      8
 22.63692 0.178692 0.004943  48   5      8
 22.61848 0.178932 0.004452  49   5      8
 22.62485 0.179043 0.006103  50   5      8
 22.60684 0.177902 0.005539  51   6      8
 22.59577  0.17897 0.004686  52   6      8
 22.57181 0.179581 0.003576  53   6      8
 22.56937  0.17845   0.0048  54   6      8
 22.59881 0.179048 0.004648  55   6      8
 22.57153 0.178662 0.004384  56   6      8
 22.60093  0.17813 0.005438  57   6      8
 22.57513 0.178304 0.004271  58   6      8
 22.56623 0.179063 0.004634  59   6      8
 22.58609 0.179436 0.004708  60   6      8
 22.55725 0.179914 0.006875  61   7      8
 22.59582   0.1793 0.004767  62   7      8
 22.57541  0.17751 0.004765  63   7      8
 22.58416 0.179818 0.005112  64   7      8
 22.61188 0.178959 0.004819  65   7      8
 22.59023 0.179483 0.004248  66   7      8
 22.56662 0.179623 0.004066  67   7      8
 22.54347 0.178485 0.004959  68   7      8
 22.55415 0.179741 0.003814  69   7      8
 22.56247 0.178986 0.004558  70   7      8
 22.60082 0.178626 0.004575  71   8      8
 22.55376 0.178836  0.00433  72   8      8
  22.5659 0.178379  0.00536  73   8      8
 22.60006 0.177087 0.005328  74   8      8
 22.60937 0.178755 0.004458  75   8      8
 22.60021 0.179226 0.004272  76   8      8
  22.5725 0.177853 0.005192  77   8      8
 22.58232 0.178866 0.006353  78   8      8
 22.58303 0.177877 0.006945  79   8      8
 22.56652 0.177507 0.006135  80   8      8
 22.55929 0.176677 0.005412  81   9      8
 22.59879 0.177932 0.005374  82   9      8
 22.58576 0.177395 0.005033  83   9      8
 22.58702 0.177905 0.006639  84   9      8
 22.57957 0.178733 0.006278  85   9      8
 22.56806 0.178052 0.006532  86   9      8
 22.56241 0.179238 0.004307  87   9      8
 22.60067 0.178318 0.006684  88   9      8
 22.55233 0.177316 0.004252  89   9      8
  22.5807  0.17717 0.003723  90   9      8
 22.58662 0.178578 0.004116  91  10      8
 22.58543 0.178272 0.004684  92  10      8
 22.55489 0.179385 0.004124  93  10      8
  22.5681 0.177976  0.00474  94  10      8
 22.56237 0.179939 0.005417  95  10      8
  22.5889 0.179966 0.004345  96  10      8
 22.52114 0.178473 0.004571  97  10      8
 22.56895 0.179317 0.003774  98  10      8
 22.57812 0.177832 0.003703  99  10      8
 22.58081 0.179492 0.002302 100  10      8
 
 22.54948 0.178526   0.0021   1   1      9
  22.5362 0.179197 0.002093   2   1      9
 22.54115 0.179073 0.000884   3   1      9
 22.54329 0.179605 0.002622   4   1      9
 22.54416 0.178378  0.00181   5   1      9
 22.56228 0.178633 -7.9E-06   6   1      9
 22.56146 0.178213 0.002651   7   1      9
 22.57838 0.178544 0.004455   8   1      9
 22.55274 0.177419 0.002639   9   1      9
 22.61549 0.178934  0.00257  10   1      9
 22.72642 0.177579 0.002916  11   2      9
 22.72077 0.178751 0.004372  12   2      9
 22.75153 0.179718 0.004149  13   2      9
 22.74287 0.179143 0.004766  14   2      9
 22.71346 0.179196 0.004463  15   2      9
  22.7463 0.179925 0.005705  16   2      9
 22.70025 0.179068 0.002655  17   2      9
 22.71752 0.180102 0.003693  18   2      9
 22.72167 0.180176 0.004619  19   2      9
 22.72608 0.179811 0.005125  20   2      9
 22.71875 0.180806  0.00325  21   3      9
 22.70529 0.179986  0.00333  22   3      9
 22.75159 0.181468 0.003409  23   3      9
 22.70831 0.179661 0.004575  24   3      9
 22.69087 0.179349 0.004176  25   3      9
  22.7256  0.18105 0.005174  26   3      9
  22.7066  0.18081 0.005434  27   3      9
 22.69865 0.181072 0.004776  28   3      9
 22.71883 0.179429  0.00396  29   3      9
 22.70759 0.178527 0.002918  30   3      9
 22.72633 0.180101 0.002652  31   4      9
 22.72667 0.180071 0.005054  32   4      9
 22.73814 0.180633 0.003197  33   4      9
 22.69235 0.181062 0.002087  34   4      9
 22.73655 0.179031 0.001697  35   4      9
 22.77624 0.182088 0.001895  36   4      9
 22.70337 0.179515  0.00426  37   4      9
 22.69167 0.178642 0.000676  38   4      9
 22.70888 0.180274 0.002816  39   4      9
 22.71378 0.178699 0.004475  40   4      9
 22.72319 0.177872 0.005502  41   5      9
 22.72293 0.175408 0.003422  42   5      9
 22.78498 0.181726 0.003498  43   5      9
 22.70985 0.179151 0.004099  44   5      9
 22.68945 0.176572  0.00432  45   5      9
 22.71021 0.180407 0.003685  46   5      9
 22.74779 0.178445 0.001253  47   5      9
 22.73843 0.177511 0.004245  48   5      9
 22.74913 0.176069 0.004001  49   5      9
 22.72461 0.178874 0.004001  50   5      9
 22.70101 0.177775  0.00479  51   6      9
 22.66013 0.176441 0.002252  52   6      9
 22.72434 0.181018 0.000405  53   6      9
 22.71323 0.181176 0.004557  54   6      9
 22.69474 0.179109 0.004261  55   6      9
 22.76759 0.180212 0.003341  56   6      9
 22.73921 0.181497 0.003843  57   6      9
 22.69432 0.179531 0.002292  58   6      9
 22.67051 0.178996 0.002507  59   6      9
 22.72345 0.180903 0.004206  60   6      9
 22.73021 0.179829 0.001401  61   7      9
 22.64573 0.176106 0.002695  62   7      9
 22.66101 0.175519 0.004483  63   7      9
 22.64941 0.177837 0.003992  64   7      9
 22.67239 0.178357 0.000956  65   7      9
  22.6756   0.1794  0.00358  66   7      9
 22.67784 0.177729 0.005551  67   7      9
 22.69463 0.177224 0.005334  68   7      9
 22.68382 0.171356 0.004876  69   7      9
 22.64906 0.181518 0.004832  70   7      9
 22.70401 0.178692 0.004296  71   8      9
 22.62289 0.180932   0.0023  72   8      9
 22.62044 0.180121  0.00228  73   8      9
 22.69945  0.18055 0.001766  74   8      9
 22.65927 0.179437  0.00411  75   8      9
 22.68263 0.179806 0.002799  76   8      9
 22.64707 0.175211 0.003854  77   8      9
 22.61353 0.178144 0.004827  78   8      9
 22.62685 0.178012 0.003334  79   8      9
 22.67724 0.177436 0.004403  80   8      9
 22.65757 0.177515 0.003298  81   9      9
 22.70232 0.175988 0.002657  82   9      9
 22.70492 0.179289 0.000263  83   9      9
 22.72017 0.179765 -0.00162  84   9      9
 22.63392 0.175194 0.003737  85   9      9
 22.68265   0.1818 0.002266  86   9      9
 22.70756 0.178733   0.0046  87   9      9
 22.68445 0.178278  0.00203  88   9      9
 22.66581 0.180258 0.002181  89   9      9
 22.67827 0.178652 0.003152  90   9      9
 22.67186 0.179636 0.005303  91  10      9
 22.65839 0.179518 0.003568  92  10      9
 22.62153 0.180117 0.002901  93  10      9
 22.69891 0.180741  0.00382  94  10      9
 22.64321 0.177771  0.00133  95  10      9
   22.617 0.174644 0.001397  96  10      9
 22.64857 0.177844 0.004221  97  10      9
 22.66315 0.178206 0.003191  98  10      9
 22.71861 0.180711 0.003437  99  10      9
 22.65048 0.177638 0.004429 100  10      9
 
 22.67541  0.17878  0.00502   1   1     10
 22.64503 0.179134 0.005012   2   1     10
 22.66984 0.177929 0.002251   3   1     10
 22.66359 0.176266 0.004606   4   1     10
  22.6412 0.176458 0.005779   5   1     10
 22.65254   0.1766 0.003403   6   1     10
 22.62519 0.176756  0.00364   7   1     10
 22.62598 0.177894 0.004111   8   1     10
 22.57556 0.176827 0.004592   9   1     10
 22.66526 0.176376 0.002038  10   1     10
 22.68535 0.178361 0.004369  11   2     10
 22.72568 0.178119 0.002585  12   2     10
 22.72562  0.17906   0.0047  13   2     10
 22.74724 0.178473 0.001957  14   2     10
 22.67279 0.177634 0.002471  15   2     10
 22.69692 0.174581 0.002656  16   2     10
 22.70463 0.178667 0.003523  17   2     10
 22.71597 0.180546 0.000624  18   2     10
  22.7547 0.179127 0.004253  19   2     10
 22.70199  0.18054 0.004296  20   2     10
 22.66201 0.179943 0.005933  21   3     10
 22.66743 0.180785 0.001505  22   3     10
 22.68209  0.17983 0.002054  23   3     10
 22.65265 0.179454 0.003612  24   3     10
 22.68963 0.177506 0.007611  25   3     10
 22.69131 0.177836 0.004916  26   3     10
 22.68354 0.177239 0.003367  27   3     10
 22.69707 0.178007 0.002457  28   3     10
 22.69997 0.175245 0.004427  29   3     10
 22.74401 0.175271 0.005033  30   3     10
  22.6562 0.177858 0.006001  31   4     10
 22.74632 0.179685 0.002197  32   4     10
 22.71608 0.179817 0.003495  33   4     10
 22.64769 0.176652 0.003793  34   4     10
 22.60734 0.178258 0.006536  35   4     10
 22.70149 0.176775  0.00541  36   4     10
 22.71767 0.177772 0.005594  37   4     10
 22.79019 0.178328 0.002022  38   4     10
 22.73313 0.179303 0.004502  39   4     10
 22.68885 0.179871 -0.00027  40   4     10
  22.6329  0.17801 0.007043  41   5     10
 22.59811 0.173546 0.006003  42   5     10
 22.68477 0.177477 0.002318  43   5     10
 22.57918 0.176486 0.000288  44   5     10
 22.68021 0.177776 0.000495  45   5     10
  22.6372 0.171933  8.8E-06  46   5     10
 22.62634 0.179317 0.008689  47   5     10
 22.70462 0.175546 0.001272  48   5     10
 22.68559 0.178968 0.002219  49   5     10
 22.69193 0.174325 0.002938  50   5     10
  22.7375 0.176579 0.000424  51   6     10
 22.64254 0.175801 0.001892  52   6     10
 22.67803 0.177706 0.005164  53   6     10
 22.68729 0.176848 0.003315  54   6     10
 22.73455 0.174574 0.001847  55   6     10
 22.70901 0.176167 0.007023  56   6     10
 22.70836 0.181801 0.003915  57   6     10
  22.7059 0.172636 0.001754  58   6     10
 22.70953 0.175066 -0.00181  59   6     10
 22.68312 0.174647 -0.00055  60   6     10
 22.71469 0.177844 0.001113  61   7     10
 22.68614 0.180354 0.000389  62   7     10
   22.713 0.178933 0.008451  63   7     10
 22.66447 0.176045 -0.00107  64   7     10
 22.62382 0.172213 0.005651  65   7     10
 22.73573 0.179338  -0.0002  66   7     10
 22.66783 0.176959 0.002129  67   7     10
  22.6373 0.179072 0.006578  68   7     10
 22.74068 0.177587 0.001684  69   7     10
 22.57724 0.178272 -0.00363  70   7     10
 22.67978 0.174662 -0.00216  71   8     10
  22.6711 0.175335 0.001957  72   8     10
  22.5008 0.173163 0.008386  73   8     10
 22.72492  0.17734 0.002514  74   8     10
 22.61432 0.177666 0.004575  75   8     10
 22.58883  0.17636 0.000479  76   8     10
 22.52346 0.175628 0.000611  77   8     10
 22.58916 0.172283  0.00513  78   8     10
 22.53356 0.170765  0.00726  79   8     10
 22.40916 0.172412 0.005748  80   8     10
 22.68201 0.176404 -0.00248  81   9     10
 22.65657 0.170404 0.000485  82   9     10
  22.5745 0.170422  -0.0016  83   9     10
 22.53758 0.174167 0.008273  84   9     10
 22.57599  0.17389 0.003127  85   9     10
 22.67647 0.175884 0.000714  86   9     10
 22.67625 0.187053 0.001638  87   9     10
  22.6209 0.177558 0.000962  88   9     10
 22.59171 0.175888 0.001998  89   9     10
 22.48028  0.17986 0.007982  90   9     10
 22.47856 0.181946 -0.00615  91  10     10
 22.59802 0.178385 0.004774  92  10     10
  22.5886 0.183811  0.00465  93  10     10
 22.42088 0.178237 0.004004  94  10     10
  22.7505 0.174732 0.001531  95  10     10
 22.59837 0.172926 0.004459  96  10     10
 22.45082 0.181083 0.006402  97  10     10
 22.40326 0.177507 0.003013  98  10     10
 22.48647 0.177489 0.000988  99  10     10
  22.5915 0.177984 0.002933 100  10     10
 
 22.67048 0.178454 0.003336   1   1     11
 22.66481 0.177622   0.0027   2   1     11
 22.67268 0.178004 0.002565   3   1     11
 22.66549 0.178024 0.003284   4   1     11
 22.66767 0.177602  0.00291   5   1     11
 22.68593 0.177717 0.002814   6   1     11
 22.66661 0.178051 0.003086   7   1     11
 22.66822  0.17768 0.002932   8   1     11
 22.67334 0.177405  0.00247   9   1     11
 22.66583  0.17804 0.002896  10   1     11
 22.66719 0.177841 0.003005  11   2     11
 22.66065 0.177996  0.00263  12   2     11
 22.67041  0.17826 0.003197  13   2     11
 22.65798 0.177419 0.002842  14   2     11
 22.67265 0.177589  0.00269  15   2     11
 22.66032 0.177893 0.002475  16   2     11
 22.66174 0.177777 0.003015  17   2     11
 22.66488 0.177888  0.00285  18   2     11
 22.66193 0.178109 0.002873  19   2     11
 22.67643 0.177747 0.002586  20   2     11
 22.65319 0.177739 0.003375  21   3     11
 22.66268 0.177719 0.003122  22   3     11
 22.65317 0.177816 0.002707  23   3     11
 22.66062 0.177463 0.003088  24   3     11
 22.65053 0.177302 0.002724  25   3     11
 22.65619 0.177586 0.002219  26   3     11
 22.66076 0.177342 0.003036  27   3     11
 22.67293 0.177877 0.002366  28   3     11
 22.66957 0.177514 0.002836  29   3     11
 22.65807 0.177395 0.002824  30   3     11
 22.67097 0.177411 0.002832  31   4     11
 22.66421 0.177499 0.002346  32   4     11
 22.65418 0.177073 0.002946  33   4     11
 22.65514 0.177377 0.002832  34   4     11
 22.65921 0.177465 0.002909  35   4     11
 22.66634 0.177262 0.002393  36   4     11
  22.6547 0.177255 0.002536  37   4     11
 22.66411 0.177083 0.002562  38   4     11
 22.65593 0.177684 0.002753  39   4     11
 22.65829  0.17769 0.002321  40   4     11
 22.63928 0.177301 0.002094  41   5     11
 22.65038 0.177109 0.002609  42   5     11
 22.64682 0.177318 0.002651  43   5     11
 22.65421 0.177464 0.002696  44   5     11
 22.65517 0.177509 0.002567  45   5     11
 22.65899 0.177647 0.003167  46   5     11
 22.63792 0.177745 0.002822  47   5     11
 22.65663 0.177352 0.002966  48   5     11
 22.65141 0.178036 0.003117  49   5     11
 22.67092 0.177977 0.002691  50   5     11
 22.64048 0.176733 0.002885  51   6     11
  22.6474 0.177567 0.002852  52   6     11
 22.64423 0.177599  0.00256  53   6     11
 22.65004 0.177519 0.003083  54   6     11
 22.66645 0.177732 0.002581  55   6     11
 22.63892 0.177075 0.002743  56   6     11
 22.65987  0.17775 0.002082  57   6     11
 22.66089 0.177036 0.001938  58   6     11
 22.65644 0.177861 0.002727  59   6     11
 22.65426 0.177893 0.002584  60   6     11
 22.66034 0.177406 0.002912  61   7     11
 22.62988 0.177179 0.002021  62   7     11
 22.64067 0.177578 0.002129  63   7     11
 22.64394 0.178335 0.002448  64   7     11
 22.62838 0.176766 0.002142  65   7     11
 22.65539 0.177341 0.002255  66   7     11
 22.64264 0.177722 0.002761  67   7     11
 22.64561 0.177432 0.001773  68   7     11
 22.65126 0.178099 0.001944  69   7     11
 22.65551 0.177798 0.002564  70   7     11
 22.64837 0.177692 0.003053  71   8     11
 22.63778 0.177253 0.002814  72   8     11
 22.65288 0.178175 0.002595  73   8     11
 22.65238 0.177925 0.002004  74   8     11
 22.63616 0.177234 0.002452  75   8     11
 22.64238 0.177388 0.002456  76   8     11
 22.65915 0.177143 0.002349  77   8     11
 22.64678 0.176752 0.002418  78   8     11
 22.63558 0.176764 0.002065  79   8     11
 22.66385 0.177764 0.002609  80   8     11
 22.64768 0.176898 0.002476  81   9     11
 22.63523 0.177091 0.002864  82   9     11
  22.6307 0.176862 0.002938  83   9     11
 22.64265 0.176806 0.002494  84   9     11
 22.62158 0.177408 0.002783  85   9     11
 22.64144  0.17798 0.002984  86   9     11
 22.63451 0.177065 0.003051  87   9     11
 22.63392 0.177183 0.002261  88   9     11
 22.63881 0.177786   0.0029  89   9     11
 22.64563 0.176757 0.002925  90   9     11
 22.62065 0.176854  0.00257  91  10     11
 22.61616 0.176436  0.00205  92  10     11
 22.63946 0.177284 0.003199  93  10     11
 22.62703 0.177289 0.002533  94  10     11
 22.63276 0.177087 0.002313  95  10     11
 22.64157  0.17751 0.002447  96  10     11
 22.62689 0.176547 0.002854  97  10     11
 22.62725  0.17717 0.002861  98  10     11
 22.64873 0.176273 0.002229  99  10     11
 22.61003 0.176633 0.002115 100  10     11
 
 21.64119 0.175364 0.003367   1   1     12
 21.64826 0.174174 0.003384   2   1     12
 21.66025 0.174703 0.003503   3   1     12
 21.64509 0.174505 0.004245   4   1     12
 21.65077 0.174155 0.004021   5   1     12
 21.63272 0.175565 0.004347   6   1     12
 21.63281 0.175016 0.005879   7   1     12
 21.62521 0.174158 0.004654   8   1     12
 21.61782 0.173931 0.003983   9   1     12
 21.62394 0.175812 0.004464  10   1     12
 21.63864 0.174592 0.004057  11   2     12
 21.63394 0.174769 0.003036  12   2     12
 21.64467  0.17338 0.003429  13   2     12
 21.58164 0.175053 0.001465  14   2     12
  21.6818  0.17458 0.003165  15   2     12
 21.64873 0.175355 0.002113  16   2     12
 21.65053 0.173979 0.005365  17   2     12
 21.62698 0.173495 0.004897  18   2     12
  21.6409 0.175388 0.001719  19   2     12
 21.63386 0.176152 0.005246  20   2     12
 21.58679 0.175136 0.002847  21   3     12
 21.62937 0.175442  0.00331  22   3     12
 21.63454  0.17522 0.003418  23   3     12
 21.63896 0.173489 0.003896  24   3     12
 21.62713 0.174043 0.004692  25   3     12
  21.6338 0.175638 0.004136  26   3     12
 21.62416 0.174055 0.002655  27   3     12
 21.59254 0.175376 0.004171  28   3     12
 21.60743 0.174539 0.002028  29   3     12
  21.5623 0.173228 0.004921  30   3     12
  21.5993 0.174227 0.001664  31   4     12
 21.62452 0.173174 0.003246  32   4     12
  21.5573 0.173976 0.003144  33   4     12
 21.60025 0.173926 0.003429  34   4     12
 21.60571 0.173883 0.001617  35   4     12
 21.61175  0.17362 0.004431  36   4     12
 21.61262 0.177136 0.002625  37   4     12
 21.58027 0.174705  0.00333  38   4     12
 21.61088 0.175157 0.004219  39   4     12
 21.57798 0.174617 0.005371  40   4     12
 21.62784 0.173256 0.005386  41   5     12
  21.6329 0.175349 0.004622  42   5     12
  21.6178  0.17549 0.003547  43   5     12
 21.65205 0.173519 0.003612  44   5     12
 21.62355 0.173702 0.004211  45   5     12
 21.62261 0.173897  0.00359  46   5     12
 21.62972 0.173872 0.004679  47   5     12
 21.58798 0.173216 0.004037  48   5     12
 21.64261 0.174476 0.003672  49   5     12
 21.61761 0.173076 0.003141  50   5     12
  21.5991 0.173872 0.004476  51   6     12
 21.60356 0.174374 0.003688  52   6     12
 21.62886 0.174242 0.004214  53   6     12
  21.6455 0.173793 0.004369  54   6     12
 21.66803 0.175657  0.00466  55   6     12
 21.61712  0.17434 0.003869  56   6     12
 21.66975 0.175393 0.003652  57   6     12
 21.58892 0.169709 0.004186  58   6     12
 21.60557 0.172769 0.006174  59   6     12
  21.6359 0.173114 0.005951  60   6     12
 21.62789 0.173638  0.00567  61   7     12
 21.60539 0.174202 0.004278  62   7     12
 21.57251 0.172233 0.002213  63   7     12
 21.58936 0.174522 0.005671  64   7     12
 21.64409 0.174807 0.004645  65   7     12
 21.57934 0.174487  0.00349  66   7     12
 21.64438 0.174974 0.001869  67   7     12
  21.6056 0.175387  0.00483  68   7     12
 21.55247 0.174221 0.003369  69   7     12
 21.61054 0.175068 0.001795  70   7     12
 21.65139 0.173142 0.003226  71   8     12
 21.61351 0.173269 0.002926  72   8     12
 21.58281 0.174234 0.003484  73   8     12
 21.58202 0.172679 0.002122  74   8     12
 21.61661 0.174651 0.002679  75   8     12
 21.60259 0.174141  0.00384  76   8     12
 21.57082 0.173219 0.003786  77   8     12
 21.55997 0.171703 0.002031  78   8     12
 21.55657 0.174887 0.001808  79   8     12
 21.54732 0.173846 0.002877  80   8     12
 21.54764 0.172803 0.002406  81   9     12
 21.57924 0.175478 0.005523  82   9     12
 21.53658  0.17385 0.002861  83   9     12
 21.57924 0.174706 0.001788  84   9     12
 21.58645 0.175554 0.004028  85   9     12
 21.64049 0.173309 0.001832  86   9     12
 21.67555  0.17397 0.001324  87   9     12
 21.56102 0.175255 0.003946  88   9     12
 21.66521 0.175091  0.00365  89   9     12
  21.6284 0.173658 0.003276  90   9     12
 21.60447 0.176231 0.002701  91  10     12
 21.58205 0.174478 0.003534  92  10     12
 21.58878 0.175113 0.004575  93  10     12
 21.57998 0.173278  0.00271  94  10     12
 21.56778 0.172429 0.002081  95  10     12
 21.56904  0.17454 0.002886  96  10     12
 21.63167 0.174059 0.005215  97  10     12
 21.59121 0.176461 0.002791  98  10     12
 21.58981 0.171873 0.003821  99  10     12
 21.58448 0.174925 0.004403 100  10     12
 
 21.63374 0.174622 0.003503   1   1     13
 21.63372 0.174515 0.003345   2   1     13
 21.63445  0.17456 0.003276   3   1     13
 21.63212 0.174429 0.003375   4   1     13
 21.63308 0.174479 0.003394   5   1     13
 21.63774 0.174516 0.003443   6   1     13
 21.63862 0.174677 0.003412   7   1     13
 21.62533 0.174475  0.00349   8   1     13
 21.62744 0.174673 0.003689   9   1     13
 21.63836 0.174351 0.003315  10   1     13
 21.62927 0.174302 0.003362  11   2     13
 21.62585  0.17452 0.003466  12   2     13
 21.62451 0.174604 0.003421  13   2     13
 21.63086 0.174459 0.003434  14   2     13
 21.62538 0.174471 0.003705  15   2     13
 21.62039 0.174525 0.003389  16   2     13
 21.62508 0.174272 0.003345  17   2     13
 21.62953 0.174543  0.00335  18   2     13
 21.63016 0.174715 0.003394  19   2     13
 21.62564 0.174537 0.003292  20   2     13
 21.63094  0.17434 0.003458  21   3     13
 21.62184 0.174487 0.003592  22   3     13
  21.6263  0.17473 0.003305  23   3     13
 21.62373 0.174432 0.003226  24   3     13
 21.62491 0.174647 0.003291  25   3     13
  21.6213  0.17452 0.003508  26   3     13
 21.63033 0.174665 0.003364  27   3     13
  21.6228 0.174604 0.003572  28   3     13
 21.62958 0.174521 0.003382  29   3     13
 21.62542  0.17459 0.003218  30   3     13
 21.61567 0.174312 0.003383  31   4     13
 21.61818 0.174627 0.003202  32   4     13
 21.61897 0.174491 0.003605  33   4     13
 21.62205 0.174633  0.00346  34   4     13
 21.61889 0.174382 0.003477  35   4     13
 21.61801 0.174292 0.003516  36   4     13
 21.61572 0.174632 0.003637  37   4     13
 21.62391 0.174945 0.003328  38   4     13
 21.61937 0.174606 0.003423  39   4     13
 21.61591 0.174397  0.00375  40   4     13
 21.61348 0.174575 0.003136  41   5     13
 21.62408 0.174504 0.003382  42   5     13
 21.61881 0.174344 0.003706  43   5     13
 21.61622 0.174819 0.003346  44   5     13
 21.62244 0.174612 0.003784  45   5     13
  21.6193 0.174392 0.003351  46   5     13
 21.61604 0.174604 0.003387  47   5     13
 21.61247 0.174774 0.003151  48   5     13
 21.61827 0.174633 0.003393  49   5     13
 21.61353 0.174525 0.003376  50   5     13
 21.62123 0.174376 0.003481  51   6     13
 21.61594 0.174285  0.00341  52   6     13
 21.60557 0.174473  0.00342  53   6     13
 21.61805 0.174844 0.003315  54   6     13
  21.6126 0.174469 0.003303  55   6     13
 21.61757  0.17465 0.003187  56   6     13
  21.6171 0.174631 0.003335  57   6     13
 21.62008 0.174821 0.003617  58   6     13
 21.61749 0.174577 0.003109  59   6     13
  21.6192 0.174706  0.00316  60   6     13
 21.61767 0.174201 0.003029  61   7     13
 21.60899 0.174262 0.002968  62   7     13
 21.61349 0.174458 0.003484  63   7     13
 21.61322 0.174053 0.003131  64   7     13
 21.61682 0.174247  0.00324  65   7     13
 21.61812 0.174384 0.003264  66   7     13
 21.61075  0.17445 0.003505  67   7     13
 21.61078 0.174244 0.003293  68   7     13
 21.61199 0.174731 0.003637  69   7     13
 21.61537 0.174496 0.003366  70   7     13
 21.61639 0.174398 0.003262  71   8     13
 21.60225 0.173973 0.003129  72   8     13
 21.61116  0.17417 0.003581  73   8     13
 21.61256 0.174287 0.003148  74   8     13
 21.61694 0.174726 0.002886  75   8     13
 21.61192 0.174586 0.003251  76   8     13
 21.60735 0.174467 0.003091  77   8     13
 21.61359 0.174575 0.003547  78   8     13
 21.60505 0.174367 0.003195  79   8     13
 21.60981 0.174392 0.003222  80   8     13
 21.60317 0.174271 0.003287  81   9     13
   21.605 0.174444 0.003238  82   9     13
 21.60197 0.174519 0.003464  83   9     13
 21.61237  0.17442 0.003322  84   9     13
  21.6027 0.174518 0.003093  85   9     13
 21.59803 0.174296 0.003206  86   9     13
 21.59594 0.174615 0.003456  87   9     13
 21.60691 0.174439 0.002986  88   9     13
 21.60786 0.174133 0.003171  89   9     13
 21.60562 0.174394 0.003156  90   9     13
 21.61686 0.174478 0.003457  91  10     13
 21.59326 0.173671  0.00335  92  10     13
 21.60235 0.174196 0.003338  93  10     13
 21.60421 0.173928 0.003089  94  10     13
 21.59982 0.174172 0.003097  95  10     13
 21.60631 0.174133   0.0028  96  10     13
 21.60704  0.17429 0.003114  97  10     13
 21.60775 0.174083 0.003356  98  10     13
 21.59451  0.17416 0.003209  99  10     13
 21.59517 0.174119 0.003224 100  10     13
 
 23.19606 0.180643 0.004383   1   1     14
 23.19436 0.180516 0.004375   2   1     14
 23.19825 0.180219 0.003756   3   1     14
 23.18821 0.180015 0.004761   4   1     14
 23.19311 0.180766 0.004632   5   1     14
  23.1722 0.179736 0.005645   6   1     14
 23.20742 0.180762   0.0057   7   1     14
 23.17817 0.179566 0.004347   8   1     14
 23.19294 0.181107 0.004662   9   1     14
 23.21174 0.180131 0.005422  10   1     14
 23.18764 0.180673 0.005432  11   2     14
   23.196  0.18009  0.00572  12   2     14
 23.18664  0.18093 0.005311  13   2     14
 23.20574 0.180081 0.005113  14   2     14
 23.17668 0.180913 0.004856  15   2     14
 23.17639 0.180854 0.005211  16   2     14
 23.18361 0.180709 0.005333  17   2     14
 23.17769 0.180711  0.00514  18   2     14
 23.17921 0.182046 0.004823  19   2     14
 23.17143 0.180993 0.005379  20   2     14
 23.18928 0.180401 0.004675  21   3     14
 23.17638 0.181607  0.00587  22   3     14
 23.17851 0.180774 0.004968  23   3     14
  23.1975 0.181366 0.004935  24   3     14
 23.17203  0.18089 0.005409  25   3     14
 23.16814 0.181353 0.005514  26   3     14
 23.18296 0.180907 0.005229  27   3     14
 23.17658 0.181409 0.004819  28   3     14
 23.17802 0.181587 0.005985  29   3     14
  23.1929 0.182009 0.005197  30   3     14
 23.18018 0.181387 0.005644  31   4     14
 23.19354 0.180862 0.004867  32   4     14
 23.18641 0.182017  0.00542  33   4     14
 23.17443 0.181388 0.005314  34   4     14
 23.18623 0.181219 0.004873  35   4     14
 23.19698   0.1824 0.005051  36   4     14
 23.20108  0.18158 0.005714  37   4     14
 23.20659 0.180873 0.004799  38   4     14
 23.21019 0.181264 0.005752  39   4     14
  23.1905 0.181697 0.005689  40   4     14
 23.21326 0.182409 0.005241  41   5     14
 23.21077 0.181952 0.005872  42   5     14
  23.2088 0.181521 0.004396  43   5     14
 23.21367 0.181451 0.005084  44   5     14
 23.20461 0.181545 0.005327  45   5     14
 23.20289 0.181607 0.003803  46   5     14
 23.18708  0.18198 0.005517  47   5     14
 23.21148 0.181325 0.005193  48   5     14
 23.19279 0.181703 0.004629  49   5     14
 23.21513 0.181123 0.005687  50   5     14
 23.17356 0.180194 0.006357  51   6     14
 23.21862 0.181068  0.00456  52   6     14
 23.18451 0.181749 0.005729  53   6     14
  23.2573 0.182781 0.004696  54   6     14
 23.19754  0.18223  0.00517  55   6     14
 23.23265 0.182248 0.005523  56   6     14
 23.20954  0.18172 0.006568  57   6     14
 23.22233 0.181942 0.007201  58   6     14
 23.18804 0.181344 0.005951  59   6     14
 23.19213 0.182047 0.005145  60   6     14
 23.16095 0.182288  0.00712  61   7     14
  23.1768 0.180022 0.006858  62   7     14
 23.19529 0.180945 0.005166  63   7     14
 23.18339  0.18006 0.005256  64   7     14
 23.19153 0.182393 0.004779  65   7     14
 23.17813 0.182171 0.006146  66   7     14
 23.17333 0.182312 0.004726  67   7     14
 23.15963 0.182508  0.00658  68   7     14
 23.17903 0.182064 0.005307  69   7     14
 23.17655 0.182366  0.00545  70   7     14
 23.20893 0.182572 0.005404  71   8     14
 23.18491 0.181997 0.005881  72   8     14
 23.20603 0.183002 0.003894  73   8     14
 23.21014 0.184239 0.005916  74   8     14
  23.2116 0.182812 0.006949  75   8     14
 23.17045 0.183131 0.005011  76   8     14
 23.22394 0.180913 0.006508  77   8     14
   23.172  0.18271 0.007244  78   8     14
 23.20709 0.182646 0.007123  79   8     14
 23.21026 0.180344 0.007723  80   8     14
  23.2139 0.181844 0.007658  81   9     14
 23.16889 0.182309 0.005968  82   9     14
  23.1921 0.181483 0.005417  83   9     14
 23.15477 0.181482 0.005463  84   9     14
 23.19638  0.18212  0.00602  85   9     14
 23.20319 0.181127 0.006152  86   9     14
 23.20969 0.180114 0.004442  87   9     14
 23.19519 0.181849 0.006415  88   9     14
 23.16983 0.181351 0.006084  89   9     14
 23.18998 0.180875 0.004913  90   9     14
 23.15769 0.182746 0.005315  91  10     14
 23.17527 0.180922 0.006418  92  10     14
 23.17555 0.181745 0.005823  93  10     14
 23.13487 0.182346 0.005312  94  10     14
 23.16983 0.182521 0.007123  95  10     14
 23.18413 0.181822 0.006769  96  10     14
 23.20421 0.182836 0.005938  97  10     14
 23.16485 0.182338 0.005554  98  10     14
 23.14224 0.181061 0.006721  99  10     14
 23.19451 0.180433 0.006299 100  10     14
 
 23.18875 0.180657 0.004652   1   1     15
 23.19911 0.181334 0.004601   2   1     15
 23.17732 0.181145 0.004466   3   1     15
 23.17214 0.180661  0.00472   4   1     15
 23.19852 0.180454 0.004424   5   1     15
 23.18806 0.179966 0.004906   6   1     15
 23.18969  0.18091 0.003776   7   1     15
 23.20388 0.180437 0.003712   8   1     15
 23.18788 0.180477  0.00394   9   1     15
 23.18826 0.180408 0.004375  10   1     15
 23.20822 0.181034 0.004782  11   2     15
 23.20815 0.180261 0.004514  12   2     15
 23.20622 0.180331 0.004427  13   2     15
 23.21861  0.18126 0.004883  14   2     15
  23.2019  0.18077 0.003544  15   2     15
 23.18719 0.180413 0.004741  16   2     15
 23.20627 0.179853 0.004854  17   2     15
 23.21458 0.180452 0.004864  18   2     15
 23.21815 0.180276 0.003687  19   2     15
 23.21843  0.18029 0.004462  20   2     15
 23.22376 0.181173 0.004573  21   3     15
 23.22646  0.18129 0.004371  22   3     15
 23.23002 0.180669 0.004459  23   3     15
 23.22503 0.180395 0.005066  24   3     15
  23.2159  0.18125 0.004636  25   3     15
 23.20204 0.180772 0.004762  26   3     15
 23.21826 0.181088 0.005153  27   3     15
 23.20423 0.180829 0.004082  28   3     15
 23.21961 0.180985 0.004395  29   3     15
 23.22116 0.180191 0.004844  30   3     15
  23.1957 0.180984 0.005332  31   4     15
 23.22188 0.180438 0.005236  32   4     15
 23.21057 0.180387 0.005235  33   4     15
 23.20281 0.181571 0.005711  34   4     15
 23.20978 0.180146 0.005374  35   4     15
 23.21225 0.179861 0.005517  36   4     15
 23.21254  0.18029 0.003855  37   4     15
 23.21283 0.179748 0.004658  38   4     15
 23.17751 0.179688 0.005487  39   4     15
 23.19977 0.181028 0.004639  40   4     15
 23.19719  0.18048 0.005281  41   5     15
 23.19241 0.180547 0.004132  42   5     15
  23.1912  0.18057 0.004651  43   5     15
 23.19505 0.180169 0.005112  44   5     15
  23.1896 0.181184  0.00488  45   5     15
 23.20112 0.180307 0.004855  46   5     15
 23.19081 0.181014 0.004518  47   5     15
 23.20784 0.180167  0.00437  48   5     15
 23.20194  0.18024 0.004233  49   5     15
 23.19351 0.179642 0.003863  50   5     15
 23.19871 0.180538 0.004064  51   6     15
 23.20572 0.180944 0.004257  52   6     15
 23.24755 0.180066 0.004065  53   6     15
 23.19702 0.180395 0.005208  54   6     15
 23.21422 0.180541 0.005112  55   6     15
 23.20401 0.179785 0.005119  56   6     15
  23.2123 0.180425 0.004207  57   6     15
 23.20766  0.18116 0.005151  58   6     15
 23.19991  0.18098  0.00483  59   6     15
 23.16676 0.180543 0.005086  60   6     15
 23.17703 0.180245 0.005013  61   7     15
 23.19882 0.181067 0.004281  62   7     15
 23.18963 0.181598 0.005176  63   7     15
 23.19706 0.181759 0.006198  64   7     15
 23.20065 0.181981 0.005488  65   7     15
 23.18976 0.180897   0.0058  66   7     15
 23.21667  0.18169 0.005863  67   7     15
  23.2144 0.181159 0.003861  68   7     15
 23.23872  0.18145 0.006117  69   7     15
 23.19356 0.181531 0.005578  70   7     15
 23.18437 0.179931 0.005738  71   8     15
 23.17034  0.18079 0.004612  72   8     15
  23.2167 0.180301   0.0056  73   8     15
 23.18855   0.1802  0.00547  74   8     15
 23.19995 0.181592 0.005602  75   8     15
 23.18406 0.180089 0.005518  76   8     15
 23.19372 0.181631  0.00517  77   8     15
 23.19703 0.181574 0.004944  78   8     15
 23.19065 0.181807 0.004797  79   8     15
 23.19623 0.181496 0.005564  80   8     15
 23.18535 0.179689 0.005738  81   9     15
 23.19156 0.181596   0.0056  82   9     15
 23.20084 0.181844 0.005212  83   9     15
 23.19586 0.180982 0.004422  84   9     15
 23.17874 0.181143 0.005818  85   9     15
 23.20039 0.181193 0.005915  86   9     15
 23.15555 0.181305 0.004829  87   9     15
 23.18558 0.180673 0.003845  88   9     15
 23.17602 0.181253 0.005586  89   9     15
 23.19046 0.181002 0.005115  90   9     15
 23.18306 0.181184 0.006034  91  10     15
 23.19927 0.181132 0.004571  92  10     15
 23.20678 0.180689 0.005442  93  10     15
 23.20899 0.179764 0.004431  94  10     15
 23.18091 0.181587 0.003679  95  10     15
 23.20926 0.180456 0.004402  96  10     15
 23.20222 0.181531 0.006657  97  10     15
 23.20483 0.181183 0.005308  98  10     15
 23.19562 0.180607 0.004585  99  10     15
 23.19958 0.181024 0.005793 100  10     15
