This IS DATAPLOT data file NAF11.DAT (= ELKINS11.DAT)
Jim Elkins North Atlantic Freon-11 data  1/92
Number of observations = 183
Response variable = F-11 concentration (parts per trillion)
Number of variables per line image = 4
Order of variables on a line image--
   1. Time (Year and fractions of a year--12 obs per year)
   2. F-11 (ppt) for direction = north
   3. F-11 (ppt) for direction = south
   4. F-11 (ppt) (average of north and south)
To read this into DATAPLOT--
   SKIP 25
   READ NAF11.DAT X Y1 Y2 Y3
 
 
 
 
 
 
 
 
 
                North H. South H.  Global Mean
     date      F11 (ppt) F11 (ppt) F11 (ppt)
---------------------------------------------------
  77.041702    147.2     133  140.1
  77.124702    144.5     132.5     138.5
  77.208702    142.2     126.1     134.1
  77.291664    142.2     130  136.1
  77.374702    142.7     129.6     136.1
  77.458702    141.2     130.2     135.7
  77.541664    141.9     131.8     136.8
  77.624664    147.0     133.7     140.3
  77.708664    145.9     134.5     140.2
  77.791664    148.5     135.2     141.9
  77.874664    148.2     134.5     141.3
  77.958664    151.6     133.5     142.6
  78.041664    150.6     138.3     144.4
  78.124664    151.4     139.3     145.4
  78.208664    150.2     139.7     144.9
  78.291664    151.8     141.9     146.9
  78.374664    155.3     141.7     148.5
  78.458664    152.4     141.1     146.8
  78.541664    154.8     144.2     149.5
  78.624664    156.8     143.3     150.0
  78.708664    160.3     143.2     151.8
  78.791664    157.7     144.9     151.3
  78.874664    159.7     151.2     155.5
  78.958664    158.4     147.7     153.0
  79.041664    158.8     148.8     153.9
  79.124664    159.5     151.7     155.6
  79.208664    162.9     149.9     156.4
  79.291664    161.0     151.2     156.1
  79.374664    160.2     149.9     155.1
  79.458664    161.3     149.6     155.4
  79.541664    162.5     151.0     156.8
  79.624664    165.6     153.5     159.6
  79.708664    164.7     151.0     157.8
  79.791664    169.4     156.2     162.8
  79.874664    169.0     155.2     162.1
  79.958664    168.1     157.9     163.0
  80.041664    169.3     157.6     163.5
  80.124664    168.9     158.0     163.5
  80.208664    173.7     158.8     166.3
  80.291664    172.2     158.3     165.3
  80.374664    171.5     161.9     166.7
  80.458664    172.4     160.0     166.2
  80.541664    174.3     159.5     166.9
  80.624664    178.9     159.8     169.3
  80.708664    174.5     163.2     168.9
  80.791664    176.2     164.4     170.3
  80.874664    177.3     161.2     169.3
  80.958664    174.6     163.6     169.1
  81.041664    175.6     164.4     170.0
  81.124664    177.7     167.7     172.7
  81.208664    178.4     164.8     171.6
  81.291664    178.2     167.5     172.9
  81.374664    179.4     170.5     175.0
  81.458664    180.8     167.8     174.3
  81.541664    181.2     170.3     175.9
  81.624664    182.7     170.4     176.6
  81.708664    183.1     173.0     178.0
  81.791664    184.4     176.1     180.3
  81.874664    183.8     172.2     178.0
  81.958664    185.2     175.1     180.1
  82.041664    184.6     177.2     180.9
  82.124664    185.0     176.6     180.8
  82.208664    186.9     174.9     180.9
  82.291664    187.3     177.3     182.4
  82.374664    187.7     177.1     182.4
  82.458664    187.0     177.8     182.4
  82.541664    188.6     178.5     183.6
  82.624664    188.8     180.2     184.5
  82.708664    190.4     179.8     185.1
  82.791664    190.9     181.2     186.0
  82.874664    192.4     184.6     188.5
  82.958664    192.7     184.5     188.6
  83.041664    192.6     187.5     190.1
  83.124664    194.1     182.7     188.4
  83.208664    196.1     186.5     191.4
  83.291664    196.8     185.8     191.4
  83.374664    197.1     185.7     191.4
  83.458664    199.6     187.2     193.4
  83.541664    199.5     187.3     193.4
  83.624664    198.7     186.2     192.4
  83.708664    201.0     187.8     194.4
  83.791664    201.3     190.6     196.0
  83.874664    201.4     189.0     195.2
  83.958664    201.4     191.7     196.6
  84.041664    203.2     194.7     199.0
  84.124664    203.0     194.8     198.9
  84.208664    204.3     192.0     198.2
  84.291664    203.5     196.1     199.8
  84.374664    204.8     192.9     198.9
  84.458664    205.1     193.6     199.4
  84.541664    205.6     194.5     200.0
  84.624664    206.1     194.4     200.2
  84.708664    208.2     198.9     203.6
  84.791664    211.6     198.3     205.0
  84.874664    212.6     196.9     204.7
  84.958664    213.5     204.2     208.9
  85.041664    213.8     207.4     210.6
  85.124664    212.9     207.3     210.1
  85.208664    216.8     206.6     211.7
  85.291664    216.8     207.7     212.2
  85.374664    218.0     206.8     212.4
  85.458664    216.8     205.3     211.0
  85.541664    215.7     207.0     211.3
  85.624664    218.1     208.0     213.0
  85.708664    221.6     209.7     215.7
  85.791664    223.9     210.2     217.1
  85.874664    223.6     209.9     216.8
  85.958664    225.3     213.8     219.5
  86.041664    222.5     213.0     217.8
  86.124664    222.8     212.3     217.6
  86.208664    224.8     213.9     219.3
  86.291664    229.2     219.5     224.3
  86.374664    228.3     224.0     226.2
  86.458664    228.6     219.5     224.0
  86.541664    228.2     219.1     223.7
  86.624664    230.1     220.7     225.4
  86.708664    231.5     222.3     226.9
  86.791664    234.9     220.9     227.9
  86.874664    235.8     220.5     228.2
  86.958664    235.0     223.5     229.2
  87.041664    234.9     223.1     229.0
  87.124664    238.1     229.0     233.6
  87.208664    237.6     226.6     232.1
  87.291664    239.2     227.9     233.5
  87.374664    243.7     227.3     233.6
  87.458664    240.8     226.6     233.7
  87.541664    239.4     227.5     233.5
  87.624664    242.3     230.3     236.3
  87.708664    245.0     233.0     239.0
  87.791664    248.9     231.0     239.9
  87.874664    248.3     233.4     240.9
  87.958664    247.6     233.6     240.6
  88.041664    247.3     236.1     241.7
  88.124664    250.0     237.3     243.7
  88.208664    248.9     232.5     240.7
  88.291664    251.9     239.6     245.8
  88.374664    254.0     238.5     246.3
  88.458664    252.7     239.1     245.9
  88.541664    253.4     239.4     246.4
  88.624664    254.7     242.1     248.4
  88.708664    254.6     239.1     246.9
  88.791664    254.9     242.4     248.7
  88.874664    260.1     242.9     251.5
  88.958664    261.1     246.0     253.5
  89.041664    259.4     251.4     255.4
  89.124664    258.8     248.7     253.9
  89.208664    258.6     249.0     253.8
  89.291664    261.2     249.6     255.4
  89.374664    261.2     249.7     255.4
  89.458664    262.1     246.2     254.2
  89.541664    265.0     250.0     257.5
  89.624664    263.8     254.6     259.2
  89.708664    266.1     253.8     259.9
  89.791664    265.6     254.9     260.2
  89.874664    267.8     253.5     260.7
  89.958664    267.6     254.7     261.2
  90.041664    267.9     256.7     262.3
  90.124664    268.3     254.2     261.2
  90.208664    269.0     258.0     263.5
  90.291664    267.0     257.0     262.0
  90.374664    266.2     256.0     261.1
  90.458664    269.1     258.1     263.6
  90.541664    267.0     258.6     262.8
  90.624664    267.8     262.7     265.3
  90.708664    267.6     260.5     264.0
  90.791664    269.9     258.8     264.3
  90.874664    270.3     261.3     265.8
  90.958664    271.2     263.9     267.6
  91.041664    271.5     263.1     267.3
  91.124664    271.4     258.3     264.8
  91.208664    270.9     264.9     267.9
  91.291664    273.2     264.9     269.0
  91.374664    269.8     265.4     267.6
  91.458664    271.5     267.9     269.7
  91.541664    273.6     265.2     269.4
  91.624664    272.3     267.2     269.8
  91.708664    273.1     267.0     270.0
  91.791664    272.5     267.6     270.0
  91.874664    274.3     267.8     271.0
  91.958664    276.1     265.2     270.6
  92.041664    275.3     267.8     271.6
  92.124664    274.0     268.2     271.1
  92.208664    275.3     267.4     271.4
