This is dataplot data file   NORMAL.DAT
Normal Random numbers N(0,1)
Number of observations = 100
 
 
 
 
 
 
 
 
 
 
 
 
 
 
 
 
 
 
 
 
      Y
   --------
   -0.2503
   -1.8998
   -0.3550
    1.2239
   -2.7623
    0.2021
   -0.8638
    2.8012
    1.1083
   -0.9265
   -1.1279
    1.0545
   -0.0979
    0.4717
   -1.2794
    1.1718
   -0.0870
   -0.7255
    0.1907
   -1.0710
   -0.0816
   -2.2082
   -1.6307
   -0.4165
   -0.1156
   -1.2053
    0.5193
   -0.2093
   -1.6180
   -1.0266
   -0.8454
   -0.9341
   -0.8495
    0.6698
    0.4436
   -0.3274
   -0.5501
    0.1050
   -0.6914
   -0.6202
   -1.0085
    1.0157
    0.2174
   -0.7536
    0.2751
    0.8387
   -0.1434
    0.6819
    1.3888
    1.3094
    0.5863
   -0.2966
   -0.4840
    1.2958
    0.5157
    0.7712
    1.5133
    0.2412
    0.3220
   -0.1901
   -0.9651
   -1.0505
    0.3702
    0.4963
    0.2975
    0.9104
    1.1491
    0.1435
    0.0222
    1.7334
    0.3060
   -0.3648
    0.4635
   -0.2802
    1.6795
   -0.4269
   -0.3332
   -0.0044
   -1.2711
    0.9581
   -0.2517
    0.5935
    0.1968
   -1.5342
   -1.1794
   -0.7468
   -1.9653
    1.2559
   -0.4347
   -0.0379
    0.4883
   -0.7373
    1.2317
   -0.2897
   -2.3514
    1.8321
   -0.8301
   -0.9624
   -0.2344
   -0.8992
