This is dataplot data file   NORMAL.DAT
Normal Random numbers N(0,1)
Number of observations = 200
 
 
 
 
 
 
 
 
 
 
 
 
 
 
 
 
 
 
 
 
      Y
   --------
 -0.1073032E+01
  0.5730768E+00
 -0.8731335E+00
  0.2339297E+00
 -0.4553703E+00
 -0.5254872E+00
 -0.7056352E+00
  0.3215169E-01
  0.1190852E+01
  0.2697059E+00
 -0.1494667E+00
 -0.1967311E+00
 -0.2430274E+00
 -0.8409333E+00
 -0.1038428E+00
  0.4185625E+00
  0.2635232E+00
  0.8981169E+00
  0.3407222E-01
  0.1587882E+01
  0.3888194E+00
 -0.4696769E+00
 -0.1062899E+01
 -0.2730295E-01
 -0.4638932E+00
  0.5915861E+00
 -0.5063551E+00
 -0.3595867E+00
  0.4985835E+00
  0.2426942E+00
  0.7932934E+00
 -0.4799620E+00
  0.3604350E+00
  0.1488354E+01
 -0.3583542E+00
  0.3947291E+00
 -0.8925945E+00
  0.1172729E+00
 -0.4404589E+00
  0.1376044E+01
  0.4632927E+00
 -0.2819667E+00
 -0.2015242E+01
 -0.3520409E+00
  0.8423182E+00
  0.3038581E-01
 -0.5801195E+00
  0.1002844E+00
 -0.7665727E+00
  0.6224866E+00
  0.6705498E+00
 -0.1132770E+00
  0.2005942E+01
 -0.6895401E+00
 -0.3998992E+00
  0.1542124E+00
  0.4347492E-01
  0.8871179E+00
  0.6279791E+00
 -0.2519868E+01
  0.4182763E+00
 -0.7154939E-01
  0.5909568E+00
  0.1592061E+01
 -0.4669438E+00
  0.1444044E+01
 -0.9748917E+00
  0.3654842E+00
  0.4255484E+00
  0.1687174E+01
 -0.7009319E+00
 -0.1262644E+01
 -0.3457972E+01
 -0.1028372E+01
 -0.1051092E+00
  0.2302741E+00
  0.4300600E+00
  0.2638941E+00
 -0.1190875E+00
 -0.1048649E+01
 -0.1875874E+01
 -0.8027964E+00
  0.6896196E+00
 -0.3737285E-01
  0.1301085E+01
 -0.8883810E+00
 -0.1324450E+01
  0.5696940E+00
 -0.3523129E+00
  0.1463572E+01
 -0.1075465E+01
  0.9456281E+00
 -0.1932690E+01
  0.7432981E+00
  0.3988190E+00
 -0.1749229E+01
  0.9218575E+00
 -0.4359588E-01
 -0.4359161E+00
  0.2683293E+00
 -0.4459910E+00
  0.5115623E+00
 -0.2181569E+01
 -0.3248536E+00
 -0.2132352E+00
  0.3755390E-01
 -0.2957377E+00
 -0.2247866E+01
  0.1264365E+01
 -0.1535515E+01
  0.1884245E+01
 -0.1848595E+01
 -0.3395514E+00
  0.3186199E-01
  0.3043075E+00
  0.4387141E+00
  0.7330340E+00
  0.9984721E+00
  0.3766010E+00
 -0.2020459E+01
 -0.9583989E+00
  0.7539642E-01
  0.8490896E+00
  0.2436150E+00
 -0.2443161E+01
  0.1284690E+00
 -0.5852537E+00
 -0.7670211E+00
  0.1480530E+01
  0.1173123E+01
  0.2133942E+00
 -0.3165008E+01
 -0.3418700E+00
 -0.1139515E+01
  0.2219035E+00
 -0.1943031E+00
  0.1262027E+00
 -0.1471484E+00
 -0.3331821E+00
  0.1718418E+01
  0.5342906E+00
 -0.2463636E+00
 -0.1196989E+01
 -0.7411489E+00
 -0.4432654E+00
 -0.8451340E+00
 -0.4097271E+00
  0.4667506E+00
  0.3879525E+00
  0.4776335E+00
  0.1670880E+00
 -0.1844236E+00
  0.6890037E+00
 -0.9984375E+00
  0.3418298E-01
 -0.1598365E+01
 -0.6679887E+00
 -0.7876245E+00
  0.3523860E+00
 -0.2317504E+00
  0.1813759E+01
 -0.5584534E+00
  0.2253310E+00
  0.1436083E+00
 -0.5785049E+00
  0.9420903E+00
  0.6469546E+00
 -0.1861561E-01
  0.1595408E+01
  0.6741706E+00
 -0.1167210E+01
 -0.2411741E+00
 -0.1102236E+01
 -0.1273797E+01
 -0.1158596E+01
 -0.6051925E+00
  0.8586652E+00
  0.4501667E+00
 -0.8450280E+00
  0.2132955E+00
  0.1043906E+01
  0.5933759E+00
  0.5426809E+00
 -0.5566488E+00
 -0.1021516E+00
  0.1232892E+01
  0.4088642E-01
  0.2822083E+01
  0.2459105E+00
  0.1447039E+01
 -0.8061817E+00
 -0.5335671E+00
 -0.1919160E+00
 -0.8722930E+00
  0.1834663E+01
 -0.6909495E+00
  0.8012248E+00
  0.1844415E+01
 -0.7977908E+00
  0.5265425E+00
