      This is DATAPLOT file NOROSMED.DAT
 
 
 
                    Normal Order Statistic Medians
 
                            Sample Size n
             1     2     3     4     5     6     7     8     9    10
           ------------------------------------------------------------
      1.   0.00 -0.54 -0.82 -1.00 -1.13 -1.23 -1.31 -1.39 -1.45 -1.50
      2.         0.54  0.00 -0.29 -0.49 -0.63 -0.74 -0.84 -0.92 -0.98
      3.               0.82  0.29  0.00 -0.20 -0.35 -0.47 -0.56 -0.65
      4.                     1.00  0.49  0.20  0.00 -0.15 -0.27 -0.37
      5.                           1.13  0.63  0.35  0.15  0.00 -0.12
      6.                                 1.23  0.74  0.47  0.27  0.12
      7.                                       1.31  0.84  0.56  0.37
      8.                                             1.39  0.92  0.65
      9.                                                   1.45  0.98
     10.                                                         1.50
 
 
                            Sample Size n
            11    12    13    14    15    16    17    18    19    20
           ------------------------------------------------------------
      1.  -1.55 -1.59 -1.63 -1.66 -1.69 -1.72 -1.75 -1.78 -1.80 -1.82
      2.  -1.04 -1.10 -1.15 -1.19 -1.23 -1.27 -1.30 -1.33 -1.36 -1.39
      3.  -0.72 -0.78 -0.84 -0.89 -0.94 -0.98 -1.02 -1.05 -1.09 -1.12
      4.  -0.46 -0.53 -0.60 -0.65 -0.71 -0.76 -0.80 -0.84 -0.88 -0.91
      5.  -0.22 -0.31 -0.38 -0.45 -0.51 -0.56 -0.61 -0.66 -0.70 -0.74
      6.   0.00 -0.10 -0.19 -0.26 -0.33 -0.39 -0.45 -0.50 -0.54 -0.59
      7.   0.22  0.10  0.00 -0.09 -0.16 -0.23 -0.29 -0.35 -0.40 -0.45
      8.   0.46  0.31  0.19  0.09  0.00 -0.08 -0.14 -0.21 -0.26 -0.31
      9.   0.72  0.53  0.38  0.26  0.16  0.08  0.00 -0.07 -0.13 -0.19
     10.   1.04  0.78  0.60  0.45  0.33  0.23  0.14  0.07  0.00 -0.06
     11.   1.55  1.10  0.84  0.65  0.51  0.39  0.29  0.21  0.13  0.06
     12.         1.59  1.15  0.89  0.71  0.56  0.45  0.35  0.26  0.19
     13.               1.63  1.19  0.94  0.76  0.61  0.50  0.40  0.31
     14.                     1.66  1.23  0.98  0.80  0.66  0.54  0.45
     15.                           1.69  1.27  1.02  0.84  0.70  0.59
     16.                                 1.72  1.30  1.05  0.88  0.74
     17.                                       1.75  1.33  1.09  0.91
     18.                                             1.78  1.36  1.12
     19.                                                   1.80  1.39
     20.                                                         1.82
