This is Dataplot data file     NORPPCCS.DAT
It contains the 0.01, 0.05, 0.95, and 0.99 critical
values for the probability plot correlation coefficient
for the normal distribution.  Its typical use is
to reject the null hypothesis that a data set is normal
if the correlation coefficient dervied from the points on
a normal probability plot are less than the critical
value in the 0.95 (for alpaha = 0.05) or the 0.99 (alpha = 0.01)
columns.

These values were computed numerically by Judy Devaney of NIST.












    N     0.01      0.05      0.95      0.99
-------------------------------------------------
    3     0.8686606 0.8790197 0.9996465 0.9999862
    4     0.8233692 0.8666496 0.9958726 0.9991513
    5     0.8240303 0.8785777 0.9921793 0.9972928
    6     0.8351018 0.8880116 0.9902931 0.9956631
    7     0.8474296 0.8969812 0.9898036 0.9947066
    8     0.8589757 0.9043317 0.9895215 0.9941233
    9     0.8688609 0.9115080 0.9896736 0.9939114
   10     0.8764560 0.9172611 0.9898011 0.9938669
   11     0.8838320 0.9223430 0.9901112 0.9937722
   12     0.8918126 0.9267439 0.9903498 0.9937973
   13     0.8974350 0.9309520 0.9906247 0.9938819
   14     0.9029002 0.9342734 0.9909562 0.9940811
   15     0.9080418 0.9375501 0.9912139 0.9941666
   16     0.9121372 0.9405159 0.9914461 0.9942979
   17     0.9160346 0.9433136 0.9917356 0.9944698
   18     0.9196493 0.9452247 0.9919529 0.9945057
   19     0.9230375 0.9479470 0.9921873 0.9946489
   20     0.9256193 0.9498450 0.9923832 0.9947551
   21     0.9285237 0.9515072 0.9926288 0.9948866
   22     0.9307688 0.9534662 0.9928064 0.9949805
   23     0.9333725 0.9547812 0.9929993 0.9950966
   24     0.9355736 0.9564316 0.9931532 0.9951941
   25     0.9369940 0.9574960 0.9933149 0.9953331
   26     0.9392802 0.9590211 0.9934322 0.9954100
   27     0.9412647 0.9600386 0.9936167 0.9955198
   28     0.9428229 0.9614714 0.9937882 0.9955919
   29     0.9440617 0.9621969 0.9939207 0.9956794
   30     0.9462039 0.9633665 0.9940671 0.9957719
   31     0.9476140 0.9643963 0.9941303 0.9958302
   32     0.9489563 0.9652155 0.9942856 0.9959413
   33     0.9505190 0.9660595 0.9944044 0.9960108
   34     0.9521064 0.9671018 0.9945082 0.9960635
   35     0.9530488 0.9678249 0.9946329 0.9961663
   36     0.9540297 0.9686099 0.9947165 0.9962149
   37     0.9550523 0.9692618 0.9947978 0.9962745
   38     0.9555346 0.9699572 0.9948886 0.9963219
   39     0.9568292 0.9703965 0.9949835 0.9963933
   40     0.9576253 0.9711952 0.9950833 0.9964516
   41     0.9589342 0.9719145 0.9951491 0.9964747
   42     0.9593453 0.9722676 0.9952496 0.9965550
   43     0.9608590 0.9729762 0.9953030 0.9965785
   44     0.9611406 0.9733942 0.9953577 0.9966592
   45     0.9619702 0.9739323 0.9954728 0.9967098
   46     0.9629093 0.9744441 0.9955249 0.9967284
   47     0.9636529 0.9748383 0.9955935 0.9968006
   48     0.9640442 0.9752550 0.9956757 0.9968286
   49     0.9643047 0.9758016 0.9957256 0.9969063
   50     0.9654231 0.9761416 0.9957933 0.9969207
   51     0.9661151 0.9765768 0.9958403 0.9969751
   52     0.9666098 0.9769902 0.9959149 0.9970316
   53     0.9672080 0.9772524 0.9959580 0.9970339
   54     0.9672303 0.9776316 0.9960117 0.9970816
   55     0.9683458 0.9780715 0.9960751 0.9971332
   56     0.9688026 0.9784014 0.9961240 0.9971725
   57     0.9690967 0.9787670 0.9961610 0.9971789
   58     0.9696336 0.9789528 0.9962178 0.9972338
   59     0.9702913 0.9792936 0.9962512 0.9972588
   60     0.9705608 0.9796665 0.9963110 0.9972801
   61     0.9709641 0.9798893 0.9963478 0.9973238
   62     0.9713646 0.9802067 0.9963913 0.9973518
   63     0.9716363 0.9804602 0.9964512 0.9973873
   64     0.9721913 0.9807329 0.9964805 0.9974179
   65     0.9723049 0.9808876 0.9965147 0.9974386
   66     0.9727713 0.9812794 0.9965580 0.9974403
   67     0.9733667 0.9814339 0.9965863 0.9974858
   68     0.9738674 0.9817459 0.9966112 0.9975165
   69     0.9739621 0.9819603 0.9966759 0.9975520
   70     0.9742106 0.9822376 0.9966890 0.9975725
   71     0.9746911 0.9823460 0.9967335 0.9976014
   72     0.9748259 0.9826097 0.9967651 0.9976127
   73     0.9752790 0.9828440 0.9968182 0.9976377
   74     0.9756226 0.9829901 0.9968385 0.9976657
   75     0.9758171 0.9831452 0.9968693 0.9976872
   76     0.9760503 0.9834060 0.9969017 0.9977196
   77     0.9764433 0.9836447 0.9969282 0.9977199
   78     0.9767451 0.9837198 0.9969487 0.9977447
   79     0.9768000 0.9839579 0.9969905 0.9977881
   80     0.9771442 0.9841407 0.9970183 0.9977824
   81     0.9774576 0.9843354 0.9970474 0.9978072
   82     0.9776797 0.9844600 0.9970714 0.9978389
   83     0.9779475 0.9846191 0.9970946 0.9978482
   84     0.9780850 0.9847224 0.9971046 0.9978553
   85     0.9783627 0.9850416 0.9971442 0.9978755
   86     0.9788737 0.9852154 0.9971712 0.9979053
   87     0.9789724 0.9853227 0.9971980 0.9979241
   88     0.9790934 0.9853736 0.9972149 0.9979255
   89     0.9791825 0.9855586 0.9972462 0.9979327
   90     0.9797253 0.9856727 0.9972667 0.9979701
   91     0.9796596 0.9858484 0.9972989 0.9979997
   92     0.9800664 0.9860029 0.9973099 0.9980122
   93     0.9800832 0.9860839 0.9973373 0.9980248
   94     0.9803001 0.9862825 0.9973437 0.9980214
   95     0.9804482 0.9863588 0.9973847 0.9980507
   96     0.9805763 0.9864728 0.9973974 0.9980713
   97     0.9809911 0.9865843 0.9974161 0.9980851
   98     0.9811413 0.9867677 0.9974475 0.9981102
   99     0.9811994 0.9868346 0.9974644 0.9981105
  100     0.9814159 0.9869205 0.9974843 0.9981194
  101     0.9814667 0.9870208 0.9975028 0.9981357
  102     0.9817347 0.9872174 0.9975211 0.9981484
  103     0.9819459 0.9873633 0.9975426 0.9981741
  104     0.9820504 0.9873636 0.9975554 0.9981915
  105     0.9821731 0.9875290 0.9975702 0.9981976
  106     0.9823993 0.9876982 0.9975995 0.9982070
  107     0.9824778 0.9877623 0.9976120 0.9982204
  108     0.9827494 0.9878634 0.9976313 0.9982241
  109     0.9828369 0.9879547 0.9976439 0.9982293
  110     0.9829503 0.9880816 0.9976603 0.9982441
  111     0.9832401 0.9881380 0.9976751 0.9982718
  112     0.9832991 0.9882495 0.9976925 0.9982631
  113     0.9834146 0.9882676 0.9977162 0.9982907
  114     0.9835662 0.9884682 0.9977145 0.9982967
  115     0.9836156 0.9884899 0.9977354 0.9983163
  116     0.9838277 0.9886285 0.9977574 0.9983177
  117     0.9838740 0.9886395 0.9977652 0.9983357
  118     0.9839868 0.9887695 0.9977732 0.9983246
  119     0.9840827 0.9888294 0.9977950 0.9983539
  120     0.9841474 0.9889129 0.9978154 0.9983605
  121     0.9844508 0.9890610 0.9978385 0.9983786
  122     0.9843768 0.9890386 0.9978382 0.9983832
  123     0.9846842 0.9891734 0.9978618 0.9984156
  124     0.9847867 0.9892663 0.9978707 0.9983988
  125     0.9847689 0.9893140 0.9978799 0.9984168
  126     0.9849606 0.9894232 0.9978903 0.9984152
  127     0.9850258 0.9894845 0.9979094 0.9984326
  128     0.9851263 0.9895551 0.9979167 0.9984391
  129     0.9852387 0.9896180 0.9979303 0.9984626
  130     0.9854136 0.9896837 0.9979345 0.9984600
  131     0.9856748 0.9898019 0.9979507 0.9984676
  132     0.9855351 0.9898667 0.9979617 0.9984700
  133     0.9856820 0.9898835 0.9979780 0.9984853
  134     0.9857165 0.9899597 0.9979799 0.9984887
  135     0.9858748 0.9900431 0.9980087 0.9985203
  136     0.9859295 0.9901448 0.9980133 0.9985116
  137     0.9861016 0.9901889 0.9980365 0.9985250
  138     0.9862282 0.9902496 0.9980415 0.9985347
  139     0.9862621 0.9902711 0.9980554 0.9985382
  140     0.9864883 0.9903739 0.9980580 0.9985546
  141     0.9864850 0.9904346 0.9980721 0.9985535
  142     0.9866040 0.9905036 0.9980842 0.9985482
  143     0.9866039 0.9905536 0.9980873 0.9985709
  144     0.9867132 0.9905820 0.9981124 0.9985783
  145     0.9867604 0.9906399 0.9981132 0.9985805
  146     0.9870424 0.9908045 0.9981252 0.9986005
  147     0.9868920 0.9907841 0.9981295 0.9985973
  148     0.9870200 0.9908276 0.9981446 0.9986103
  149     0.9871053 0.9908912 0.9981567 0.9986128
  150     0.9871475 0.9909360 0.9981694 0.9986238
  151     0.9872205 0.9909849 0.9981683 0.9986233
  152     0.9874139 0.9910157 0.9981810 0.9986286
  153     0.9873939 0.9911094 0.9982011 0.9986492
  154     0.9873791 0.9911798 0.9982056 0.9986492
  155     0.9875061 0.9911801 0.9982023 0.9986539
  156     0.9876410 0.9912943 0.9982145 0.9986529
  157     0.9876976 0.9912845 0.9982258 0.9986610
  158     0.9878638 0.9913779 0.9982409 0.9986761
  159     0.9878828 0.9914048 0.9982415 0.9986830
  160     0.9879230 0.9914856 0.9982594 0.9986934
  161     0.9880512 0.9915190 0.9982693 0.9986990
  162     0.9881997 0.9915635 0.9982635 0.9987030
  163     0.9882172 0.9915846 0.9982772 0.9987023
  164     0.9882157 0.9916283 0.9982935 0.9987133
  165     0.9882216 0.9916635 0.9983031 0.9987313
  166     0.9884846 0.9917880 0.9983096 0.9987307
  167     0.9884667 0.9917675 0.9983196 0.9987376
  168     0.9885723 0.9918330 0.9983208 0.9987400
  169     0.9884924 0.9918866 0.9983273 0.9987392
  170     0.9886841 0.9918825 0.9983287 0.9987440
  171     0.9888067 0.9919919 0.9983484 0.9987530
  172     0.9887474 0.9920085 0.9983449 0.9987559
  173     0.9887399 0.9920665 0.9983689 0.9987738
  174     0.9888926 0.9920787 0.9983718 0.9987753
  175     0.9888812 0.9921113 0.9983804 0.9987816
  176     0.9888622 0.9921656 0.9983878 0.9987854
  177     0.9890567 0.9922740 0.9983861 0.9987842
  178     0.9890122 0.9922445 0.9984010 0.9987932
  179     0.9891705 0.9922790 0.9984011 0.9988026
  180     0.9891269 0.9923138 0.9984108 0.9988096
  181     0.9892737 0.9923640 0.9984156 0.9988030
  182     0.9892126 0.9924220 0.9984247 0.9988126
  183     0.9892966 0.9924034 0.9984355 0.9988232
  184     0.9893357 0.9924509 0.9984396 0.9988261
  185     0.9895301 0.9924929 0.9984490 0.9988295
  186     0.9894980 0.9925038 0.9984558 0.9988300
  187     0.9894853 0.9925551 0.9984639 0.9988403
  188     0.9896489 0.9925852 0.9984719 0.9988562
  189     0.9897482 0.9926746 0.9984747 0.9988490
  190     0.9897271 0.9926693 0.9984822 0.9988610
  191     0.9898729 0.9927137 0.9984917 0.9988584
  192     0.9898319 0.9927048 0.9984919 0.9988696
  193     0.9899249 0.9927946 0.9984996 0.9988653
  194     0.9900255 0.9928525 0.9985037 0.9988670
  195     0.9900840 0.9928812 0.9985180 0.9988724
  196     0.9900270 0.9929190 0.9985135 0.9988822
  197     0.9900504 0.9929209 0.9985264 0.9988899
  198     0.9901133 0.9929525 0.9985302 0.9988905
  199     0.9901423 0.9930033 0.9985420 0.9989033
  200     0.9903024 0.9930402 0.9985410 0.9989023
  201     0.9902975 0.9930707 0.9985488 0.9989011
  202     0.9902664 0.9930922 0.9985558 0.9989039
  203     0.9903767 0.9931270 0.9985568 0.9989134
  204     0.9903753 0.9931479 0.9985628 0.9989128
  205     0.9904799 0.9932009 0.9985704 0.9989236
  206     0.9904990 0.9931954 0.9985741 0.9989269
  207     0.9904939 0.9932486 0.9985798 0.9989281
  208     0.9905397 0.9932652 0.9985836 0.9989282
  209     0.9906250 0.9933363 0.9985902 0.9989384
  210     0.9906540 0.9933390 0.9986008 0.9989476
  211     0.9906451 0.9933533 0.9986061 0.9989383
  212     0.9907262 0.9933746 0.9986088 0.9989485
  213     0.9908170 0.9934120 0.9986115 0.9989569
  214     0.9907659 0.9934462 0.9986265 0.9989678
  215     0.9909177 0.9934673 0.9986262 0.9989614
  216     0.9910232 0.9935467 0.9986215 0.9989617
  217     0.9910108 0.9935812 0.9986354 0.9989631
  218     0.9909979 0.9935542 0.9986432 0.9989719
  219     0.9909927 0.9935936 0.9986455 0.9989715
  220     0.9910023 0.9936053 0.9986485 0.9989845
  221     0.9910863 0.9936175 0.9986563 0.9989797
  222     0.9911178 0.9936592 0.9986597 0.9989874
  223     0.9911891 0.9936678 0.9986675 0.9989936
  224     0.9911767 0.9936754 0.9986693 0.9989910
  225     0.9912688 0.9937312 0.9986726 0.9989948
  226     0.9911694 0.9937410 0.9986788 0.9989979
  227     0.9913069 0.9938053 0.9986858 0.9990091
  228     0.9913475 0.9938012 0.9986906 0.9990063
  229     0.9913727 0.9938354 0.9986971 0.9990137
  230     0.9913883 0.9938736 0.9987052 0.9990156
  231     0.9914612 0.9938692 0.9987012 0.9990201
  232     0.9915249 0.9938955 0.9987034 0.9990166
  233     0.9914967 0.9939276 0.9987111 0.9990272
  234     0.9915768 0.9939687 0.9987133 0.9990237
  235     0.9915163 0.9939260 0.9987208 0.9990336
  236     0.9916207 0.9939974 0.9987200 0.9990296
  237     0.9916272 0.9940176 0.9987285 0.9990371
  238     0.9916968 0.9940618 0.9987324 0.9990363
  239     0.9917941 0.9940717 0.9987445 0.9990517
  240     0.9917451 0.9941017 0.9987407 0.9990439
  241     0.9917498 0.9940864 0.9987478 0.9990520
  242     0.9918337 0.9941306 0.9987537 0.9990601
  243     0.9919242 0.9941928 0.9987589 0.9990589
  244     0.9918723 0.9941900 0.9987632 0.9990556
  245     0.9920043 0.9942479 0.9987642 0.9990674
  246     0.9918815 0.9942377 0.9987685 0.9990692
  247     0.9920024 0.9942495 0.9987694 0.9990651
  248     0.9919800 0.9942722 0.9987798 0.9990722
  249     0.9920846 0.9943110 0.9987828 0.9990752
  250     0.9920924 0.9942991 0.9987847 0.9990787
  251     0.9920748 0.9943358 0.9987852 0.9990762
  252     0.9921471 0.9943542 0.9987912 0.9990796
  253     0.9921493 0.9943658 0.9988019 0.9990870
  254     0.9921584 0.9943842 0.9988012 0.9990884
  255     0.9922243 0.9944162 0.9988090 0.9990956
  256     0.9922139 0.9944817 0.9988052 0.9990906
  257     0.9923484 0.9944819 0.9988121 0.9990983
  258     0.9922934 0.9944658 0.9988192 0.9991081
  259     0.9922881 0.9944761 0.9988220 0.9990997
  260     0.9924371 0.9945403 0.9988213 0.9991094
  261     0.9924054 0.9945297 0.9988288 0.9991118
  262     0.9923782 0.9945583 0.9988309 0.9991097
  263     0.9924830 0.9945902 0.9988338 0.9991207
  264     0.9924191 0.9945922 0.9988384 0.9991152
  265     0.9924755 0.9946263 0.9988390 0.9991176
  266     0.9925127 0.9946372 0.9988486 0.9991226
  267     0.9925745 0.9946527 0.9988497 0.9991258
  268     0.9925699 0.9946647 0.9988518 0.9991277
  269     0.9925413 0.9946880 0.9988611 0.9991367
  270     0.9926061 0.9947011 0.9988627 0.9991356
  271     0.9926489 0.9946906 0.9988663 0.9991415
  272     0.9927028 0.9947315 0.9988682 0.9991400
  273     0.9927044 0.9947377 0.9988686 0.9991403
  274     0.9927457 0.9947762 0.9988713 0.9991472
  275     0.9927870 0.9947914 0.9988729 0.9991452
  276     0.9927611 0.9948084 0.9988838 0.9991574
  277     0.9928014 0.9948496 0.9988823 0.9991512
  278     0.9928242 0.9948329 0.9988881 0.9991574
  279     0.9928258 0.9948622 0.9988923 0.9991655
  280     0.9929084 0.9949126 0.9988966 0.9991625
  281     0.9929177 0.9948864 0.9988975 0.9991609
  282     0.9929593 0.9949109 0.9989029 0.9991621
  283     0.9929094 0.9949317 0.9989047 0.9991620
  284     0.9930095 0.9949881 0.9989072 0.9991700
  285     0.9929913 0.9949709 0.9989116 0.9991748
  286     0.9929696 0.9949762 0.9989128 0.9991744
  287     0.9929681 0.9949924 0.9989147 0.9991764
  288     0.9930393 0.9950390 0.9989195 0.9991764
  289     0.9930677 0.9950386 0.9989211 0.9991800
  290     0.9931393 0.9950539 0.9989271 0.9991865
  291     0.9931655 0.9950504 0.9989268 0.9991854
  292     0.9931246 0.9950691 0.9989320 0.9991867
  293     0.9932091 0.9951128 0.9989331 0.9991910
  294     0.9931868 0.9951121 0.9989365 0.9991888
  295     0.9931861 0.9951279 0.9989390 0.9991948
  296     0.9931903 0.9951223 0.9989425 0.9991959
  297     0.9932684 0.9951280 0.9989464 0.9991981
  298     0.9932566 0.9951499 0.9989452 0.9992005
  299     0.9933074 0.9951676 0.9989506 0.9992035
  300     0.9933193 0.9951826 0.9989517 0.9991978
  301     0.9933721 0.9952161 0.9989588 0.9992048
  302     0.9933205 0.9952216 0.9989620 0.9992101
  303     0.9933726 0.9952423 0.9989625 0.9992183
  304     0.9933839 0.9952630 0.9989654 0.9992121
  305     0.9934470 0.9952484 0.9989727 0.9992207
  306     0.9934012 0.9952852 0.9989732 0.9992224
  307     0.9934606 0.9953006 0.9989772 0.9992213
  308     0.9935377 0.9953123 0.9989758 0.9992218
  309     0.9934797 0.9953122 0.9989772 0.9992179
  310     0.9935687 0.9953547 0.9989814 0.9992267
  311     0.9935735 0.9953408 0.9989848 0.9992260
  312     0.9935117 0.9953532 0.9989871 0.9992256
  313     0.9936162 0.9953624 0.9989816 0.9992251
  314     0.9936448 0.9953862 0.9989948 0.9992320
  315     0.9936560 0.9953885 0.9989977 0.9992391
  316     0.9936228 0.9953998 0.9989963 0.9992418
  317     0.9936616 0.9954234 0.9990018 0.9992380
  318     0.9937207 0.9954557 0.9990040 0.9992391
  319     0.9936742 0.9954376 0.9990102 0.9992495
  320     0.9937053 0.9954670 0.9990091 0.9992458
  321     0.9937234 0.9954805 0.9990107 0.9992461
  322     0.9937479 0.9955006 0.9990169 0.9992501
  323     0.9937790 0.9955185 0.9990214 0.9992514
  324     0.9938256 0.9955311 0.9990172 0.9992542
  325     0.9937774 0.9955099 0.9990175 0.9992563
  326     0.9938434 0.9955560 0.9990239 0.9992586
  327     0.9938216 0.9955505 0.9990237 0.9992598
  328     0.9939486 0.9955906 0.9990345 0.9992620
  329     0.9939449 0.9955948 0.9990322 0.9992644
  330     0.9938787 0.9955821 0.9990330 0.9992609
  331     0.9939125 0.9955994 0.9990402 0.9992706
  332     0.9939644 0.9956197 0.9990407 0.9992715
  333     0.9939032 0.9956294 0.9990419 0.9992688
  334     0.9939923 0.9956527 0.9990445 0.9992750
  335     0.9939865 0.9956617 0.9990439 0.9992685
  336     0.9939856 0.9956729 0.9990500 0.9992787
  337     0.9940014 0.9956693 0.9990514 0.9992781
  338     0.9940028 0.9956979 0.9990548 0.9992852
  339     0.9940115 0.9956917 0.9990593 0.9992821
  340     0.9940594 0.9956982 0.9990539 0.9992778
  341     0.9941061 0.9957346 0.9990595 0.9992887
  342     0.9940925 0.9957361 0.9990631 0.9992869
  343     0.9941164 0.9957449 0.9990612 0.9992809
  344     0.9941284 0.9957610 0.9990659 0.9992882
  345     0.9941087 0.9957604 0.9990663 0.9992897
  346     0.9941406 0.9957871 0.9990724 0.9992921
  347     0.9941454 0.9957884 0.9990698 0.9992968
  348     0.9941825 0.9958237 0.9990749 0.9992970
  349     0.9941745 0.9958111 0.9990767 0.9992967
  350     0.9942409 0.9958294 0.9990789 0.9992980
  351     0.9942563 0.9958394 0.9990840 0.9993003
  352     0.9942114 0.9958472 0.9990830 0.9993014
  353     0.9942798 0.9958529 0.9990878 0.9993021
  354     0.9943066 0.9958823 0.9990917 0.9993042
  355     0.9943042 0.9958869 0.9990887 0.9993039
  356     0.9943374 0.9959235 0.9990947 0.9993060
  357     0.9943154 0.9959143 0.9990937 0.9993088
  358     0.9943743 0.9959249 0.9990976 0.9993078
  359     0.9943773 0.9959499 0.9990964 0.9993090
  360     0.9944190 0.9959445 0.9991037 0.9993194
  361     0.9943811 0.9959448 0.9991044 0.9993138
  362     0.9943666 0.9959448 0.9991047 0.9993195
  363     0.9944086 0.9959553 0.9991081 0.9993202
  364     0.9944233 0.9959645 0.9991109 0.9993216
  365     0.9945283 0.9960022 0.9991118 0.9993212
  366     0.9944402 0.9960088 0.9991156 0.9993235
  367     0.9944943 0.9960043 0.9991183 0.9993289
  368     0.9945160 0.9960300 0.9991167 0.9993251
  369     0.9945278 0.9960435 0.9991194 0.9993311
  370     0.9945475 0.9960431 0.9991227 0.9993263
  371     0.9945634 0.9960543 0.9991226 0.9993321
  372     0.9945542 0.9960558 0.9991291 0.9993324
  373     0.9945462 0.9960546 0.9991293 0.9993396
  374     0.9946348 0.9960789 0.9991316 0.9993345
  375     0.9946085 0.9960682 0.9991307 0.9993405
  376     0.9945483 0.9960958 0.9991307 0.9993356
  377     0.9946308 0.9961220 0.9991348 0.9993427
  378     0.9946809 0.9961126 0.9991364 0.9993431
  379     0.9946486 0.9961230 0.9991410 0.9993438
  380     0.9946648 0.9961423 0.9991418 0.9993455
  381     0.9946346 0.9961422 0.9991434 0.9993430
  382     0.9946990 0.9961553 0.9991450 0.9993454
  383     0.9947366 0.9961694 0.9991454 0.9993456
  384     0.9947138 0.9961643 0.9991465 0.9993518
  385     0.9947420 0.9961873 0.9991483 0.9993550
  386     0.9947053 0.9961829 0.9991530 0.9993499
  387     0.9947683 0.9962035 0.9991531 0.9993516
  388     0.9947694 0.9962013 0.9991590 0.9993569
  389     0.9947662 0.9962065 0.9991576 0.9993564
  390     0.9947683 0.9962125 0.9991598 0.9993604
  391     0.9947968 0.9962372 0.9991578 0.9993577
  392     0.9948231 0.9962457 0.9991664 0.9993615
  393     0.9948325 0.9962583 0.9991628 0.9993652
  394     0.9948869 0.9962574 0.9991657 0.9993626
  395     0.9948590 0.9962730 0.9991708 0.9993672
  396     0.9948425 0.9962775 0.9991681 0.9993677
  397     0.9948766 0.9963085 0.9991747 0.9993710
  398     0.9948758 0.9963053 0.9991769 0.9993672
  399     0.9948699 0.9963015 0.9991776 0.9993717
  400     0.9949151 0.9963202 0.9991746 0.9993733
  401     0.9948716 0.9963124 0.9991831 0.9993752
  402     0.9948927 0.9963235 0.9991831 0.9993742
  403     0.9949178 0.9963198 0.9991822 0.9993774
  404     0.9949661 0.9963450 0.9991829 0.9993784
  405     0.9949638 0.9963525 0.9991843 0.9993771
  406     0.9949890 0.9963599 0.9991848 0.9993780
  407     0.9949674 0.9963905 0.9991900 0.9993798
  408     0.9950326 0.9964017 0.9991905 0.9993831
  409     0.9950275 0.9963980 0.9991927 0.9993845
  410     0.9950470 0.9964005 0.9991944 0.9993798
  411     0.9950253 0.9964034 0.9991961 0.9993853
  412     0.9950551 0.9964253 0.9991992 0.9993868
  413     0.9950131 0.9964156 0.9992029 0.9993910
  414     0.9950806 0.9964356 0.9992016 0.9993895
  415     0.9950741 0.9964320 0.9992019 0.9993906
  416     0.9950609 0.9964437 0.9992049 0.9993895
  417     0.9951167 0.9964551 0.9992012 0.9993934
  418     0.9951217 0.9964558 0.9992045 0.9993931
  419     0.9951389 0.9964734 0.9992085 0.9993965
  420     0.9951394 0.9964840 0.9992115 0.9993975
  421     0.9951766 0.9964955 0.9992114 0.9993972
  422     0.9951865 0.9964928 0.9992148 0.9994003
  423     0.9951872 0.9964876 0.9992137 0.9993997
  424     0.9951917 0.9965063 0.9992146 0.9994035
  425     0.9951944 0.9964895 0.9992173 0.9994041
  426     0.9952365 0.9965321 0.9992189 0.9994017
  427     0.9952349 0.9965380 0.9992241 0.9994074
  428     0.9952569 0.9965440 0.9992208 0.9994087
  429     0.9952585 0.9965562 0.9992241 0.9994055
  430     0.9952736 0.9965596 0.9992282 0.9994128
  431     0.9952895 0.9965624 0.9992289 0.9994116
  432     0.9952816 0.9965744 0.9992264 0.9994073
  433     0.9952604 0.9965672 0.9992282 0.9994090
  434     0.9953055 0.9965881 0.9992313 0.9994111
  435     0.9952944 0.9965782 0.9992328 0.9994122
  436     0.9952998 0.9965939 0.9992355 0.9994171
  437     0.9953745 0.9966108 0.9992377 0.9994160
  438     0.9953275 0.9966006 0.9992371 0.9994168
  439     0.9953287 0.9966187 0.9992353 0.9994161
  440     0.9953599 0.9966192 0.9992408 0.9994187
  441     0.9953654 0.9966398 0.9992384 0.9994157
  442     0.9953848 0.9966470 0.9992439 0.9994218
  443     0.9953657 0.9966365 0.9992431 0.9994202
  444     0.9954067 0.9966728 0.9992433 0.9994238
  445     0.9953882 0.9966559 0.9992492 0.9994240
  446     0.9954368 0.9966748 0.9992510 0.9994261
  447     0.9954080 0.9966798 0.9992520 0.9994287
  448     0.9954787 0.9966955 0.9992508 0.9994230
  449     0.9954445 0.9966812 0.9992543 0.9994261
  450     0.9954141 0.9966819 0.9992571 0.9994313
  451     0.9954592 0.9967085 0.9992566 0.9994321
  452     0.9954586 0.9967088 0.9992577 0.9994320
  453     0.9954869 0.9967058 0.9992595 0.9994358
  454     0.9954572 0.9967265 0.9992596 0.9994352
  455     0.9954934 0.9967298 0.9992649 0.9994354
  456     0.9955044 0.9967374 0.9992634 0.9994363
  457     0.9955570 0.9967406 0.9992658 0.9994375
  458     0.9954931 0.9967344 0.9992642 0.9994373
  459     0.9955614 0.9967774 0.9992688 0.9994429
  460     0.9955248 0.9967627 0.9992703 0.9994450
  461     0.9955716 0.9967577 0.9992679 0.9994392
  462     0.9955603 0.9967821 0.9992728 0.9994430
  463     0.9955961 0.9967806 0.9992703 0.9994375
  464     0.9955922 0.9967947 0.9992761 0.9994464
  465     0.9955744 0.9967955 0.9992761 0.9994484
  466     0.9955984 0.9968044 0.9992750 0.9994428
  467     0.9956307 0.9968123 0.9992801 0.9994487
  468     0.9956235 0.9968237 0.9992777 0.9994426
  469     0.9956397 0.9968318 0.9992838 0.9994535
  470     0.9956104 0.9968395 0.9992816 0.9994511
  471     0.9956169 0.9968176 0.9992834 0.9994525
  472     0.9956622 0.9968398 0.9992833 0.9994509
  473     0.9956762 0.9968491 0.9992869 0.9994543
  474     0.9956816 0.9968596 0.9992872 0.9994532
  475     0.9956803 0.9968666 0.9992909 0.9994553
  476     0.9957085 0.9968559 0.9992858 0.9994562
  477     0.9957027 0.9968807 0.9992911 0.9994560
  478     0.9957348 0.9968867 0.9992908 0.9994580
  479     0.9956896 0.9968780 0.9992887 0.9994548
  480     0.9957466 0.9968817 0.9992954 0.9994613
  481     0.9957758 0.9969097 0.9992964 0.9994615
  482     0.9957398 0.9969000 0.9992981 0.9994632
  483     0.9957380 0.9969193 0.9992963 0.9994609
  484     0.9957261 0.9968998 0.9992976 0.9994630
  485     0.9957628 0.9969273 0.9993000 0.9994652
  486     0.9957633 0.9969489 0.9993002 0.9994669
  487     0.9957739 0.9969319 0.9993045 0.9994684
  488     0.9957913 0.9969463 0.9993030 0.9994674
  489     0.9957922 0.9969454 0.9993036 0.9994662
  490     0.9957871 0.9969487 0.9993052 0.9994697
  491     0.9958250 0.9969565 0.9993086 0.9994710
  492     0.9957981 0.9969609 0.9993076 0.9994696
  493     0.9958295 0.9969683 0.9993114 0.9994763
  494     0.9958429 0.9969788 0.9993105 0.9994753
  495     0.9958391 0.9969859 0.9993147 0.9994750
  496     0.9958664 0.9969980 0.9993119 0.9994740
  497     0.9958614 0.9969928 0.9993153 0.9994748
  498     0.9958646 0.9969916 0.9993152 0.9994755
  499     0.9958822 0.9969941 0.9993172 0.9994771
  500     0.9959227 0.9970177 0.9993199 0.9994785
  501     0.9959059 0.9970045 0.9993199 0.9994823
  502     0.9959123 0.9970164 0.9993200 0.9994773
  503     0.9959326 0.9970280 0.9993204 0.9994818
  504     0.9959331 0.9970188 0.9993246 0.9994835
  505     0.9959232 0.9970403 0.9993246 0.9994818
  506     0.9959422 0.9970440 0.9993266 0.9994839
  507     0.9959416 0.9970452 0.9993273 0.9994838
  508     0.9959534 0.9970493 0.9993255 0.9994832
  509     0.9959410 0.9970563 0.9993339 0.9994859
  510     0.9959633 0.9970676 0.9993295 0.9994850
  511     0.9959893 0.9970569 0.9993314 0.9994885
  512     0.9959949 0.9970806 0.9993324 0.9994850
  513     0.9960011 0.9970789 0.9993345 0.9994910
  514     0.9959776 0.9970919 0.9993355 0.9994928
  515     0.9959747 0.9970829 0.9993365 0.9994907
  516     0.9960063 0.9970912 0.9993354 0.9994914
  517     0.9960262 0.9970981 0.9993365 0.9994912
  518     0.9960495 0.9971070 0.9993358 0.9994940
  519     0.9960228 0.9971059 0.9993383 0.9994922
  520     0.9960556 0.9971132 0.9993415 0.9994971
  521     0.9960675 0.9971271 0.9993402 0.9994955
  522     0.9960987 0.9971375 0.9993451 0.9994958
  523     0.9960810 0.9971347 0.9993429 0.9994971
  524     0.9960636 0.9971380 0.9993449 0.9994969
  525     0.9961130 0.9971526 0.9993467 0.9994969
  526     0.9960925 0.9971461 0.9993459 0.9994990
  527     0.9960902 0.9971506 0.9993518 0.9995009
  528     0.9960732 0.9971613 0.9993473 0.9995019
  529     0.9961026 0.9971709 0.9993493 0.9995080
  530     0.9961109 0.9971710 0.9993526 0.9995016
  531     0.9961100 0.9971811 0.9993510 0.9995012
  532     0.9961308 0.9971682 0.9993521 0.9995031
  533     0.9961265 0.9971886 0.9993585 0.9995042
  534     0.9961588 0.9971898 0.9993543 0.9995075
  535     0.9961586 0.9971901 0.9993538 0.9995062
  536     0.9961616 0.9972001 0.9993575 0.9995076
  537     0.9961589 0.9971967 0.9993588 0.9995067
  538     0.9961810 0.9972057 0.9993606 0.9995107
  539     0.9961811 0.9971992 0.9993609 0.9995090
  540     0.9961977 0.9972104 0.9993631 0.9995112
  541     0.9962020 0.9972164 0.9993612 0.9995100
  542     0.9961775 0.9972359 0.9993654 0.9995140
  543     0.9962186 0.9972277 0.9993635 0.9995134
  544     0.9962239 0.9972404 0.9993634 0.9995119
  545     0.9961977 0.9972191 0.9993631 0.9995128
  546     0.9962204 0.9972383 0.9993667 0.9995120
  547     0.9962341 0.9972520 0.9993681 0.9995173
  548     0.9962532 0.9972638 0.9993664 0.9995168
  549     0.9962193 0.9972695 0.9993715 0.9995152
  550     0.9962721 0.9972640 0.9993698 0.9995171
  551     0.9962625 0.9972698 0.9993745 0.9995209
  552     0.9962694 0.9972685 0.9993734 0.9995163
  553     0.9962693 0.9972637 0.9993729 0.9995192
  554     0.9962487 0.9972712 0.9993763 0.9995213
  555     0.9962544 0.9972817 0.9993773 0.9995231
  556     0.9962760 0.9972992 0.9993799 0.9995241
  557     0.9962616 0.9972834 0.9993795 0.9995229
  558     0.9962789 0.9973038 0.9993793 0.9995231
  559     0.9962732 0.9972951 0.9993809 0.9995245
  560     0.9963111 0.9973099 0.9993831 0.9995268
  561     0.9963277 0.9973134 0.9993825 0.9995255
  562     0.9963040 0.9973197 0.9993812 0.9995250
  563     0.9963153 0.9973140 0.9993853 0.9995281
  564     0.9963401 0.9973205 0.9993839 0.9995260
  565     0.9963462 0.9973432 0.9993863 0.9995281
  566     0.9963675 0.9973502 0.9993869 0.9995310
  567     0.9963719 0.9973386 0.9993898 0.9995310
  568     0.9963610 0.9973412 0.9993868 0.9995311
  569     0.9964026 0.9973516 0.9993895 0.9995335
  570     0.9963347 0.9973378 0.9993899 0.9995323
  571     0.9963850 0.9973588 0.9993866 0.9995341
  572     0.9963581 0.9973616 0.9993916 0.9995336
  573     0.9963929 0.9973659 0.9993965 0.9995344
  574     0.9963792 0.9973590 0.9993939 0.9995356
  575     0.9964049 0.9973723 0.9993950 0.9995375
  576     0.9964339 0.9973789 0.9993964 0.9995363
  577     0.9964228 0.9973897 0.9993966 0.9995360
  578     0.9964206 0.9973814 0.9993985 0.9995349
  579     0.9964183 0.9973879 0.9993998 0.9995397
  580     0.9964330 0.9973955 0.9994003 0.9995389
  581     0.9964490 0.9974040 0.9994000 0.9995416
  582     0.9964433 0.9973987 0.9993977 0.9995373
  583     0.9964676 0.9974132 0.9994017 0.9995394
  584     0.9964594 0.9974143 0.9994006 0.9995409
  585     0.9964837 0.9974234 0.9994003 0.9995400
  586     0.9964811 0.9974152 0.9994039 0.9995402
  587     0.9964803 0.9974174 0.9994046 0.9995438
  588     0.9964464 0.9974151 0.9994063 0.9995436
  589     0.9965110 0.9974325 0.9994078 0.9995458
  590     0.9964907 0.9974311 0.9994069 0.9995500
  591     0.9964914 0.9974473 0.9994075 0.9995431
  592     0.9965001 0.9974344 0.9994091 0.9995434
  593     0.9965155 0.9974403 0.9994092 0.9995452
  594     0.9965374 0.9974571 0.9994118 0.9995493
  595     0.9965400 0.9974570 0.9994108 0.9995452
  596     0.9965434 0.9974663 0.9994150 0.9995524
  597     0.9965010 0.9974497 0.9994130 0.9995520
  598     0.9965375 0.9974644 0.9994150 0.9995498
  599     0.9965251 0.9974739 0.9994155 0.9995518
  600     0.9965383 0.9974696 0.9994157 0.9995516
  601     0.9965476 0.9974685 0.9994174 0.9995527
  602     0.9965639 0.9974796 0.9994165 0.9995520
  603     0.9965641 0.9974748 0.9994197 0.9995560
  604     0.9965744 0.9974920 0.9994202 0.9995540
  605     0.9965647 0.9974853 0.9994214 0.9995600
  606     0.9965796 0.9975001 0.9994222 0.9995549
  607     0.9965850 0.9975026 0.9994231 0.9995573
  608     0.9965727 0.9975080 0.9994244 0.9995601
  609     0.9965561 0.9975063 0.9994228 0.9995575
  610     0.9966030 0.9975042 0.9994252 0.9995576
  611     0.9965933 0.9975154 0.9994273 0.9995562
  612     0.9966202 0.9975284 0.9994274 0.9995601
  613     0.9966233 0.9975309 0.9994296 0.9995607
  614     0.9966164 0.9975311 0.9994270 0.9995599
  615     0.9966444 0.9975409 0.9994310 0.9995621
  616     0.9966224 0.9975294 0.9994295 0.9995646
  617     0.9966311 0.9975315 0.9994263 0.9995598
  618     0.9966487 0.9975502 0.9994313 0.9995651
  619     0.9966488 0.9975570 0.9994335 0.9995654
  620     0.9966461 0.9975419 0.9994327 0.9995634
  621     0.9966637 0.9975686 0.9994326 0.9995634
  622     0.9966473 0.9975602 0.9994343 0.9995667
  623     0.9966653 0.9975526 0.9994343 0.9995684
  624     0.9966812 0.9975688 0.9994356 0.9995658
  625     0.9967024 0.9975783 0.9994358 0.9995683
  626     0.9966943 0.9975681 0.9994381 0.9995703
  627     0.9966821 0.9975764 0.9994383 0.9995677
  628     0.9966819 0.9975725 0.9994380 0.9995710
  629     0.9966941 0.9975879 0.9994389 0.9995689
  630     0.9967061 0.9975829 0.9994383 0.9995716
  631     0.9966864 0.9975848 0.9994407 0.9995699
  632     0.9967194 0.9975891 0.9994411 0.9995726
  633     0.9967123 0.9976031 0.9994408 0.9995760
  634     0.9966939 0.9975982 0.9994437 0.9995732
  635     0.9967371 0.9975982 0.9994457 0.9995728
  636     0.9966962 0.9976086 0.9994447 0.9995728
  637     0.9967656 0.9976117 0.9994435 0.9995721
  638     0.9967663 0.9976201 0.9994461 0.9995734
  639     0.9967512 0.9976168 0.9994494 0.9995767
  640     0.9967604 0.9976324 0.9994456 0.9995731
  641     0.9967476 0.9976274 0.9994508 0.9995772
  642     0.9967468 0.9976299 0.9994494 0.9995775
  643     0.9967610 0.9976200 0.9994496 0.9995777
  644     0.9967913 0.9976401 0.9994498 0.9995795
  645     0.9967709 0.9976398 0.9994501 0.9995791
  646     0.9967822 0.9976466 0.9994531 0.9995828
  647     0.9968073 0.9976474 0.9994534 0.9995815
  648     0.9967760 0.9976445 0.9994518 0.9995794
  649     0.9967928 0.9976640 0.9994525 0.9995795
  650     0.9967842 0.9976568 0.9994555 0.9995824
  651     0.9968216 0.9976620 0.9994540 0.9995808
  652     0.9968334 0.9976628 0.9994559 0.9995810
  653     0.9968090 0.9976694 0.9994570 0.9995829
  654     0.9968090 0.9976661 0.9994593 0.9995825
  655     0.9968207 0.9976778 0.9994584 0.9995826
  656     0.9968321 0.9976735 0.9994585 0.9995837
  657     0.9968219 0.9976765 0.9994616 0.9995861
  658     0.9968271 0.9976763 0.9994604 0.9995861
  659     0.9968569 0.9976835 0.9994583 0.9995834
  660     0.9968396 0.9976981 0.9994639 0.9995888
  661     0.9968640 0.9977061 0.9994599 0.9995885
  662     0.9968401 0.9976946 0.9994618 0.9995881
  663     0.9968330 0.9976898 0.9994642 0.9995885
  664     0.9968559 0.9976978 0.9994635 0.9995875
  665     0.9968784 0.9977151 0.9994642 0.9995934
  666     0.9968773 0.9977075 0.9994662 0.9995890
  667     0.9968770 0.9977071 0.9994680 0.9995918
  668     0.9968886 0.9977217 0.9994658 0.9995880
  669     0.9968933 0.9977158 0.9994697 0.9995919
  670     0.9969145 0.9977273 0.9994704 0.9995919
  671     0.9968880 0.9977286 0.9994697 0.9995942
  672     0.9969287 0.9977310 0.9994698 0.9995923
  673     0.9969226 0.9977292 0.9994705 0.9995919
  674     0.9969210 0.9977301 0.9994747 0.9995977
  675     0.9969040 0.9977366 0.9994721 0.9995929
  676     0.9968977 0.9977353 0.9994731 0.9995961
  677     0.9969255 0.9977445 0.9994724 0.9995953
  678     0.9969225 0.9977469 0.9994735 0.9995930
  679     0.9969179 0.9977514 0.9994742 0.9995942
  680     0.9969134 0.9977457 0.9994767 0.9995992
  681     0.9969403 0.9977559 0.9994759 0.9995974
  682     0.9969503 0.9977599 0.9994777 0.9996004
  683     0.9969628 0.9977621 0.9994777 0.9995994
  684     0.9969656 0.9977632 0.9994783 0.9996006
  685     0.9969649 0.9977815 0.9994785 0.9995980
  686     0.9969725 0.9977733 0.9994804 0.9996014
  687     0.9969656 0.9977757 0.9994798 0.9995993
  688     0.9969692 0.9977757 0.9994804 0.9996002
  689     0.9969711 0.9977785 0.9994819 0.9996020
  690     0.9969983 0.9977944 0.9994815 0.9996009
  691     0.9969878 0.9978013 0.9994823 0.9996013
  692     0.9969945 0.9977890 0.9994851 0.9996030
  693     0.9969788 0.9977929 0.9994819 0.9996006
  694     0.9970108 0.9978040 0.9994845 0.9996047
  695     0.9970088 0.9978038 0.9994867 0.9996036
  696     0.9969953 0.9977987 0.9994860 0.9996064
  697     0.9969919 0.9978129 0.9994874 0.9996060
  698     0.9970157 0.9978143 0.9994853 0.9996063
  699     0.9970147 0.9978091 0.9994892 0.9996063
  700     0.9970190 0.9978140 0.9994885 0.9996079
  701     0.9970143 0.9978228 0.9994898 0.9996087
  702     0.9970296 0.9978290 0.9994902 0.9996108
  703     0.9970099 0.9978160 0.9994919 0.9996086
  704     0.9970489 0.9978304 0.9994915 0.9996106
  705     0.9970421 0.9978241 0.9994894 0.9996082
  706     0.9970376 0.9978335 0.9994943 0.9996095
  707     0.9970579 0.9978310 0.9994907 0.9996093
  708     0.9970632 0.9978358 0.9994933 0.9996113
  709     0.9970645 0.9978456 0.9994934 0.9996099
  710     0.9970728 0.9978377 0.9994944 0.9996126
  711     0.9970755 0.9978531 0.9994960 0.9996133
  712     0.9970705 0.9978505 0.9994939 0.9996113
  713     0.9970571 0.9978501 0.9994936 0.9996102
  714     0.9970903 0.9978580 0.9994976 0.9996123
  715     0.9970957 0.9978589 0.9994982 0.9996135
  716     0.9970856 0.9978644 0.9994965 0.9996112
  717     0.9971034 0.9978590 0.9994985 0.9996132
  718     0.9971123 0.9978825 0.9994985 0.9996147
  719     0.9970862 0.9978703 0.9994996 0.9996137
  720     0.9970937 0.9978638 0.9995004 0.9996153
  721     0.9971009 0.9978793 0.9995009 0.9996142
  722     0.9970951 0.9978720 0.9995033 0.9996167
  723     0.9971151 0.9978847 0.9995009 0.9996158
  724     0.9971313 0.9978907 0.9995037 0.9996222
  725     0.9971294 0.9978905 0.9995043 0.9996163
  726     0.9971228 0.9978893 0.9995052 0.9996191
  727     0.9971245 0.9978887 0.9995050 0.9996188
  728     0.9971305 0.9979009 0.9995052 0.9996192
  729     0.9971433 0.9978984 0.9995070 0.9996210
  730     0.9971426 0.9978988 0.9995070 0.9996203
  731     0.9971383 0.9978903 0.9995061 0.9996199
  732     0.9971488 0.9979127 0.9995047 0.9996214
  733     0.9971380 0.9979035 0.9995090 0.9996235
  734     0.9971526 0.9979097 0.9995087 0.9996232
  735     0.9971738 0.9979195 0.9995076 0.9996207
  736     0.9971922 0.9979243 0.9995090 0.9996253
  737     0.9971610 0.9979264 0.9995099 0.9996238
  738     0.9971491 0.9979214 0.9995098 0.9996240
  739     0.9971628 0.9979157 0.9995136 0.9996268
  740     0.9971623 0.9979196 0.9995125 0.9996235
  741     0.9971747 0.9979313 0.9995122 0.9996266
  742     0.9971718 0.9979298 0.9995122 0.9996248
  743     0.9971890 0.9979338 0.9995133 0.9996252
  744     0.9971997 0.9979400 0.9995143 0.9996256
  745     0.9971876 0.9979402 0.9995139 0.9996257
  746     0.9971969 0.9979421 0.9995147 0.9996260
  747     0.9972073 0.9979513 0.9995179 0.9996285
  748     0.9971997 0.9979524 0.9995170 0.9996275
  749     0.9972132 0.9979534 0.9995184 0.9996306
  750     0.9972129 0.9979519 0.9995161 0.9996292
  751     0.9972071 0.9979526 0.9995177 0.9996262
  752     0.9972138 0.9979514 0.9995190 0.9996290
  753     0.9972032 0.9979553 0.9995187 0.9996302
  754     0.9972269 0.9979579 0.9995187 0.9996309
  755     0.9972143 0.9979571 0.9995202 0.9996296
  756     0.9972377 0.9979655 0.9995206 0.9996310
  757     0.9972286 0.9979623 0.9995219 0.9996310
  758     0.9972436 0.9979807 0.9995209 0.9996320
  759     0.9972629 0.9979764 0.9995236 0.9996342
  760     0.9972371 0.9979765 0.9995238 0.9996337
  761     0.9972480 0.9979839 0.9995248 0.9996361
  762     0.9972855 0.9979969 0.9995258 0.9996334
  763     0.9972746 0.9979906 0.9995244 0.9996344
  764     0.9972705 0.9979824 0.9995274 0.9996356
  765     0.9972660 0.9979821 0.9995265 0.9996349
  766     0.9972807 0.9979923 0.9995257 0.9996341
  767     0.9972603 0.9979948 0.9995268 0.9996344
  768     0.9972877 0.9980001 0.9995282 0.9996364
  769     0.9972739 0.9980066 0.9995303 0.9996385
  770     0.9972917 0.9980138 0.9995286 0.9996383
  771     0.9972873 0.9980087 0.9995294 0.9996369
  772     0.9972815 0.9979995 0.9995290 0.9996368
  773     0.9973105 0.9980119 0.9995313 0.9996377
  774     0.9972930 0.9980075 0.9995304 0.9996382
  775     0.9973108 0.9980162 0.9995337 0.9996406
  776     0.9973195 0.9980254 0.9995330 0.9996390
  777     0.9973117 0.9980130 0.9995314 0.9996385
  778     0.9973111 0.9980236 0.9995330 0.9996420
  779     0.9973187 0.9980318 0.9995337 0.9996428
  780     0.9973163 0.9980268 0.9995333 0.9996409
  781     0.9973167 0.9980370 0.9995347 0.9996406
  782     0.9973440 0.9980342 0.9995349 0.9996430
  783     0.9973047 0.9980273 0.9995347 0.9996420
  784     0.9973411 0.9980412 0.9995365 0.9996424
  785     0.9973387 0.9980406 0.9995375 0.9996422
  786     0.9973564 0.9980389 0.9995368 0.9996422
  787     0.9973232 0.9980432 0.9995370 0.9996455
  788     0.9973397 0.9980445 0.9995381 0.9996442
  789     0.9973156 0.9980440 0.9995407 0.9996474
  790     0.9973502 0.9980530 0.9995395 0.9996463
  791     0.9973449 0.9980440 0.9995381 0.9996458
  792     0.9973614 0.9980577 0.9995405 0.9996461
  793     0.9973608 0.9980630 0.9995395 0.9996464
  794     0.9973842 0.9980631 0.9995419 0.9996474
  795     0.9973388 0.9980506 0.9995431 0.9996499
  796     0.9973480 0.9980561 0.9995429 0.9996483
  797     0.9973677 0.9980591 0.9995410 0.9996482
  798     0.9973688 0.9980640 0.9995427 0.9996480
  799     0.9973798 0.9980788 0.9995428 0.9996479
  800     0.9973858 0.9980742 0.9995435 0.9996477
  801     0.9973874 0.9980802 0.9995461 0.9996540
  802     0.9973723 0.9980791 0.9995441 0.9996481
  803     0.9973723 0.9980785 0.9995449 0.9996480
  804     0.9973974 0.9980766 0.9995459 0.9996518
  805     0.9973917 0.9980852 0.9995481 0.9996523
  806     0.9973941 0.9981008 0.9995447 0.9996498
  807     0.9973726 0.9980832 0.9995489 0.9996542
  808     0.9974252 0.9980961 0.9995458 0.9996501
  809     0.9974145 0.9980968 0.9995476 0.9996496
  810     0.9974069 0.9980966 0.9995471 0.9996514
  811     0.9973982 0.9980940 0.9995494 0.9996538
  812     0.9974315 0.9981036 0.9995497 0.9996521
  813     0.9974041 0.9981014 0.9995499 0.9996557
  814     0.9974064 0.9980964 0.9995511 0.9996543
  815     0.9974473 0.9981090 0.9995516 0.9996557
  816     0.9974289 0.9981093 0.9995512 0.9996552
  817     0.9974298 0.9981096 0.9995524 0.9996522
  818     0.9974138 0.9981055 0.9995539 0.9996547
  819     0.9974338 0.9981074 0.9995527 0.9996557
  820     0.9974474 0.9981163 0.9995549 0.9996586
  821     0.9974450 0.9981197 0.9995527 0.9996549
  822     0.9974653 0.9981233 0.9995540 0.9996581
  823     0.9974327 0.9981195 0.9995540 0.9996567
  824     0.9974573 0.9981313 0.9995549 0.9996584
  825     0.9974558 0.9981253 0.9995561 0.9996579
  826     0.9974385 0.9981230 0.9995557 0.9996595
  827     0.9974430 0.9981294 0.9995565 0.9996595
  828     0.9974799 0.9981365 0.9995560 0.9996576
  829     0.9974614 0.9981255 0.9995570 0.9996584
  830     0.9974802 0.9981441 0.9995584 0.9996585
  831     0.9974830 0.9981428 0.9995586 0.9996583
  832     0.9974818 0.9981393 0.9995595 0.9996580
  833     0.9974877 0.9981509 0.9995591 0.9996627
  834     0.9974748 0.9981453 0.9995608 0.9996613
  835     0.9974802 0.9981486 0.9995615 0.9996642
  836     0.9974894 0.9981565 0.9995623 0.9996619
  837     0.9974750 0.9981496 0.9995616 0.9996619
  838     0.9974934 0.9981580 0.9995617 0.9996629
  839     0.9974954 0.9981581 0.9995634 0.9996641
  840     0.9974869 0.9981576 0.9995632 0.9996621
  841     0.9975099 0.9981541 0.9995632 0.9996623
  842     0.9974940 0.9981581 0.9995633 0.9996628
  843     0.9974994 0.9981613 0.9995638 0.9996648
  844     0.9975110 0.9981660 0.9995624 0.9996629
  845     0.9974987 0.9981686 0.9995640 0.9996616
  846     0.9975085 0.9981735 0.9995651 0.9996643
  847     0.9975203 0.9981718 0.9995663 0.9996654
  848     0.9975328 0.9981747 0.9995659 0.9996654
  849     0.9975319 0.9981796 0.9995672 0.9996664
  850     0.9975309 0.9981861 0.9995691 0.9996659
  851     0.9975301 0.9981750 0.9995672 0.9996653
  852     0.9975376 0.9981818 0.9995681 0.9996682
  853     0.9975442 0.9981940 0.9995675 0.9996690
  854     0.9975387 0.9981887 0.9995686 0.9996671
  855     0.9975268 0.9981931 0.9995688 0.9996705
  856     0.9975482 0.9981944 0.9995713 0.9996679
  857     0.9975589 0.9981961 0.9995704 0.9996683
  858     0.9975627 0.9982010 0.9995713 0.9996682
  859     0.9975457 0.9981952 0.9995688 0.9996671
  860     0.9975509 0.9981986 0.9995701 0.9996693
  861     0.9975774 0.9981994 0.9995719 0.9996688
  862     0.9975601 0.9982058 0.9995733 0.9996703
  863     0.9975486 0.9982092 0.9995740 0.9996709
  864     0.9975654 0.9982049 0.9995736 0.9996724
  865     0.9975899 0.9982145 0.9995744 0.9996731
  866     0.9975724 0.9982131 0.9995738 0.9996705
  867     0.9975670 0.9982126 0.9995751 0.9996713
  868     0.9975849 0.9982228 0.9995756 0.9996725
  869     0.9975800 0.9982086 0.9995751 0.9996729
  870     0.9975478 0.9982167 0.9995756 0.9996733
  871     0.9975843 0.9982147 0.9995753 0.9996737
  872     0.9975788 0.9982211 0.9995756 0.9996719
  873     0.9975929 0.9982228 0.9995760 0.9996743
  874     0.9976055 0.9982321 0.9995762 0.9996732
  875     0.9976036 0.9982314 0.9995772 0.9996730
  876     0.9975929 0.9982311 0.9995785 0.9996762
  877     0.9975886 0.9982412 0.9995784 0.9996763
  878     0.9976081 0.9982352 0.9995778 0.9996744
  879     0.9975959 0.9982378 0.9995795 0.9996745
  880     0.9976085 0.9982396 0.9995791 0.9996762
  881     0.9976087 0.9982441 0.9995802 0.9996766
  882     0.9976277 0.9982454 0.9995813 0.9996781
  883     0.9976142 0.9982423 0.9995797 0.9996743
  884     0.9976280 0.9982482 0.9995813 0.9996765
  885     0.9976471 0.9982509 0.9995813 0.9996770
  886     0.9976282 0.9982509 0.9995816 0.9996767
  887     0.9976189 0.9982576 0.9995834 0.9996795
  888     0.9976228 0.9982516 0.9995843 0.9996789
  889     0.9976404 0.9982615 0.9995828 0.9996793
  890     0.9976457 0.9982598 0.9995849 0.9996811
  891     0.9976283 0.9982527 0.9995839 0.9996781
  892     0.9976447 0.9982645 0.9995837 0.9996786
  893     0.9976372 0.9982613 0.9995856 0.9996796
  894     0.9976403 0.9982641 0.9995866 0.9996821
  895     0.9976488 0.9982641 0.9995850 0.9996803
  896     0.9976350 0.9982703 0.9995869 0.9996812
  897     0.9976527 0.9982736 0.9995878 0.9996827
  898     0.9976467 0.9982688 0.9995872 0.9996815
  899     0.9976560 0.9982786 0.9995863 0.9996809
  900     0.9976581 0.9982791 0.9995872 0.9996824
  901     0.9976645 0.9982811 0.9995890 0.9996842
  902     0.9976746 0.9982856 0.9995884 0.9996810
  903     0.9976615 0.9982815 0.9995902 0.9996829
  904     0.9976720 0.9982797 0.9995890 0.9996831
  905     0.9976721 0.9982851 0.9995884 0.9996827
  906     0.9976605 0.9982833 0.9995901 0.9996843
  907     0.9976808 0.9982805 0.9995894 0.9996817
  908     0.9976832 0.9982989 0.9995913 0.9996837
  909     0.9976850 0.9982923 0.9995907 0.9996840
  910     0.9976826 0.9982929 0.9995919 0.9996851
  911     0.9977083 0.9983127 0.9995921 0.9996862
  912     0.9977002 0.9982993 0.9995932 0.9996848
  913     0.9976922 0.9982981 0.9995918 0.9996873
  914     0.9976920 0.9982948 0.9995933 0.9996851
  915     0.9976943 0.9983075 0.9995939 0.9996857
  916     0.9977105 0.9983098 0.9995940 0.9996859
  917     0.9976944 0.9983020 0.9995947 0.9996872
  918     0.9976878 0.9983093 0.9995932 0.9996864
  919     0.9977097 0.9983106 0.9995946 0.9996886
  920     0.9977173 0.9983082 0.9995949 0.9996854
  921     0.9977055 0.9983115 0.9995963 0.9996902
  922     0.9976910 0.9983017 0.9995955 0.9996883
  923     0.9977161 0.9983244 0.9995975 0.9996877
  924     0.9977109 0.9983193 0.9995955 0.9996870
  925     0.9977147 0.9983177 0.9995977 0.9996893
  926     0.9977338 0.9983218 0.9995969 0.9996894
  927     0.9977238 0.9983241 0.9995984 0.9996896
  928     0.9977356 0.9983239 0.9995999 0.9996912
  929     0.9977352 0.9983292 0.9995992 0.9996913
  930     0.9977382 0.9983250 0.9996001 0.9996918
  931     0.9977294 0.9983318 0.9996005 0.9996905
  932     0.9977291 0.9983236 0.9996009 0.9996938
  933     0.9977350 0.9983387 0.9996001 0.9996930
  934     0.9977371 0.9983390 0.9996002 0.9996907
  935     0.9977599 0.9983416 0.9996015 0.9996945
  936     0.9977340 0.9983410 0.9996015 0.9996908
  937     0.9977534 0.9983484 0.9996027 0.9996931
  938     0.9977534 0.9983422 0.9996024 0.9996935
  939     0.9977252 0.9983436 0.9996026 0.9996945
  940     0.9977534 0.9983441 0.9996023 0.9996924
  941     0.9977559 0.9983573 0.9996052 0.9996959
  942     0.9977899 0.9983450 0.9996040 0.9996951
  943     0.9977598 0.9983466 0.9996036 0.9996940
  944     0.9977424 0.9983436 0.9996033 0.9996943
  945     0.9977776 0.9983503 0.9996060 0.9996973
  946     0.9977403 0.9983458 0.9996048 0.9996938
  947     0.9977686 0.9983498 0.9996063 0.9996960
  948     0.9977766 0.9983578 0.9996061 0.9996958
  949     0.9977887 0.9983603 0.9996065 0.9996960
  950     0.9977674 0.9983540 0.9996072 0.9996975
  951     0.9977573 0.9983555 0.9996063 0.9996971
  952     0.9977717 0.9983667 0.9996075 0.9996977
  953     0.9977817 0.9983651 0.9996079 0.9996982
  954     0.9977803 0.9983651 0.9996085 0.9996964
  955     0.9977890 0.9983754 0.9996091 0.9996975
  956     0.9977951 0.9983660 0.9996096 0.9996983
  957     0.9977857 0.9983687 0.9996085 0.9996997
  958     0.9977918 0.9983743 0.9996095 0.9996981
  959     0.9977906 0.9983723 0.9996116 0.9996991
  960     0.9978039 0.9983798 0.9996111 0.9997018
  961     0.9977955 0.9983776 0.9996094 0.9996978
  962     0.9978110 0.9983816 0.9996107 0.9996981
  963     0.9978029 0.9983776 0.9996113 0.9997010
  964     0.9978140 0.9983830 0.9996117 0.9996996
  965     0.9978282 0.9983866 0.9996122 0.9996983
  966     0.9978216 0.9983853 0.9996120 0.9997010
  967     0.9978259 0.9983922 0.9996131 0.9997011
  968     0.9978195 0.9983878 0.9996115 0.9996995
  969     0.9978172 0.9983928 0.9996125 0.9997001
  970     0.9978221 0.9983866 0.9996131 0.9997023
  971     0.9978420 0.9984008 0.9996136 0.9997015
  972     0.9978353 0.9983970 0.9996147 0.9997030
  973     0.9978397 0.9983963 0.9996145 0.9997018
  974     0.9978272 0.9983921 0.9996167 0.9997030
  975     0.9978245 0.9983989 0.9996163 0.9997042
  976     0.9978511 0.9984102 0.9996142 0.9997034
  977     0.9978475 0.9984077 0.9996148 0.9997043
  978     0.9978411 0.9984045 0.9996163 0.9997037
  979     0.9978361 0.9984069 0.9996163 0.9997037
  980     0.9978358 0.9984145 0.9996170 0.9997055
  981     0.9978459 0.9984069 0.9996170 0.9997053
  982     0.9978507 0.9984152 0.9996182 0.9997053
  983     0.9978366 0.9984133 0.9996194 0.9997064
  984     0.9978573 0.9984145 0.9996193 0.9997050
  985     0.9978604 0.9984185 0.9996185 0.9997050
  986     0.9978502 0.9984153 0.9996189 0.9997034
  987     0.9978537 0.9984204 0.9996188 0.9997084
  988     0.9978577 0.9984183 0.9996194 0.9997064
  989     0.9978808 0.9984260 0.9996198 0.9997079
  990     0.9978564 0.9984197 0.9996200 0.9997053
  991     0.9978814 0.9984267 0.9996200 0.9997067
  992     0.9978821 0.9984332 0.9996218 0.9997077
  993     0.9978568 0.9984207 0.9996219 0.9997091
  994     0.9978835 0.9984341 0.9996218 0.9997075
  995     0.9978743 0.9984328 0.9996229 0.9997100
  996     0.9978938 0.9984333 0.9996225 0.9997091
  997     0.9978788 0.9984301 0.9996228 0.9997078
  998     0.9978871 0.9984400 0.9996220 0.9997081
  999     0.9978942 0.9984388 0.9996228 0.9997088
 1000     0.9978877 0.9984373 0.9996260 0.9997102
