  row SRP2_109 ML370_109 SRP2_110 ML370_110 SRP2_114 ML370_114 SRP2_115 ML370_115 SRP2_1142 ML370_1142 SRP2_1152 ML370_1152 SRP2_116 ML370_116 SRP2_117 ML370_117 SRP2_118 ML370_118 SRP2_119 ML370_119 SRP2_1162 ML370_1162 SRP2_1172 ML370_1
    1      0.4       0.0     -0.3      -0.2      0.0       0.0      0.3       0.0                                                0.0       0.0      0.0       0.0      0.1       0.0      0.0      -0.1
    2    271.3     259.3    124.9     126.7     88.9      81.0    266.2     251.7      88.9       81.0     266.2      251.7     77.8      71.6    118.8     110.0    122.5     114.9    119.4     111.9      77.8       71.6     118.8      11
    3     59.7      55.4    141.6     129.6    139.7     131.8    115.0     107.4     139.7      131.8     115.0      107.4    121.5     113.5     49.5      45.0     31.7      26.5    124.1     116.4     121.5      113.5      49.5       4
    4     90.3      86.1     32.4      24.6    115.7     108.9    137.7     129.4     115.7      108.9     137.7      129.4     36.2      32.0     15.9      12.1    303.3     287.4     25.7      21.2      36.2       32.0      15.9       1
    5    116.3     109.8     59.6      54.8    226.0     215.6    122.8     115.2     226.0      215.6     122.8      115.2     48.8      43.3     92.5      85.5    115.1     107.8     80.6      74.4      48.8       43.3      92.5       8
    6    121.8     115.9    116.6     109.6     59.2      53.5    169.9     160.3      59.2       53.5     169.9      160.3    105.3      98.6     78.1      71.5    265.9     251.8    107.1     100.4     105.3       98.6      78.1       7
    7    140.0     132.0    184.2     173.9    123.4     116.8     58.7      53.0     123.4      116.8      58.7       53.0     15.9      12.7    122.4     114.9    224.0     211.2     50.8      45.3      15.9       12.7     122.4      11
    8    229.3     232.6     90.0      86.6    306.3     291.2     87.9      80.7     306.3      291.2      87.9       80.7     25.1      21.2    105.3      97.2    137.3     129.0     37.9      33.3      25.1       21.2     105.3       9
    9    183.4     172.6    308.6     287.0     30.9      26.5    303.6     288.2      30.9       26.5     303.6      288.2    115.7     109.0     25.1      21.0     59.1      53.0     59.6      52.9     115.7      109.0      25.1       2
   10    308.9     294.1    229.7     216.9    181.6     172.0    224.4     212.3     181.6      172.0     224.4      212.3     63.3      57.8     36.3      31.8     88.4      81.4     16.6      13.0      63.3       57.8      36.3       3
   11     31.3      27.0    271.2     253.1    268.0     254.4     31.2      26.9     268.0      254.4      31.2       26.9     91.9      85.4     63.0      57.1    180.2     169.4     93.9      86.6      91.9       85.4      63.0       5
   12      0.1      11.6      0.1      -4.6     -0.1      -0.1     -0.1       0.0                                                0.2      -0.1      0.2       0.0     -0.2       0.0      0.0      -0.1
   13
   14
   15
   16
   17
   18
   19
   20
   21
   22
   23
   24
   25
   26
   27
   28
   29
   30
   31
   32
   33
   34
   35
   36
   37
   38
   39
   40
   41
   42
   43
   44
   45
   46
   47
   48
   49
   50
   51
   52
   53
   54
   55
   56
   57
   58
   59
   60
