THIS IS DATAPLOT DATA FILE     NORRIS5.DAT
CALIBRATION OF OZONE DETECTORS, Jim Norris (Chemistry)
Customer     = Canada
GUEST DEVICE = ENVIRONMENT CANADA
Data analysis date = February 1995
NIST DEVICE = ...
1991, 1992, 1993
 
RESPONSE VARIABLE = MEASURED OZONE CONCENTRATION OF GUEST DEVICE
NUMBER OF OBSERVATIONS =
NUMBER OF VARIABLES PER LINE IMAGE =
ORDER OF VARIABLES ON A LINE IMAGE--  ???
   1. RESPONSE VARIABLE = MEASURED O3 CONC. OF GUEST DEVICE
   2. FACTOR 1 = MEASURED O3 CONC. OF NIST DEVICE
   3. FACTOR 2 = TEMPERATURE OF NIST DEVICE
   4. FACTOR 3 = PRESSURE OF NIST DEVICE
 
TO READ THIS FILE INTO DATAPLOT--
   SKIP 25
   READ NORRIS5.DAT ... (not yet done)
 
 
 
 
------------------------------------------------------------------------
row srp2211 das2298211 das4062211 das4063211 srp2212 das2298212 das4062212 das4063212
 1    -0.2    12.0     -999          2.2     0.1       10.0        7.0       -1.0
 2   551.6   562.3     -999        551.6   546.0      549.7      534.9      542.5
 3   474.8   488.1      407.6      474.9   471.0      476.0      458.4      470.5
 4   396.4   406.4      340.1      396.2   393.7      396.5      380.8      393.7
 5   317.5   328.4      272.2      317.9   313.3      322.0      303.9      314.4
 6   233.4   242.7      202.1      234.1   231.5      238.6      225.0      232.3
 7   137.9   147.1      124.0      138.2   137.7      148.0      136.1      139.0
 8    62.4    73.6       56.5       63.7    61.1       66.4       62.1       62.4
 9    -0.4    10.0        3.5        1.6     0.1       10.2        4.0        2.5
--------
row SRP2_224 TECO49_224 EN1626_224 DA4063_224 SRP2_225 TECO49_225 EN1626_225 DA4063_225 SRP2_226 TECO49_226 EN1626_226 DA4063_226 D4063_2252 SRP2_2252 TEC49_2252
 1     -0.3    -1.0       -5.4        0.5     -0.1       -1.2       -2.8        0.8     -0.3       -1.6       -6.7        1.0        0.8      -0.1       -1.2
 2    305.7   307.9      298.0      300.6    220.9      220.9      216.9      217.5    461.1      464.4      452.9      451.3      217.5     220.9      220.9
 3    539.4   542.7      529.9      529.2    382.2      384.8      377.8      375.1    123.8      123.5      115.9      122.4      375.1     382.2      384.8
 4    121.5   120.9      114.0      119.6     51.5       50.6       46.8       51.2    303.5      305.4      295.0      297.3       51.2      51.5       50.6
 5    385.6   388.6      377.2      378.2    302.5      304.2      296.9      297.9     53.4       52.8       45.8       53.0                302.5      304.2
 6    221.1   222.0      212.9      216.9    534.8      538.7      529.4      524.6    532.8      537.5      522.5      521.5      524.6     534.8      538.7
 7    464.4   467.2      455.2      455.2    120.2      118.2      114.1      118.5    220.3      221.1      211.0      216.1      118.5
 8     55.7    55.6       49.2       55.3    460.8      463.4      453.5      452.4    382.6      385.3      371.7      374.2      452.4     460.8      463.4
 9     -0.2    -1.2       -5.8        0.3     -0.2       -1.7       -6.0        1.0      0.0       -1.8       -7.8        0.7        1.0      -0.2       -1.7
--------
row SRP2_047 D4063_047 E1626_047 T254_047 SRP2_048 D4063_048 E1626_048 T254_048 SRP2_049 D4063_049 E1626_049 T254_049
 1      0.0    1.0       5.5      1.4     -0.2       4.6       5.3      1.1     -0.2       4.8       5.3      1.6
 2    519.9  514.4     520.8    524.3    354.0     354.5     358.3    358.2    290.1     291.7     294.5    293.7
 3    462.8  458.0     463.1    466.8    409.6     409.8     413.6    414.0    123.9     127.4     128.4    126.2
 4    122.2  121.9     121.8    123.9    122.5     125.8     127.1    124.6    180.7     183.5     185.4    183.7
 5     62.8   63.0      66.6     64.4    181.1     183.6     185.4    183.4     64.0      67.8      68.6     65.7
 6    408.5  403.8     408.0    411.4    575.1     573.0     578.6    580.8    462.7     462.5     467.4    468.0
 7    234.3  232.9     234.3    236.7    236.2     238.0     240.2    240.2    571.9     570.4     575.8    577.8
 8    291.8  288.4     289.2    294.6    293.1     294.3     297.1    296.5    351.9     353.1     356.4    356.3
 9    572.2  567.9     571.1    577.5     63.3      67.0      67.6     64.9    234.8     236.9     239.2    238.5
10    179.2  176.9     178.1    181.6    522.6     521.3     526.6    528.2    406.9     407.7     411.6    411.5
11    353.3  349.4     352.7    356.2    465.4     464.6     469.8    470.2    519.7     518.9     524.2    525.0
12      0.1    0.0       5.0      1.0      0.1       4.7       5.3      1.4      0.1       4.9       5.3      1.3
