WEEKLY (ROUGHLY) FREON-11 READINGS AT NORTHWESTERN??? 1/77 TO 12/86
JIM ELKINS (NOAA) FTS 320-6224    JIM'S NAME FOR FILE = NWRF11_WK.DAT
NUMBER OF OBSERVATIONS = 941
RESPONSE VARIABLE = MEAN FREON-11 CONCENTRATION (IN PARTS PER TRILLION)
ORDER OF VARIABLES ON A LINE IMAGE--
   1. YEAR (1977 TO 1986)
   2. DAY OF YEAR (1 TO 365)
   3. SAMPLE BOTTLE (OF ONLY MINOR INTEREST)
   4. STANDARD DEVIATION (OVER 3 OBSERVATIONS)
   5. MEAN (OVER 3 OBSERVATIONS) FREON-11 CONCENTRATION (PPT)
   6. VALIDITY FLAG (ONLY USE DATA WITH FLAG = 0)
   7. WATER VAPOR
   8. CO2
NOTE--ONLY USE DATA WITH VALIDTY FLAG = 0
      POLLUTION = COMBINATION OF HIGH CO2 AND HIGH FREON
                  WHEN FREON HIGH, EXPECT HIGH CO2 (POLLUTION)
                  CO2 COMES FROM COMBUSITON OF FOSSIL FUELS
                  FREON COME FROM AIR CONDITIONS
      AT MOST SITES, THERE SHOULD BE A SEASONAL EFFECT FOR CO2)
      AT POINT BARROW, THERE IS ALSO A SEASONAL EFFECT FOR FREON-11)
QUESTIONS--
   TRENDS AND CYCLES OVER TIME?
   RELATIONSHIP BETWEEN FREON AND WATER VAPOR?
   RELATIONSHIP BETWEEN FREON AND CO2?
   SAME PATTERNS AT ALL 5 SITES?
1977   7  43  0.7 146.2 32   1.0017 -99.9900
1977   7  43  1.0 145.7 32   1.0017 -99.9900
1977  17  44  2.4 147.6 32   1.0043 -99.9900
1977  17  44  2.8 151.3 32   1.0043 -99.9900
1977  27  45  0.5 145.5 32   1.0080 -99.9900
1977  27  45  1.8 146.0 32   1.0080 -99.9900
1977  34  46  3.4 143.4 32   1.0032 -99.9900
1977  34  46  1.3 144.5 32   1.0032 -99.9900
1977  40  47  0.5 188.1 36   1.0035 -99.9900
1977  40  47  1.4 199.4 38   1.0035 -99.9900
1977  54  48  0.0 164.5 36   1.0031 -99.9900
1977  54  48  0.0 169.2 36   1.0031 -99.9900
1977  66  49  0.2 230.9 36   1.0024 -99.9900
1977  66  49  1.5 217.0 38   1.0024 -99.9900
1977  68  50  0.0 132.8 32   1.0017 -99.9900
1977  68  50  0.0 370.8 38   1.0017 -99.9900
1977  77  51  2.5 141.1 32   1.0035 -99.9900
1977  77  51  0.2 140.9 32   1.0035 -99.9900
1977  84  52  1.5 134.4 32   1.0025 -99.9900
1977  84  52  0.9 136.3 32   1.0025 -99.9900
1977  89  53  0.0 142.1 32   1.0028 -99.9900
1977  89  53  0.0 630.3 38   1.0028 -99.9900
1977  97  54  0.0 904.2 36   1.0028 -99.9900
1977  97  54  0.0 904.2 36   1.0028 -99.9900
1977 103  55  1.7 141.3 32   1.0054 -99.9900
1977 103  55  2.8 141.0 32   1.0054 -99.9900
1977 112  56  0.1 195.8 36   1.0052 -99.9900
1977 112  56  0.0 300.4 38   1.0052 -99.9900
1977 117  57  2.3 141.0 32   1.0066 -99.9900
1977 117  57  6.6 171.4 39   1.0066 -99.9900
1977 125  58  2.6 164.4 36   1.0073 -99.9900
1977 125  58  2.8 171.3 36   1.0073 -99.9900
1977 132  59  2.3 136.2 32   1.0039 -99.9900
1977 132  59  0.4 137.5 32   1.0039 -99.9900
1977 139  60  0.0 135.5 32   1.0036 -99.9900
1977 139  60  0.1 142.6 32   1.0036 -99.9900
1977 146  61  3.0 150.5 32   1.0070 -99.9900
1977 146  61  2.6 150.2 32   1.0070 -99.9900
1977 151  62  4.5 136.2 32   1.0069 -99.9900
1977 151  62  0.1 149.8 34   1.0069 -99.9900
1977 159  63  0.1 151.6 32   1.0117 -99.9900
1977 159  63  0.6 138.8 34   1.0117 -99.9900
1977 166  64  0.0 135.1 32   1.0040 336.7000
1977 166  64  0.0 143.8  2   1.0040 336.7000
1977 172  65  5.3 147.4 33   1.0054 335.3000
1977 172  65  7.4 481.2  7   1.0054 335.3000
1977 179  66  0.0 914.1 36   1.0152 333.0000
1977 179  66  0.0 976.6  6   1.0152 333.0000
1977 194  67  0.0 135.7 32   1.0121 333.1000
1977 194  67  0.0 151.3  2   1.0121 333.1000
1977 200  68  2.9 137.4 32   1.0125 332.7000
1977 200  68  5.1 200.6  7   1.0125 332.7000
1977 208  69  0.0 909.4 36   1.0105 335.7000
1977 208  69  0.1 254.0  6   1.0105 335.7000
1977 214  70  0.4 137.9 32   1.0068 332.3000
1977 214  70  1.6 154.0  2   1.0068 332.3000
1977 222  71  2.5 142.0 32   1.0096 335.0000
1977 222  71 19.6 193.5  7   1.0096 335.0000
1977 229  72  2.9 155.8 32   1.0153 331.3000
1977 237  73  0.9 137.6 32   1.0142 331.1000
1977 237  73  2.1 156.1  2   1.0142 331.1000
1977 244  74  2.0 139.6 32   1.0066 334.1000
1977 258  75  6.5 140.7 33   1.0049 331.5000
1977 258  75  5.8 150.0  3   1.0049 331.5000
1977 265  76  0.4 139.1 32   1.0030 330.6000
1977 265  76  4.6 174.2  6   1.0030 330.6000
1977 272  77  8.0 139.2 33   1.0080 329.8000
1977 272  77  6.9 151.8  3   1.0080 329.8000
1977 281  78  5.4 147.2 33   1.0044 334.3000
1977 281  78  6.2 151.4  1   1.0044 334.3000
1977 286  79  4.9 144.5 33   1.0042 333.2000
1977 286  79  3.0 156.7  2   1.0042 333.2000
1977 296  80  0.5 142.9 32   1.0060 334.8000
1977 296  80  4.4 155.7  2   1.0060 334.8000
1977 300  81  3.3 148.8 32   1.0049 334.2000
1977 300  81  4.3 156.9  2   1.0049 334.2000
1977 307  82  3.2 143.5 32   1.0037 335.2000
1977 307  82  3.8 149.7  0   1.0037 335.2000
1977 315  83  3.3 142.1 32   1.0027 333.9000
1977 315  83  4.6 156.8  2   1.0027 333.9000
1977 325  84  7.3 144.6 33   1.0080 334.2000
1977 325  84  2.3 153.7  2   1.0080 334.2000
1977 333  85  4.1 134.8 36   1.0080 337.2000
1977 333  85  5.0 155.1  3   1.0080 337.2000
1977 341  86  3.6 152.0 32   1.0048 336.1000
1977 341  86 14.6 161.4  3   1.0048 336.1000
1977 351  87  4.2 152.8 32   1.0080 337.4000
1977 351  87  2.7 162.1  2   1.0080 337.4000
1977 365  88  0.4 154.5  0   1.0080 335.9000
1978   7  89  1.8 143.0 32   1.0080 337.4000
1978   7  89  4.8 153.6  2   1.0080 337.4000
1978  11  90  7.2 146.7 33   1.0045 338.2000
1978  11  90  5.1 150.7  1   1.0045 338.2000
1978  17  91  4.1 145.1 32   1.0041 337.2000
1978  17  91  5.7 158.5  3   1.0041 337.2000
1978  28  92  1.2 145.8 32   1.0034 337.6000
1978  28  92  3.4 155.1  2   1.0034 337.6000
1978  35  93  3.6 147.5 32   1.0050 337.8000
1978  35  93  0.1 158.1  2   1.0050 337.8000
1978  50  94  6.0 148.0 33   1.0080 338.0000
1978  50  94  2.8 163.2  2   1.0080 338.0000
1978  54  95  6.4 141.1 33   1.0030 338.1000
1978  54  95  1.0 156.8  2   1.0030 338.1000
1978  63  96  1.7 142.4 32   1.0055 338.2000
1978  63  96  2.4 153.5  2   1.0055 338.2000
1978  67  97  4.7 150.1 32   1.0040 338.4000
1978  67  97  1.2 160.1  2   1.0040 338.4000
1978  86  98  3.9 155.2  2
1978  86  98  2.2 144.2  2   1.0040 338.4000
1978 103  99  3.3 183.8  4   1.0059 338.6000
1978 103  99  0.0 191.2  4   1.0059 338.6000
1978 123 100  1.1 170.7  0   1.0079 338.6000
1978 123 100  2.9 169.8  0   1.0079 338.6000
1978 130 101  3.0 154.2  0   1.0044 338.1000
1978 130 101  3.5 157.1  0   1.0044 338.1000
1978 138 102  3.4 166.5  0   1.0073 338.8000
1978 138 102  3.6 166.8  0   1.0073 338.8000
1978 152 103  1.4 173.3  4   1.0082 338.3000
1978 152 103  1.4 173.6  4   1.0082 338.3000
1978 158 104  1.5 155.2  0   1.0079 339.9000
1978 158 104  2.3 156.7  0   1.0079 339.9000
1978 165 105  4.9 152.0  1   1.0076 339.0000
1978 165 105  5.6 153.3  1   1.0076 339.0000
1978 173 106  1.6 162.0  0   1.0097 336.9000
1978 173 106  1.2 157.4  0   1.0097 336.9000
1978 179 107  1.9 157.4  0   1.0148 336.4000
1978 179 107  1.8 156.5  0   1.0148 336.4000
1978 188 108  2.9 159.3  0   1.0065 334.3000
1978 188 108  1.5 159.2  0   1.0065 334.3000
1978 193 109  0.1 165.0  0   1.0101 334.9000
1978 193 109  1.6 161.2  0   1.0101 334.9000
1978 200 110  2.4 155.2  2
1978 200 110  0.9 163.7  2   1.0090 333.7000
1978 209 111  1.6 167.4  0   1.0138 332.9000
1978 209 111  3.0 168.1  0   1.0138 332.9000
1978 215 112  1.8 173.6  0   1.0124 332.2000
1978 215 112  3.0 171.9  0   1.0124 332.2000
1978 222 113  3.2 162.9  0   1.0134 331.4000
1978 222 113  1.3 159.1  0   1.0134 331.4000
1978 230 114  2.7 162.8  2
1978 230 114  7.0 170.7  3   1.0059 328.1000
1978 235 115  2.7 163.8  0   1.0088 333.0000
1978 235 115  4.5 162.9  0   1.0088 333.0000
1978 246 116  4.7 172.7  0   1.0091 332.7000
1978 246 116  2.4 169.9  0   1.0091 332.7000
1978 254 117  1.7 165.9  0   1.0066 329.7000
1978 254 117  4.7 165.2  0   1.0066 329.7000
1978 268 118  4.7 176.3  4   1.0073 330.8000
1978 268 118  4.7 174.1  0   1.0073 330.8000
1978 276 119  3.5 164.9  0   1.0080 331.2000
1978 276 119  2.7 168.5  0   1.0080 331.2000
1978 283 120  2.4 167.1  0   1.0017 332.2000
1978 283 120  0.8 165.0  0   1.0017 332.2000
1978 289 121  2.0 168.9  0   1.0080 334.6000
1978 289 121  2.1 166.7  0   1.0080 334.6000
1978 301 122  0.9 160.4  0   1.0061 334.2000
1978 301 122  6.3 158.5  1   1.0061 334.2000
1978 315 123  3.8 169.4  0   1.0057 336.8000
1978 315 123  0.6 167.6  0   1.0057 336.8000
1978 320 124  2.5 165.0  0   1.0040 334.5000
1978 320 124  1.8 169.4  0   1.0040 334.5000
1978 326 125  1.9 168.4  0   1.0030 334.6000
1978 326 125  0.3 164.5  0   1.0030 334.6000
1978 334 126  2.1 167.4  0   1.0052 335.4000
1978 334 126  2.6 168.0  0   1.0052 335.4000
1978 344 128  1.2 163.7  0   1.0080 336.5000
1978 344 128  1.9 165.5  0   1.0080 336.5000
1978 355 129  4.2 175.3  2
1978 355 129  2.4 164.1  2   1.0080 336.8000
1979   4 130  2.9 165.5  0   1.0059 337.3000
1979   4 130  1.8 165.9  0   1.0059 337.3000
1979  11 131  0.3 160.1  0   1.0080 337.5000
1979  11 131  2.4 163.4  0   1.0080 337.5000
1979  18 132  3.9 161.9  0   1.0080 337.9000
1979  18 132  3.0 165.5  0   1.0080 337.9000
1979  26 133  0.4 166.0  0   1.0080 338.0000
1979  26 133  0.4 166.0  0   1.0080 338.0000
1979  32 134  1.1 169.2  0   1.0032 339.1000
1979  32 134  0.0 170.7  0   1.0032 339.1000
1979  38 135  0.0 162.0  0   1.0049 338.5000
1979  38 135  0.8 158.1  0   1.0049 338.5000
1979  45 136  1.7 163.0  0   1.0049 337.3000
1979  45 136  2.4 162.9  0   1.0049 337.3000
1979  59 137  1.0 159.4  0   1.0080 339.3000
1979  59 137  0.5 162.8  0   1.0080 339.3000
1979  67 138  2.0 160.5  0   1.0080 340.2000
1979  67 138  4.5 168.2  0   1.0080 340.2000
1979  80 139  1.3 183.1  4   1.0054 340.1000
1979  80 139  5.5 184.0  5   1.0054 340.1000
1979  90 140  1.7 171.9  0   1.0071 340.4000
1979  90 140  4.3 173.8  0   1.0071 340.4000
1979  97 141  2.0 167.8  0   1.0053 340.7000
1979  97 141  3.0 170.2  0   1.0053 340.7000
1979 104 142  2.4 163.0  0   1.0050 340.2000
1979 104 142  1.6 167.4  0   1.0050 340.2000
1979 111 143  1.4 166.1  0   1.0038 340.8000
1979 111 143  4.0 171.5  0   1.0038 340.8000
1979 116 144  2.2 165.4  0   1.0043 340.7000
1979 116 144  3.1 161.9  0   1.0043 340.7000
1979 122 145  1.1 165.2  0   1.0074 340.6000
1979 122 145  3.5 166.0  0   1.0074 340.6000
1979 131 146  1.2 165.8  0   1.0043 341.5000
1979 131 146  1.2 165.3  0   1.0043 341.5000
1979 138 147  2.2 163.7  0   1.0090 340.4000
1979 138 147  3.1 165.5  0   1.0090 340.4000
1979 145 148  1.5 164.7  0   1.0066 340.0000
1979 145 148  1.0 166.0  0   1.0066 340.0000
1979 150 149  0.8 169.0  0   1.0080 339.9000
1979 150 149  1.2 169.5  0   1.0080 339.9000
1979 159 150  2.8 174.3  0   1.0080 340.4000
1979 159 150  0.9 175.9  0   1.0080 340.4000
1979 163 151  2.3 161.3  0   1.0123 338.1000
1979 163 151  2.5 167.0  0   1.0123 338.1000
1979 173 152  2.1 165.0  0   1.0052 337.4000
1979 173 152  2.3 171.1  0   1.0052 337.4000
1979 179 153  0.2 169.4  0   1.0088 336.2000
1979 179 153  2.7 167.8  0   1.0088 336.2000
1979 184 154  0.9 165.6  0   1.0091 336.3000
1979 184 154  4.9 159.9  1   1.0091 336.3000
1979 192 155  1.0 166.0  0   1.0052 336.1000
1979 192 155  3.7 162.2  0   1.0052 336.1000
1979 200 156  0.5 171.2  0   1.0124 331.2000
1979 200 156  2.7 171.1  0   1.0124 331.2000
1979 206 157  6.6 167.7  1   1.0088 331.8000
1979 206 157  3.7 174.0  0   1.0088 331.8000
1979 214 158  3.7 171.6  0   1.0097 333.4000
1979 214 158  0.8 172.5  0   1.0097 333.4000
1979 220 159  2.7 172.0  0   1.0142 333.8000
1979 220 159  2.9 172.1  0   1.0142 333.8000
1979 228 160  1.6 162.5  0   1.0132 336.1000
1979 228 160  4.7 165.8  0   1.0132 336.1000
1979 234 161  5.7 171.8  1   1.0087 332.1000
1979 234 161  4.0 178.9  0   1.0087 332.1000
1979 250 163  0.0 140.4  4   1.0074 334.2000
1979 250 163  0.0 153.4  6   1.0074 334.2000
1979 257 164  0.9 164.5  0   1.0017 331.7000
1979 257 164  1.5 169.5  0   1.0017 331.7000
1979 263 165  2.3 171.5  0   1.0080 333.2000
1979 263 165  6.2 168.9  1   1.0080 333.2000
1979 270 166  3.2 172.4  2
1979 270 166  2.5 187.0  6   1.0069 332.8000
1979 276 167  3.5 174.8  0   1.0055 333.2000
1979 276 167  5.7 174.8  1   1.0055 333.2000
1979 283 168  1.1 174.9  0   1.0033 334.1000
1979 283 168  6.9 181.5  1   1.0033 334.1000
1979 290 169  2.8 180.2  0   1.0045 334.4000
1979 290 169  1.4 173.1  0   1.0045 334.4000
1979 297 170  0.1 169.9  0   1.0040 334.2000
1979 297 170  5.8 176.4  1   1.0040 334.2000
1979 306 171  0.9 176.6  0   1.0080 338.8000
1979 306 171  0.9 178.2  0   1.0080 338.8000
1979 311 172  0.0 189.6  4   1.0080 338.0000
1979 311 172  1.5 175.5  2   1.0080 338.0000
1979 333 173  2.6 176.2  0   1.0080 338.5000
1979 333 173  0.8 173.2  0   1.0080 338.5000
1979 341 174  0.9 174.0  0   1.0036 340.9000
1979 341 174  2.1 174.1  0   1.0036 340.9000
1979 352 175  1.4 173.6  0   1.0020 336.3000
1979 352 175  1.2 172.3  0   1.0020 336.3000
1979 363 176  3.4 176.5  0   1.0026 338.5000
1979 363 176  1.4 176.8  0   1.0026 338.5000
1980  14 177  2.2 174.1  0   1.0080 339.2000
1980  14 177  0.4 177.3  0   1.0080 339.2000
1980  17 178  1.2 174.9  0   1.0080 339.3000
1980  17 178  3.2 173.8  0   1.0080 339.3000
1980  53 180  0.6 176.8  0   1.0051 341.0000
1980  53 180  2.4 175.1  0   1.0051 341.0000
1980  59 181  1.4 172.6  0   1.0052 341.4000
1980  59 181  0.8 174.7  0   1.0052 341.4000
1980  87 184  3.5 185.0  0   1.0049 342.1000
1980  87 184  0.3 184.0  0   1.0049 342.1000
1980 104 186  1.2 179.9  0   1.0040 342.0000
1980 104 186  2.5 181.3  0   1.0040 342.0000
1980 109 187  1.0 175.9  0   1.0087 341.9000
1980 109 187  3.6 178.0  0   1.0087 341.9000
1980 120 188  0.6 180.4  0   1.0071 345.3000
1980 120 188  0.1 176.5  0   1.0071 345.3000
1980 129 189  0.5 178.4  0   1.0080 340.6000
1980 129 189  0.4 179.9  0   1.0080 340.6000
1980 137 190  1.9 187.1  0   1.0080 339.3000
1980 137 190  0.7 187.1  0   1.0080 339.3000
1980 151 191  5.8 178.7  1   1.0050 338.2000
1980 151 191  3.0 183.0  0   1.0050 338.2000
1980 161 192  1.7 180.9  0   1.0112 336.6000
1980 161 192  0.3 181.6  0   1.0112 336.6000
1980 169 193  3.5 179.3  0   1.0083 334.1000
1980 169 193  3.2 182.4  0   1.0083 334.1000
1980 175 194  1.0 176.2  0   1.0121 335.6000
1980 175 194  1.2 177.8  0   1.0121 335.6000
1980 183 195  1.0 188.9  0   1.0154 334.6000
1980 183 195  1.0 188.9  0   1.0154 334.6000
1980 198 196  2.3 179.1  0   1.0076 338.6000
1980 198 196  1.1 178.3  0   1.0076 338.6000
1980 205 197  1.1 177.7  0   1.0097 339.1000
1980 205 197  4.7 177.3  0   1.0097 339.1000
1980 221 198  1.0 193.4  0   1.0191 333.3000
1980 221 198  2.2 196.1  4   1.0191 333.3000
1980 232 199  2.5 173.3  2
1980 232 199  6.4 182.1  3   1.0063 335.5000
1980 248 200  3.2 187.0  0   1.0089 334.1000
1980 248 200  2.8 189.7  0   1.0089 334.1000
1980 254 201  2.2 180.0  0   1.0157 334.3000
1980 254 201  1.4 176.7  0   1.0157 334.3000
1980 262 202  2.2 172.9  0   1.0053 335.5000
1980 262 202  1.4 172.3  0   1.0053 335.5000
1980 273 203  2.0 196.8  4   1.0113 336.3000
1980 273 203  3.4 198.8  4   1.0113 336.3000
1980 277 204  1.7 184.1  0   1.0081 334.6000
1980 277 204  2.9 177.1  0   1.0081 334.6000
1980 285 205  1.5 179.3  0   1.0049 337.1000
1980 285 205  2.6 179.0  0   1.0049 337.1000
1980 293 206  2.1 186.7  0   1.0057 337.0000
1980 293 206  2.5 179.7  0   1.0057 337.0000
1980 295 207  2.1 181.2  0   1.0040 336.8000
1980 295 207  5.5 184.0  1   1.0040 336.8000
1980 304 208  1.7 184.4  0   1.0080 336.5000
1980 304 208  1.1 186.3  0   1.0080 336.5000
1980 311 209  2.9 186.7  0   1.0080 337.7000
1980 311 209  5.6 194.0  1   1.0080 337.7000
1980 323 210  3.1 181.6  0   1.0080 340.1000
1980 323 210  1.5 184.5  0   1.0080 340.1000
1980 331 211  2.1 183.7  0   1.0080 339.5000
1980 331 211  2.0 186.7  0   1.0080 339.5000
1980 337 212  1.2 180.8  0   1.0060 338.2000
1980 337 212  0.6 178.9  0   1.0060 338.2000
1980 344 213  1.5 183.2  0   1.0080 339.7000
1980 344 213  1.2 186.3  0   1.0080 339.7000
1980 351 214  1.4 180.9  0   1.0080 338.5000
1980 351 214  1.9 173.4  0   1.0080 338.5000
1980 358 215  1.7 181.2  0   1.0080 340.7000
1980 358 215  2.6 185.6  0   1.0080 340.7000
1980 365 216  2.4 178.7  0   1.0080 339.4000
1980 365 216  1.1 179.2  0   1.0080 339.4000
1981  12 217  1.5 186.7  0   1.0080 340.5000
1981  12 217  1.8 183.2  0   1.0080 340.5000
1981  20 218  2.0 182.5  0   1.0080 340.3000
1981  20 218  0.7 183.8  0   1.0080 340.3000
1981  27 219  1.9 184.8  0   1.0080 342.6000
1981  27 219  2.3 183.7  0   1.0080 342.6000
1981  34 220  2.1 186.0  0   1.0035 343.0000
1981  34 220  0.7 185.4  0   1.0035 343.0000
1981  42 221  2.6 183.1  0   1.0012 342.1000
1981  42 221  3.0 184.0  0   1.0012 342.1000
1981  48 222  4.4 180.1  0   1.0073 342.5000
1981  48 222  1.2 183.4  0   1.0073 342.5000
1981  58 223  1.3 183.1  0   1.0034 342.8000
1981  58 223  1.3 186.0  0   1.0034 342.8000
1981  65 224  1.5 185.2  0   1.0049 343.0000
1981  65 224  1.4 182.3  0   1.0049 343.0000
1981  72 225  0.5 186.8  0   1.0058 343.1000
1981  72 225  2.4 188.5  0   1.0058 343.1000
1981  76 226  0.1 188.7  0   1.0035 343.2000
1981  76 226  1.5 187.0  0   1.0035 343.2000
1981  86 227  1.6 181.0  0   1.0051 343.3000
1981  86 227  1.2 184.9  0   1.0051 343.3000
1981  90 228  0.3 189.1  0   1.0035 343.3000
1981  90 228  1.7 188.3  0   1.0035 343.3000
1981  98 229  1.6 183.8  0   1.0048 343.3000
1981  98 229  2.7 184.1  0   1.0048 343.3000
1981 105 230  4.3 180.4  0   1.0062 343.2000
1981 105 230  3.5 181.3  0   1.0062 343.2000
1981 111 231  3.4 183.7  0   1.0045 343.1000
1981 111 231  2.8 186.5  0   1.0045 343.1000
1981 118 232  0.7 185.2  0   1.0047 342.8000
1981 118 232  1.2 183.0  0   1.0047 342.8000
1981 126 233  3.1 187.1  0   1.0070 342.5000
1981 126 233  3.1 188.4  0   1.0070 342.5000
1981 132 234  1.2 186.5  0   1.0052 342.2000
1981 132 234  0.8 189.1  0   1.0052 342.2000
1981 141 235  1.7 189.4  0   1.0044 341.8000
1981 147 236  2.4 186.4  2
1981 147 236  3.1 198.7  2   1.0085 340.9000
1981 154 237  1.0 188.0  0   1.0092 341.9000
1981 154 237  0.6 185.8  0   1.0092 341.9000
1981 160 238  1.4 187.7  0   1.0077 342.0000
1981 160 238  1.4 187.8  0   1.0077 342.0000
1981 167 239  1.0 193.4  0   1.0035 337.7000
1981 167 239  2.9 193.9  0   1.0035 337.7000
1981 174 240  0.6 183.2  0   1.0077 339.1000
1981 174 240  0.6 186.5  0   1.0077 339.1000
1981 183 241  0.9 188.2  0   1.0080 338.4000
1981 183 241  1.0 187.1  0   1.0080 338.4000
1981 191 242  1.5 186.4  0   1.0161 342.9000
1981 191 242  0.4 187.2  0   1.0161 342.9000
1981 195 243  1.9 188.7  0   1.0105 336.8000
1981 195 243  1.1 186.5  0   1.0105 336.8000
1981 204 244  1.9 188.6  0   1.0078 336.5000
1981 204 244  0.8 188.9  0   1.0078 336.5000
1981 211 245  2.1 186.2  0   1.0067 337.7000
1981 211 245  1.3 190.3  0   1.0067 337.7000
1981 216 246  0.7 186.8  0   1.0104 340.8000
1981 216 246  2.6 189.2  0   1.0104 340.8000
1981 225 247  2.1 189.0  0   1.0121 338.6000
1981 225 247  0.8 192.6  0   1.0121 338.6000
1981 230 248  0.6 187.2  0   1.0086 334.4000
1981 230 248  2.5 188.4  0   1.0086 334.4000
1981 237 249  1.0 190.5  0   1.0117 338.8000
1981 237 249  1.2 192.9  0   1.0117 338.8000
1981 244 250  0.7 188.1  2
1981 244 250  5.5 212.1  7   1.0105 334.0000
1981 251 251  2.0 191.3  0   1.0108 338.2000
1981 251 251  2.3 193.2  0   1.0108 338.2000
1981 258 252  1.8 191.4  2
1981 258 252  1.2 215.4  6   1.0113 335.2000
1981 266 253  3.4 190.8  0   1.0107 337.5000
1981 266 253  1.8 189.9  0   1.0107 337.5000
1981 272 254  0.8 190.1  0   1.0080 336.1000
1981 272 254  1.4 189.7  0   1.0080 336.1000
1981 279 255  2.2 192.9  0   1.0069 336.5000
1981 279 255  4.7 191.5  0   1.0069 336.5000
1981 287 256  1.0 194.8  0   1.0100 338.6000
1981 287 256  1.3 192.8  0   1.0100 338.6000
1981 293 257  0.9 192.0  0   1.0044 338.0000
1981 293 257  1.5 194.4  0   1.0044 338.0000
1981 300 258  1.0 189.7  0   1.0042 338.5000
1981 300 258  0.5 194.8  0   1.0042 338.5000
1981 307 259  1.8 190.2  0   1.0063 339.9000
1981 307 259  2.0 190.4  0   1.0063 339.9000
1981 315 260  2.4 190.8  0   1.0050 340.1000
1981 315 260  1.7 192.6  0   1.0050 340.1000
1981 321 261  0.7 188.1  0   1.0035 338.1000
1981 321 261  1.3 188.1  0   1.0035 338.1000
1981 328 262  1.9 191.4  0   1.0086 339.9000
1981 328 262  3.7 191.0  0   1.0086 339.9000
1981 336 263  2.1 186.3  0   1.0042 342.4000
1981 336 263  0.9 193.1  0   1.0042 342.4000
1981 342 264  2.5 189.8  0   1.0041 341.5000
1981 342 264  1.5 192.6  0   1.0041 341.5000
1981 349 265  0.4 189.6  0   1.0059 341.2000
1981 349 265  2.0 194.2  0   1.0059 341.2000
1981 356 266  1.5 193.1  0   1.0033 343.9000
1981 356 266  1.4 193.2  0   1.0033 343.9000
1981 364 267  2.5 191.7  0   1.0049 341.5000
1981 364 267  1.2 189.4  0   1.0049 341.5000
1982   6 268  0.3 194.3  0   1.0080 343.6000
1982   6 268  1.3 196.6  0   1.0080 343.6000
1982  12 269  2.1 191.9  0   1.0027 344.6000
1982  12 269  2.7 192.9  0   1.0027 344.6000
1982  19 270  0.5 189.7  0   1.0035 342.2000
1982  19 270  0.9 194.8  0   1.0035 342.2000
1982  26 271  0.9 187.7  0   1.0079 342.8000
1982  26 271  0.7 193.1  0   1.0079 342.8000
1982  33 272  1.2 197.6  0   1.0017 343.1000
1982  33 272  3.1 196.5  0   1.0017 343.1000
1982  40 273  3.6 187.5  2
1982  40 273  0.8 195.4  2   1.0022 343.4000
1982  47 274  1.0 188.0  0   1.0074 343.7000
1982  47 274  0.5 190.2  0   1.0074 343.7000
1982  54 275  2.6 189.4  0   1.0060 344.4000
1982  54 275  3.8 185.0  0   1.0060 344.4000
1982  61 276  3.0 190.2  0   1.0080 343.6000
1982  61 276  3.4 188.5  0   1.0080 343.6000
1982  68 277  0.7 192.8  0   1.0080 344.4000
1982  68 277  0.5 190.3  0   1.0080 344.4000
1982  75 278  3.3 202.3  0   1.0080 347.7000
1982  75 278  1.6 202.1  0   1.0080 347.7000
1982  82 279  1.7 193.0  0   1.0051 347.5000
1982  82 279  2.7 194.4  0   1.0051 347.5000
1982  89 280  2.5 201.0  0   1.0080 345.8000
1982  89 280  0.6 206.0  0   1.0080 345.8000
1982  96 281  0.9 194.6  0   1.0080 345.6000
1982  96 281  1.4 197.5  0   1.0080 345.6000
1982 103 282  2.1 197.8  0   1.0119 347.1000
1982 103 282  0.6 195.9  0   1.0119 347.1000
1982 112 283  1.0 198.2  0   1.0061 347.1000
1982 112 283  1.1 201.5  0   1.0061 347.1000
1982 117 284  1.4 194.0  0   1.0080 344.3000
1982 117 284  2.3 198.1  0   1.0080 344.3000
1982 124 285  2.7 195.4  0   1.0097 345.5000
1982 124 285  0.9 189.0  0   1.0097 345.5000
1982 134 286  1.7 199.5  0   1.0080 344.8000
1982 134 286  1.3 198.0  0   1.0080 344.8000
1982 138 287  2.0 203.6  0   1.0117 343.0000
1982 138 287  3.0 198.0  0   1.0117 343.0000
1982 145 288  1.0 197.8  0   1.0089 343.1000
1982 145 288  1.6 191.0  0   1.0089 343.1000
1982 153 289  0.6 200.7  0   1.0067 342.8000
1982 153 289  4.3 201.1  0   1.0067 342.8000
1982 159 290  1.5 195.2  0   1.0055 343.1000
1982 159 290  2.0 200.5  0   1.0055 343.1000
1982 167 291  1.8 200.4  0   1.0115 338.2000
1982 167 291  1.3 193.8  0   1.0115 338.2000
1982 173 292  1.7 197.2  0   1.0097 339.6000
1982 173 292  3.4 198.4  0   1.0097 339.6000
1982 180 293  1.5 189.3  0   1.0094 340.9000
1982 180 293  3.4 192.6  0   1.0094 340.9000
1982 187 294  0.6 200.5  0   1.0087 337.4000
1982 187 294  0.9 200.4  0   1.0087 337.4000
1982 194 295  2.7 202.7  0   1.0123 337.8000
1982 194 295  2.6 200.6  0   1.0123 337.8000
1982 201 296  0.9 197.9  0   1.0135 333.5000
1982 201 296  1.6 199.0  0   1.0135 333.5000
1982 211 297  2.1 201.7  0   1.0132 335.7000
1982 211 297  0.2 199.7  0   1.0132 335.7000
1982 215 298  0.7 197.0  0   1.0149 338.0000
1982 215 298  1.4 199.0  0   1.0149 338.0000
1982 222 299  3.4 197.8  0   1.0135 335.0000
1982 222 299  2.4 200.8  0   1.0135 335.0000
1982 229 300  1.4 197.6  0   1.0148 335.2000
1982 229 300  2.3 195.7  0   1.0148 335.2000
1982 236 301  0.7 196.1  0   1.0107 335.1000
1982 236 301  1.2 197.7  0   1.0107 335.1000
1982 243 302  0.5 195.2  0   1.0092 340.2000
1982 243 302  1.3 196.6  0   1.0092 340.2000
1982 251 303  0.8 199.3  0   1.0109 336.3000
1982 251 303  0.7 196.3  0   1.0109 336.3000
1982 257 304  1.3 200.3  0   1.0034 336.2000
1982 257 304  0.6 199.7  0   1.0034 336.2000
1982 266 305  0.3 195.6  0   1.0116 337.3000
1982 271 306  1.0 200.1  0   1.0055 338.2000
1982 271 306  0.6 203.4  0   1.0055 338.2000
1982 278 307  0.1 197.9  0   1.0035 338.6000
1982 278 307  1.7 199.3  0   1.0035 338.6000
1982 285 308  1.6 196.5  0   1.0080 340.2000
1982 285 308  1.9 202.5  0   1.0080 340.2000
1982 294 309  1.0 199.4  0   1.0011 340.0000
1982 294 309  1.3 201.2  0   1.0011 340.0000
1982 299 310  0.9 198.3  0   1.0092 338.8000
1982 299 310  1.6 196.2  0   1.0092 338.8000
1982 306 311  2.4 206.1  0   1.0040 340.7000
1982 306 311  1.8 205.1  0   1.0040 340.7000
1982 313 312  1.1 198.1  0   1.0080 339.6000
1982 313 312  2.4 197.7  0   1.0080 339.6000
1982 320 313  1.1 201.9  0   1.0080 340.9000
1982 320 313  2.2 208.2  0   1.0080 340.9000
1982 327 314  1.6 204.0  0   1.0080 341.3000
1982 327 314  3.0 206.8  0   1.0080 341.3000
1982 334 315  0.8 203.4  0   1.0080 341.2000
1982 334 315  0.6 203.8  0   1.0080 341.2000
1982 341 316  1.4 207.9  0   1.0080 341.0000
1982 341 316  1.4 211.0  0   1.0080 341.0000
1982 346 317  4.2 201.4  0   1.0080 340.2000
1982 346 317  2.1 195.9  0   1.0080 340.2000
1982 352 318  0.3 202.4  0   1.0080 342.4000
1982 352 318  2.5 203.1  0   1.0080 342.4000
1982 360 319  0.4 202.5  0   1.0080 341.6000
1982 360 319  3.6 206.4  0   1.0080 341.6000
1983   4 320  1.4 199.1  0   1.0028 343.5000
1983   4 320  4.0 199.0  0   1.0028 343.5000
1983   8 321  1.2 200.1  0   1.0031 341.8000
1983   8 321  2.5 201.8  0   1.0031 341.8000
1983  16 322  1.8 200.7  0   1.0067 343.5000
1983  16 322  1.5 201.0  0   1.0067 343.5000
1983  23 323  1.3 204.2  0   1.0080 343.9000
1983  23 323  2.0 200.5  0   1.0080 343.9000
1983  29 324  0.5 203.1  0   1.0033 344.1000
1983  29 324  1.5 205.6  0   1.0033 344.1000
1983  36 325  1.4 203.9  0   1.0030 346.6000
1983  36 325  1.6 208.8  0   1.0030 346.6000
1983  44 326  0.8 201.4  0   1.0080 343.6000
1983  44 326  1.9 201.2  0   1.0080 343.6000
1983  51 327  1.1 204.5  0   1.0080 344.8000
1983  51 327  3.1 199.0  0   1.0080 344.8000
1983  57 328  0.8 206.7  0   1.0080 344.2000
1983  57 328  3.6 213.2  0   1.0080 344.2000
1983  71 329  1.3 200.7  0   1.0080 344.2000
1983  71 329  1.1 200.0  0   1.0080 344.2000
1983  79 330  1.4 217.1  0   1.0080 347.0000
1983  79 330  2.1 209.5  0   1.0080 347.0000
1983  84 331  1.1 207.6  0   1.0080 347.0000
1983  84 331  0.4 207.6  0   1.0080 347.0000
1983  91 332  2.9 208.7  0   1.0080 346.4000
1983  91 332  3.8 208.8  0   1.0080 346.4000
1983  96 333  1.1 207.5  0   1.0080 349.4000
1983  96 333  3.3 210.8  0   1.0080 349.4000
1983 102 334  0.7 210.2  0   1.0080 345.6000
1983 102 334  1.6 209.8  0   1.0080 345.6000
1983 109 335  1.3 210.8  0   1.0057 345.6000
1983 109 335  0.9 206.3  0   1.0057 345.6000
1983 116 336  1.6 207.2  0   1.0045 346.4000
1983 116 336  1.9 208.1  0   1.0045 346.4000
1983 123 337  1.2 206.6  0   1.0067 344.4000
1983 123 337  2.8 208.5  0   1.0067 344.4000
1983 131 338  1.1 218.0  0   1.0092 348.2000
1983 131 338  4.4 212.3  0   1.0092 348.2000
1983 140 339  1.5 210.1  0   1.0092 342.8000
1983 140 339  3.6 209.9  0   1.0092 342.8000
1983 144 340  1.4 203.9  0   1.0059 345.1000
1983 144 340  1.9 206.5  0   1.0059 345.1000
1983 153 341  1.2 208.7  0   1.0078 345.6000
1983 153 341  1.1 209.4  0   1.0078 345.6000
1983 159 342  1.0 213.1  0   1.0066 341.7000
1983 159 342  1.5 206.8  0   1.0066 341.7000
1983 165 343  1.7 208.6  0   1.0064 341.7000
1983 165 343  1.2 209.3  0   1.0064 341.7000
1983 172 344  2.2 203.8  0   1.0061 343.7000
1983 172 344  1.6 201.9  0   1.0061 343.7000
1983 179 345  0.8 205.8  0   1.0080 340.3000
1983 179 345  1.0 208.5  0   1.0080 340.3000
1983 186 346  1.0 222.8  4   1.0127 337.7000
1983 186 346  1.9 209.7  2   1.0127 337.7000
1983 193 347  2.4 243.8  4   1.0086 336.7000
1983 193 347  1.8 210.5  2   1.0086 336.7000
1983 200 348  3.5 211.7  0   1.0125 340.8000
1983 200 348  1.4 206.7  0   1.0125 340.8000
1983 207 349  1.6 208.4  0   1.0150 342.0000
1983 207 349  2.8 207.1  0   1.0150 342.0000
1983 214 350  0.4 219.4  2
1983 214 350  0.9 208.9  2   1.0147 340.5000
1983 221 351  1.7 214.9  0   1.0136 335.5000
1983 221 351  1.9 215.1  0   1.0136 335.5000
1983 230 352  1.7 211.3  0   1.0132 336.4000
1983 230 352  1.0 209.0  0   1.0132 336.4000
1983 235 353  1.4 202.0  0   1.0083 336.5000
1983 235 353  1.6 202.5  0   1.0083 336.5000
1983 243 354  1.7 207.5  0   1.0116 334.1000
1983 243 354  4.2 206.1  0   1.0116 334.1000
1983 251 355  2.2 207.4  0   1.0118 339.9000
1983 251 355  2.9 206.5  0   1.0118 339.9000
1983 256 356  1.7 212.1  0   1.0076 335.3000
1983 256 356  2.3 206.1  0   1.0076 335.3000
1983 263 357  1.8 215.1  0   1.0040 338.4000
1983 263 357  2.1 213.8  0   1.0040 338.4000
1983 270 358  1.5 208.2  0   1.0067 340.0000
1983 270 358  0.8 206.4  0   1.0067 340.0000
1983 277 359  1.3 211.5  0   1.0052 340.0000
1983 277 359  1.8 210.0  0   1.0052 340.0000
1983 284 360  3.0 217.3  0   1.0080 341.4000
1983 284 360  1.6 212.1  0   1.0080 341.4000
1983 291 361  2.4 208.1  0   1.0075 340.1000
1983 291 361  1.9 210.2  0   1.0075 340.1000
1983 298 362  4.0 211.5  2
1983 298 362  1.4 219.4  2   1.0045 341.3000
1983 305 363  1.3 209.8  0   1.0071 340.9000
1983 305 363  0.3 208.6  0   1.0071 340.9000
1983 313 364  0.5 210.8  0   1.0036 342.7000
1983 313 364  2.7 212.7  0   1.0036 342.7000
1983 319 365  1.1 214.4  0   1.0041 343.8000
1983 319 365  3.2 212.8  0   1.0041 343.8000
1983 326 366  0.6 210.2  0   1.0032 345.1000
1983 326 366  0.7 209.8  0   1.0032 345.1000
1983 332 367  3.4 212.9  0   1.0040 345.2000
1983 332 367  0.2 212.6  0   1.0040 345.2000
1983 340 368  1.5 215.9  0   1.0080 345.7000
1983 340 368  1.6 215.2  0   1.0080 345.7000
1983 347 369  1.8 217.9  0   1.0027 346.6000
1983 347 369  0.5 215.1  0   1.0027 346.6000
1983 354 370  0.7 214.9  0   1.0022 346.5000
1983 354 370  1.1 215.8  0   1.0022 346.5000
1983 361 371  1.1 211.3  0   1.0050 347.5000
1983 361 371  2.3 214.5  0   1.0050 347.5000
1984   3 372  1.2 210.4  0   1.0064 343.7000
1984   3 372  3.5 209.1  0   1.0064 343.7000
1984  10 373  1.3 214.2  0   1.0043 344.9000
1984  10 373  1.3 213.1  0   1.0043 344.9000
1984  18 374  2.0 216.3  0   1.0030 347.0000
1984  18 374  1.2 220.4  0   1.0030 347.0000
1984  23 375  1.0 211.2  0   1.0033 347.0000
1984  23 375  1.8 212.1  0   1.0033 347.0000
1984  32 376  1.7 211.7  0   1.0024 344.9000
1984  32 376  1.2 210.1  0   1.0024 344.9000
1984  37 377  1.8 208.7  0   1.0023 345.4000
1984  37 377  1.6 211.1  0   1.0023 345.4000
1984  44 378  1.7 214.8  0   1.0052 345.5000
1984  44 378  3.5 209.6  0   1.0052 345.5000
1984  52 379  2.3 206.1  0   1.0020 345.3000
1984  52 379  0.1 209.4  0   1.0020 345.3000
1984  59 380  2.3 213.8  0   1.0028 348.3000
1984  59 380  0.9 215.4  0   1.0028 348.3000
1984  65 381  0.3 216.4  0   1.0017 348.4000
1984  65 381  0.7 221.3  0   1.0017 348.4000
1984  72 382  1.2 220.8  2
1984  72 382  0.0 211.3  2   1.0046 348.0000
1984  79 383  0.8 215.4  0   1.0039 347.8000
1984  79 383  0.3 214.1  0   1.0039 347.8000
1984  86 384  3.3 221.1  2
1984  86 384  1.7 213.2  2   1.0046 347.9000
1984  93 385  1.3 211.8  0   1.0035 351.6000
1984  93 385  2.1 217.5  0   1.0035 351.6000
1984 101 386  0.3 215.6  0   1.0057 347.7000
1984 101 386  3.2 211.8  0   1.0057 347.7000
1984 107 387  1.5 211.2  0   1.0032 347.1000
1984 107 387  2.0 212.5  0   1.0032 347.1000
1984 114 388  1.6 218.0  0   1.0059 349.6000
1984 114 388  3.2 219.3  0   1.0059 349.6000
1984 124 389  0.6 215.1  0   1.0055 348.4000
1984 124 389  3.4 222.4  0   1.0055 348.4000
1984 128 390  2.4 221.0  0   1.0044 349.2000
1984 128 390  1.8 217.9  0   1.0044 349.2000
1984 135 391  5.9 208.1  1   1.0085 348.8000
1984 135 391  2.8 207.5  0   1.0085 348.8000
1984 142 392  4.6 214.0  0   1.0071 349.4000
1984 142 392  1.8 220.0  0   1.0071 349.4000
1984 149 393  2.5 213.5  0   1.0080 346.2000
1984 149 393  2.8 216.3  0   1.0080 346.2000
1984 156 394  2.7 215.9  0   1.0072 346.8000
1984 156 394  1.8 216.7  0   1.0072 346.8000
1984 163 395  0.9 218.0  0   1.0099 346.4000
1984 163 395  1.7 221.7  0   1.0099 346.4000
1984 170 396  1.0 216.4  0   1.0149 345.2000
1984 170 396  1.2 215.9  0   1.0149 345.2000
1984 177 397  1.6 216.3  0   1.0101 344.6000
1984 177 397  3.8 213.0  0   1.0101 344.6000
1984 184 398  1.4 212.5  0   1.0121 341.5000
1984 184 398  1.7 206.0  0   1.0121 341.5000
1984 191 399  0.8 214.8  0   1.0148 344.2000
1984 191 399  1.8 215.0  0   1.0148 344.2000
1984 198 400  1.0 216.6  0   1.0089 340.5000
1984 198 400  1.4 215.1  0   1.0089 340.5000
1984 208 401  1.4 223.0  0   1.0162 336.4000
1984 208 401  4.2 220.5  0   1.0162 336.4000
1984 212 402  1.2 216.9  0   1.0136 339.2000
1984 212 402  2.6 215.5  0   1.0136 339.2000
1984 219 403  1.2 215.9  0   1.0149 337.8000
1984 219 403  2.2 215.4  0   1.0149 337.8000
1984 226 404  0.6 221.5  0   1.0148 338.4000
1984 226 404  3.6 215.7  0   1.0148 338.4000
1984 234 405  1.4 215.3  0   1.0126 339.0000
1984 234 405  2.3 211.9  0   1.0126 339.0000
1984 240 406  0.8 214.5  0   1.0109 342.0000
1984 240 406  0.7 218.3  0   1.0109 342.0000
1984 248 407  1.8 219.5  8   1.0080 340.7100
1984 248 407  0.9 218.5  8   1.0080 340.7100
1984 254 408  1.7 222.0  8   1.0081 340.2600
1984 254 408  0.2 211.2 10   1.0081 340.2600
1984 261 409  1.0 219.8  8   1.0094 340.7800
1984 261 409  1.3 221.0  8   1.0094 340.7800
1984 268 410  0.7 218.6  8   1.0078 340.9300
1984 268 410  4.6 217.8  8   1.0078 340.9300
1984 278 411  5.3 224.0  9   1.0100 344.5200
1984 278 411  3.2 218.6  8   1.0100 344.5200
1984 282 412  2.1 222.9  8   1.0073 344.4600
1984 282 412  3.1 219.5  8   1.0073 344.4600
1984 290 413  2.3 225.2  8   1.0028 344.0000
1984 290 413  1.8 223.3  8   1.0028 344.0000
1984 297 414  2.7 231.5  8   1.0050 350.9300
1984 297 414  2.9 226.7  8   1.0050 350.9300
1984 303 415  2.4 222.1  8   1.0057 342.8800
1984 303 415  6.7 225.6  9   1.0057 342.8800
1984 310 416  1.4 222.1  8   1.0041 344.9000
1984 310 416  0.9 223.8  8   1.0041 344.9000
1984 317 417  2.9 215.4  8   1.0061 344.9300
1984 317 417  4.3 215.8  8   1.0061 344.9300
1984 324 418  1.2 225.0  8   1.0041 345.5800
1984 324 418  1.3 225.4  8   1.0041 345.5800
1984 331 419  2.8 230.9  8   1.0030 347.5000
1984 331 419 29.0 242.3 15   1.0030 347.5000
1984 338 420  3.2 226.6  8   1.0037 346.3500
1984 338 420  3.6 226.7  8   1.0037 346.3500
1984 345 421  2.8 221.8  8   1.0070 345.1200
1984 345 421  4.8 224.9  8   1.0070 345.1200
1984 352 422  0.7 229.2  8   1.0036 345.6000
1984 352 422  0.7 224.8  8   1.0036 345.6000
1984 361 423  2.4 225.8  8   1.0080 342.9700
1984 361 423  1.5 223.8  8   1.0080 342.9700
1984 366 424  2.7 228.5  8   1.0080 347.1700
1984 366 424  3.3 221.3  8   1.0080 347.1700
1985   7 425  0.6 221.4  8   1.0080 346.3700
1985   7 425  2.8 220.5  8   1.0080 346.3700
1985  14 426  1.5 219.7  8   1.0080 346.3600
1985  14 426  6.9 229.0 11   1.0080 346.3600
1985  22 427  3.9 234.5  8   1.0080 348.5400
1985  22 427  4.9 228.0  9   1.0080 348.5400
1985  29 428  4.3 223.5  8   1.0020 348.7700
1985  29 428  0.6 224.5  8   1.0020 348.7700
1985  36 429  4.0 208.4  8   1.0010 348.4300
1985  36 429  4.1 213.3  8   1.0010 348.4300
1985  43 430  2.4 222.9  8   1.0050 346.6700
1985  43 430  4.1 222.4  8   1.0050 346.6700
1985  50 431  0.9 227.7  8   1.0046 346.5300
1985  50 431  3.6 219.2 10   1.0046 346.5300
1985  64 433  0.6 217.7  0   1.0026 348.7900
1985  64 433  0.4 217.5  0   1.0026 348.7900
1985  71 434  0.9 216.2  0   1.0064 348.4800
1985  71 434  0.3 216.2  0   1.0064 348.4800
1985  81 435  1.4 220.9  0   1.0024 350.5900
1985  81 435  0.9 220.1  0   1.0024 350.5900
1985  85 436  1.8 219.1  0   1.0069 347.7400
1985  85 436  4.6 213.0  0   1.0069 347.7400
1985  92 437  0.6 216.5  0   1.0068 348.6600
1985  92 437  0.6 216.9  0   1.0068 348.6600
1985  98 438  1.6 214.7  0   1.0079 349.3000
1985  98 438  3.4 216.3  0   1.0079 349.3000
1985 106 439  0.4 218.7  0   1.0062 348.3100
1985 106 439  0.4 218.8  0   1.0062 348.3100
1985 113 440  0.3 226.2  0   1.0049 348.3900
1985 113 440  0.3 219.6  0   1.0049 348.3900
1985 120 441  0.9 215.1  0   1.0094 348.5700
1985 120 441  0.7 217.0  0   1.0094 348.5700
1985 127 442  0.2 218.2  0   1.0085 348.5900
1985 127 442  1.1 216.6  0   1.0085 348.5900
1985 134 443  1.3 222.2  0   1.0066 348.7800
1985 134 443  0.2 222.5  0   1.0066 348.7800
1985 143 444  5.5 233.8  1   1.0075 346.4600
1985 143 444  5.9 224.7  3   1.0075 346.4600
1985 148 445  2.3 225.2  0   1.0075 349.2400
1985 148 445  3.5 228.7  0   1.0075 349.2400
1985 156 446  0.7 223.4  0   1.0091 348.1500
1985 156 446  0.8 226.9  0   1.0091 348.1500
1985 161 447  0.7 235.5  2
1985 161 447  0.7 223.5  2   1.0105 346.8200
1985 176 449  0.5 215.4  0   1.0112 368.5600
1985 176 449  0.5 216.2  0   1.0112 368.5600
1985 183 450  0.7 215.1  0   1.0085 344.6900
1985 183 450  0.9 217.4  0   1.0085 344.6900
1985 191 451  0.8 215.0  0   1.0080 342.2900
1985 191 451  1.8 214.9  0   1.0080 342.2900
1985 197 452  0.2 219.8  0   1.0080 343.7000
1985 197 452  2.5 213.6  0   1.0080 343.7000
1985 204 453  0.8 218.5  0   1.0080 346.9600
1985 204 453  0.7 217.7  0   1.0080 346.9600
1985 211 454  0.5 220.6  0   1.0080 345.6400
1985 211 454  0.7 219.3  0   1.0080 345.6400
1985 218 455  0.5 219.8  0   1.0080 343.7500
1985 218 455  1.1 220.4  0   1.0080 343.7500
1985 225 456  4.1 207.9  4   1.0070 337.0600
1985 225 456  0.8 223.1  2   1.0070 337.0600
1985 232 457  0.6 219.0  0   1.0071 342.2400
1985 232 457  0.2 219.6  0   1.0071 342.2400
1985 239 458  1.1 227.5  2
1985 239 458  1.4 218.9  2   1.0080 341.9800
1985 246 459 15.4 230.2  1   1.0078 343.7200
1985 246 459  1.2 221.3  2   1.0078 343.7200
1985 256 460  1.1 238.7  0   1.0069 340.3100
1985 256 460  0.2 241.9  0   1.0069 340.3100
1985 259 461  0.8 227.0  0   1.0019 342.6500
1985 259 461  1.9 222.5  0   1.0019 342.6500
1985 267 462  0.6 240.0  0   1.0054 342.0100
1985 267 462  0.3 234.2  0   1.0054 342.0100
1985 274 463  0.4 232.3  0   1.0028 341.8400
1985 274 463  0.6 233.0  0   1.0028 341.8400
1985 281 464  1.0 239.7  0   1.0056 351.0500
1985 281 464  0.3 240.7  0   1.0056 351.0500
1985 288 465  0.7 231.4  0   1.0037 342.2100
1985 288 465  0.6 228.5  0   1.0037 342.2100
1985 295 466  0.3 234.5  0   1.0048 344.4000
1985 295 466  0.5 231.4  0   1.0048 344.4000
1985 302 467  0.7 229.0  0   1.0024 343.1800
1985 302 467  0.5 230.9  0   1.0024 343.1800
1985 309 468  0.3 233.2  0   1.0027 344.7700
1985 309 468  0.2 233.2  0   1.0027 344.7700
1985 316 469  1.4 233.1  0   1.0014 347.8600
1985 316 469  2.1 226.5  0   1.0014 347.8600
1985 323 470  0.9 236.8  0   1.0009 348.9500
1985 323 470  0.8 240.3  0   1.0009 348.9500
1985 330 471  0.3 231.1  2
1985 330 471  0.2 240.7  2   1.0016 345.7200
1985 337 472  0.2 233.2  0   1.0080 346.4800
1985 337 472  0.5 235.3  0   1.0080 346.4800
1985 345 473  1.7 234.8  0   1.0008 348.1200
1985 345 473  1.4 235.7  0   1.0008 348.1200
1985 351 474  0.3 233.0  0   1.0013 347.4700
1985 351 474  0.8 227.9  0   1.0013 347.4700
1985 358 475  0.3 233.0  0   1.0013 347.9000
1985 358 475  2.6 227.0  0   1.0013 347.9000
1986   7 476  4.3 232.3  0   1.0007 347.2200
1986   7 476  6.8 238.5  1   1.0007 347.2200
1986  14 477  0.3 231.2  0   1.0007 345.7400
1986  14 477  0.5 230.5  0   1.0007 345.7400
1986  21 478  0.9 232.6  0   1.0011 348.6700
1986  21 478  0.3 232.0  0   1.0011 348.6700
1986  28 479  6.5 241.2  1   1.0010 346.5200
1986  28 479  2.0 227.8  2   1.0010 346.5200
1986  35 480  0.4 236.3  0   1.0010 349.4300
1986  35 480  3.4 237.1  0   1.0010 349.4300
1986  42 481  3.8 240.1  2
1986  42 481  3.2 223.7  2   1.0008 351.0400
1986  56 482  0.3 222.4  0   1.0029 349.5900
1986  56 482  1.0 223.1  0   1.0029 349.5900
1986  63 483  7.8 229.3  1   1.0006 348.1900
1986  63 483  2.9 222.7  0   1.0006 348.1900
1986  70 484  1.7 274.0  4   1.0013 349.4100
1986  70 484  1.3 229.0  2   1.0013 349.4100
1986  77 485  4.7 239.6  0   1.0012 356.8400
1986  77 485  4.6 239.6  0   1.0012 356.8400
1986  84 486  0.6 227.0  0   1.0028 348.5100
1986  84 486  2.4 232.7  0   1.0028 348.5100
1986  91 487  0.4 224.8  2
1986  91 487  3.4 235.6  2   1.0035 347.9700
1986 105 488  7.1 537.7  5   1.0018 349.5600
1986 112 489  2.4 238.5  0   1.0019 348.5500
1986 112 489  1.3 235.1  0   1.0019 348.5500
1986 119 490  3.3 232.6  0   1.0027 349.7000
1986 119 490  3.8 235.9  0   1.0027 349.7000
1986 127 491  5.6 242.1  1   1.0025 349.7100
1986 127 491  0.9 239.9  0   1.0025 349.7100
1986 133 492  0.8 241.1  0   1.0020 349.0900
1986 133 492  1.4 242.9  0   1.0020 349.0900
1986 140 493  2.4 231.7  0   1.0034 347.7600
1986 140 493  0.8 231.6  0   1.0034 347.7600
1986 148 494  0.3 242.5  2
1986 148 494  6.8 191.9  7   1.0023 346.3900
1986 154 495  2.3 238.2  0   1.0032 345.6000
1986 154 495  1.4 239.2  0   1.0032 345.6000
1986 161 496  0.5 239.8  0   1.0025 346.2500
1986 161 496  1.3 239.1  0   1.0025 346.2500
1986 168 497  2.9 239.3  2
1986 168 497  3.4 247.3  2   1.0033 346.3900
1986 176 498  1.2 234.3  0   1.0008 342.5300
1986 176 498  1.0 239.4  0   1.0008 342.5300
1986 182 499  1.2 237.8  0   1.0029 343.8400
1986 182 499  1.2 239.6  0   1.0029 343.8400
1986 189 500  1.8 232.7  0   1.0037 343.6200
1986 189 500  1.0 232.2  0   1.0037 343.6200
1986 197 501  0.2 233.4  0   1.0027 346.3700
1986 197 501  0.1 233.2  0   1.0027 346.3700
1986 203 502  0.7 240.9  0   1.0108 341.1800
1986 203 502  1.4 237.3  0   1.0108 341.1800
1986 210 503  1.0 235.0  0   1.0024 345.8500
1986 210 503  0.2 237.4  0   1.0024 345.8500
1986 217 504  1.4 239.8  0   1.0028 343.4400
1986 224 505  5.2 232.1  1   1.0035 342.9800
1986 224 505  5.4 235.2  1   1.0035 342.9800
1986 231 506  0.6 241.1  0   1.0032 346.3600
1986 231 506  4.0 241.9  0   1.0032 346.3600
1986 241 507  2.1 281.5  4   1.0038 341.6100
1986 241 507  1.7 241.8  2   1.0038 341.6100
1986 245 508  0.3 237.3  0   1.0029 342.6000
1986 245 508  1.4 239.4  0   1.0029 342.6000
1986 252 509  3.7 412.0  4   1.0035 343.7200
1986 252 509  2.0 248.9  2   1.0035 343.7200
1986 259 510  2.0 233.8  0   1.0029 344.9700
1986 266 511  0.9 237.7  0   1.0033 344.4400
1986 266 511  0.8 243.6  0   1.0033 344.4400
1986 273 512  0.6 264.4  4   1.0022 344.8000
1986 273 512  0.8 244.6  2   1.0022 344.8000
1986 280 513  0.3 245.0  0   1.0027 343.7200
1986 280 513  0.2 239.6  0   1.0027 343.7200
1986 288 514  1.1 248.0  0   1.0013 344.2000
1986 294 515  0.4 245.3  0   1.0092 344.5100
1986 294 515  0.8 241.7  0   1.0092 344.5100
1986 301 516  0.9 243.6  0   1.0025 345.3600
1986 301 516  0.0 243.9  0   1.0025 345.3600
1986 308 517  5.3 242.6  1   1.0015 -99.9900
1986 308 517  2.9 245.9  0   1.0015 -99.9900
1986 315 518  1.9 252.0  0   1.0010 -99.9900
1986 315 518  0.7 244.8  0   1.0010 -99.9900
1986 322 519  0.4 241.6  0   1.0023 -99.9900
1986 322 519  0.4 240.6  0   1.0023 -99.9900
1986 329 520  0.6 256.4  4   1.0042 -99.9900
1986 329 520  0.0 254.6  0   1.0042 -99.9900
1986 336 521  0.7 242.6  0   1.0014 -99.9900
1986 336 521  0.4 241.6  0   1.0014 -99.9900
1986 344 522  1.5 243.2  0   1.0014 -99.9900
1986 344 522  3.8 248.8  0   1.0014 -99.9900
1986 350 523  7.7 236.2  1   1.0018 -99.9900
1986 350 523  1.8 242.6  0   1.0018 -99.9900
1986 357 524  3.0 239.1  2
1986 357 524  3.5 249.3  2   1.0047 -99.9900
1986 364 525  0.9 243.9  0   1.0020 -99.9900
1986 364 525  1.8 244.4  0   1.0020 -99.9900
