WEEKLY (ROUGHLY) NITROUS OXIDE READINGS AT NORTHWESTERN 1/77 TO 12/86
JIM ELKINS (NOAA) FTS 320-6224    JIM'S NAME FOR FILE = NWRN2O_WK.DAT
NUMBER OF OBSERVATIONS = 941
RESPONSE VARIABLE = MEAN NITROUS OXIDE CONCENTRATION (IN PARTS PER ???)
ORDER OF VARIABLES ON A LINE IMAGE--
   1. YEAR (1977 TO 1986)
   2. DAY OF YEAR (1 TO 365)
   3. SAMPLE BOTTLE (OF ONLY MINOR INTEREST)
   4. STANDARD DEVIATION (OVER 3 OBSERVATIONS)
   5. MEAN (OVER 3 OBSERVATIONS) NITROUS OXIDE CONCENTRATION (PP?)
   6. VALIDITY FLAG (ONLY USE DATA WITH FLAG = 0)
   7. WATER VAPOR
   8. CO2
NOTE--ONLY USE DATA WITH VALIDTY FLAG = 0
      POLLUTION = COMBINATION OF HIGH CO2 AND HIGH FREON
                  WHEN FREON HIGH, EXPECT HIGH CO2 (POLLUTION)
                  CO2 COMES FROM COMBUSITON OF FOSSIL FUELS
                  FREON COME FROM AIR CONDITIONS
      AT MOST SITES, THERE SHOULD BE A SEASONAL EFFECT FOR CO2
      AT POINT BARROW, THERE IS ALSO A SEASONAL EFFECT FOR FREON-11
QUESTIONS--
   TRENDS AND CYCLES OVER TIME?
   RELATIONSHIP BETWEEN FREON AND WATER VAPOR?
   RELATIONSHIP BETWEEN FREON AND CO2?
   SAME PATTERNS AT ALL 5 SITES?
1977   7  43  0.0   0.0 52   1.0010 -99.9900
1977   7  43  0.0   0.0 52   1.0010 -99.9900
1977  17  44  0.0   0.0 52   1.0026 -99.9900
1977  17  44  0.0   0.0 52   1.0026 -99.9900
1977  27  45  0.0   0.0 52   1.0048 -99.9900
1977  27  45  0.0   0.0 52   1.0048 -99.9900
1977  34  46  0.0   0.0 52   1.0019 -99.9900
1977  34  46  0.0   0.0 52   1.0019 -99.9900
1977  40  47  0.0   0.0 52   1.0021 -99.9900
1977  40  47  0.0   0.0 52   1.0021 -99.9900
1977  54  48  0.0   0.0 52   1.0019 -99.9900
1977  54  48  0.0   0.0 52   1.0019 -99.9900
1977  66  49  0.0   0.0 52   1.0015 -99.9900
1977  66  49  0.0   0.0 52   1.0015 -99.9900
1977  68  50  0.0   0.0 52   1.0010 -99.9900
1977  68  50  0.0   0.0 52   1.0010 -99.9900
1977  77  51  0.0   0.0 52   1.0021 -99.9900
1977  77  51  0.0   0.0 52   1.0021 -99.9900
1977  84  52  0.0   0.0 52   1.0015 -99.9900
1977  84  52  0.0   0.0 52   1.0015 -99.9900
1977  89  53  0.0   0.0 52   1.0017 -99.9900
1977  89  53  0.0   0.0 52   1.0017 -99.9900
1977  97  54  0.0   0.0 52   1.0017 -99.9900
1977  97  54  0.0   0.0 52   1.0017 -99.9900
1977 103  55  0.0   0.0 52   1.0032 -99.9900
1977 103  55  0.0   0.0 52   1.0032 -99.9900
1977 112  56  0.0   0.0 52   1.0031 -99.9900
1977 112  56  0.0   0.0 52   1.0031 -99.9900
1977 117  57  0.0   0.0 52   1.0040 -99.9900
1977 117  57  0.0   0.0 52   1.0040 -99.9900
1977 125  58  0.0   0.0 52   1.0044 -99.9900
1977 125  58  0.0   0.0 52   1.0044 -99.9900
1977 132  59  0.0   0.0 52   1.0023 -99.9900
1977 132  59  0.0   0.0 52   1.0023 -99.9900
1977 139  60  0.0   0.0 52   1.0022 -99.9900
1977 139  60  0.0   0.0 52   1.0022 -99.9900
1977 146  61  0.0   0.0 52   1.0042 -99.9900
1977 146  61  0.0   0.0 52   1.0042 -99.9900
1977 151  62  0.0   0.0 52   1.0041 -99.9900
1977 151  62  0.0   0.0 52   1.0041 -99.9900
1977 159  63  0.0   0.0 52   1.0070 -99.9900
1977 159  63  0.0   0.0 52   1.0070 -99.9900
1977 166  64  1.4 293.5 32   1.0024 336.7000
1977 166  64  9.8 295.3  1   1.0024 336.7000
1977 172  65  2.2 283.4 36   1.0032 335.3000
1977 172  65  2.6 324.9  6   1.0032 335.3000
1977 179  66  0.0 469.8 36   1.0091 333.0000
1977 179  66  0.0 344.5  6   1.0091 333.0000
1977 194  67  8.0 287.3 37   1.0072 333.1000
1977 194  67  2.9 289.3  4   1.0072 333.1000
1977 200  68 10.2 293.6 33   1.0075 332.7000
1977 200  68  9.1 298.1  1   1.0075 332.7000
1977 208  69  0.0 300.3 32   1.0063 335.7000
1977 208  69  4.1 303.3  1   1.0063 335.7000
1977 214  70 11.1 290.1 37   1.0041 332.3000
1977 214  70 11.1 297.4  3   1.0041 332.3000
1977 222  71  2.6 291.2 36   1.0057 335.0000
1977 222  71  3.6 304.3  2   1.0057 335.0000
1977 229  72  3.2 288.5 36   1.0092 331.3000
1977 237  73 10.6 288.7 37   1.0085 331.1000
1977 237  73 10.0 296.2  3   1.0085 331.1000
1977 244  74  1.6 287.0 36   1.0040 334.1000
1977 258  75  7.0 286.8 37   1.0029 331.5000
1977 258  75  1.4 300.9  2   1.0029 331.5000
1977 265  76  6.3 291.2 37   1.0018 330.6000
1977 265  76  8.5 309.3  7   1.0018 330.6000
1977 272  77  8.4 289.6 37   1.0048 329.8000
1977 272  77  5.0 298.4  3   1.0048 329.8000
1977 281  78 10.3 293.7 33   1.0027 334.3000
1977 281  78  1.1 298.6  0   1.0027 334.3000
1977 286  79  4.7 289.1 37   1.0025 333.2000
1977 286  79  0.9 298.6  2   1.0025 333.2000
1977 296  80  2.1 288.6 36   1.0036 334.8000
1977 296  80  5.1 302.0  3   1.0036 334.8000
1977 300  81  3.2 321.0 36   1.0029 334.2000
1977 300  81  6.8 322.0  5   1.0029 334.2000
1977 307  82  1.1 291.1 36   1.0022 335.2000
1977 307  82  3.8 299.7  2   1.0022 335.2000
1977 315  83 11.1 288.7 37   1.0016 333.9000
1977 315  83  8.6 298.0  3   1.0016 333.9000
1977 325  84 23.5 292.0 37   1.0048 334.2000
1977 325  84  2.2 300.2  2   1.0048 334.2000
1977 333  85  9.1 287.6 37   1.0048 337.2000
1977 333  85  1.1 301.1  2   1.0048 337.2000
1977 341  86 10.9 301.0 33   1.0029 336.1000
1977 341  86 10.5 310.7  7   1.0029 336.1000
1977 351  87  5.9 296.6 33   1.0048 337.4000
1977 351  87  3.2 312.9  6   1.0048 337.4000
1977 365  88  5.4 308.2  1   1.0048 335.9000
1978   7  89  1.7 286.3 36   1.0048 337.4000
1978   7  89  1.2 303.2  2   1.0048 337.4000
1978  11  90 11.6 286.6 37   1.0027 338.2000
1978  11  90  8.4 288.3  5   1.0027 338.2000
1978  17  91  2.2 297.6 32   1.0025 337.2000
1978  17  91  6.8 303.8  1   1.0025 337.2000
1978  28  92  2.4 295.4 32   1.0021 337.6000
1978  28  92 13.1 297.0  1   1.0021 337.6000
1978  35  93  2.5 290.9 36   1.0030 337.8000
1978  35  93  2.4 300.7  2   1.0030 337.8000
1978  50  94  3.1 289.1 36   1.0048 338.0000
1978  50  94  2.4 302.6  2   1.0048 338.0000
1978  54  95  1.4 292.1 36   1.0018 338.1000
1978  54  95  2.3 302.1  2   1.0018 338.1000
1978  63  96  6.1 288.5 37   1.0033 338.2000
1978  63  96  3.5 298.7  2   1.0033 338.2000
1978  67  97  2.7 292.1 36   1.0024 338.4000
1978  67  97  7.4 298.4  3   1.0024 338.4000
1978  86  98  1.0 302.4  0   1.0024 338.4000
1978  86  98  0.8 301.9  0   1.0024 338.4000
1978 103  99  2.1 301.7  0   1.0035 338.6000
1978 103  99  2.6 302.2  0   1.0035 338.6000
1978 123 100  2.2 304.1  0   1.0047 338.6000
1978 123 100  2.4 304.2  0   1.0047 338.6000
1978 130 101  2.5 293.7  0   1.0026 338.1000
1978 130 101  1.4 292.3  4   1.0026 338.1000
1978 138 102  2.0 300.3  0   1.0044 338.8000
1978 138 102  0.9 300.4  0   1.0044 338.8000
1978 152 103  1.8 299.2  0   1.0049 338.3000
1978 152 103  1.6 300.9  0   1.0049 338.3000
1978 158 104  1.1 299.0  0   1.0047 339.9000
1978 158 104  3.4 302.5  0   1.0047 339.9000
1978 165 105  1.1 299.7  2
1978 165 105  3.0 293.3  6   1.0045 339.0000
1978 173 106  2.7 300.3  0   1.0058 336.9000
1978 173 106  2.2 301.7  0   1.0058 336.9000
1978 179 107  1.9 309.9  4   1.0089 336.4000
1978 179 107  1.5 323.4  6   1.0089 336.4000
1978 188 108  0.1 299.7  0   1.0039 334.3000
1978 188 108  2.3 298.3  0   1.0039 334.3000
1978 193 109  0.7 299.8  0   1.0060 334.9000
1978 193 109  1.8 301.1  0   1.0060 334.9000
1978 200 110  1.5 297.4  0   1.0054 333.7000
1978 200 110  2.6 300.2  0   1.0054 333.7000
1978 209 111  1.0 302.1  0   1.0083 332.9000
1978 209 111  0.6 302.1  0   1.0083 332.9000
1978 215 112  2.4 300.3  0   1.0074 332.2000
1978 215 112  2.0 300.9  0   1.0074 332.2000
1978 222 113  1.2 297.4  0   1.0080 331.4000
1978 222 113  0.8 298.3  0   1.0080 331.4000
1978 230 114  1.1 300.8  0   1.0036 328.1000
1978 230 114  0.9 300.1  0   1.0036 328.1000
1978 235 115  1.0 301.8  0   1.0053 333.0000
1978 235 115  1.1 301.9  0   1.0053 333.0000
1978 246 116  1.3 301.8  0   1.0055 332.7000
1978 246 116  0.5 301.7  0   1.0055 332.7000
1978 254 117  1.0 301.3  0   1.0040 329.7000
1978 254 117  1.0 301.5  0   1.0040 329.7000
1978 268 118  1.0 300.8  0   1.0044 330.8000
1978 268 118  1.6 301.2  0   1.0044 330.8000
1978 276 119  1.5 303.5  0   1.0048 331.2000
1978 276 119  0.3 300.9  0   1.0048 331.2000
1978 283 120  1.7 301.8  0   1.0010 332.2000
1978 283 120  1.0 301.3  0   1.0010 332.2000
1978 289 121  0.2 301.4  0   1.0048 334.6000
1978 289 121  1.0 300.1  0   1.0048 334.6000
1978 301 122  0.9 301.0  0   1.0037 334.2000
1978 301 122  0.4 300.7  0   1.0037 334.2000
1978 315 123  1.4 301.2  0   1.0034 336.8000
1978 315 123  1.1 303.0  0   1.0034 336.8000
1978 320 124  0.8 300.5  0   1.0024 334.5000
1978 320 124  0.6 302.0  0   1.0024 334.5000
1978 326 125  1.0 301.5  0   1.0018 334.6000
1978 326 125  0.3 302.4  0   1.0018 334.6000
1978 334 126  3.2 303.7  0   1.0031 335.4000
1978 334 126  2.3 302.6  0   1.0031 335.4000
1978 344 128  1.1 303.0  0   1.0048 336.5000
1978 344 128  0.1 303.5  0   1.0048 336.5000
1978 355 129  1.2 301.5  0   1.0048 336.8000
1978 355 129  0.3 301.8  0   1.0048 336.8000
1979   4 130  2.6 299.7  0   1.0036 337.3000
1979   4 130  1.2 302.9  0   1.0036 337.3000
1979  11 131  2.1 300.2  0   1.0048 337.5000
1979  11 131  1.2 302.9  0   1.0048 337.5000
1979  18 132  2.0 302.3  0   1.0048 337.9000
1979  18 132  0.4 303.4  0   1.0048 337.9000
1979  26 133  0.8 304.8  0   1.0048 338.0000
1979  26 133  1.2 302.2  0   1.0048 338.0000
1979  32 134  2.5 300.0  2
1979  32 134  1.6 312.9  6   1.0019 339.1000
1979  38 135  0.0 297.3  0   1.0029 338.5000
1979  38 135  3.1 293.3  4   1.0029 338.5000
1979  45 136  1.2 299.9  0   1.0029 337.3000
1979  45 136  1.9 299.4  0   1.0029 337.3000
1979  59 137  1.3 301.4  0   1.0048 339.3000
1979  59 137  1.1 301.7  0   1.0048 339.3000
1979  67 138  1.2 302.6  0   1.0048 340.2000
1979  67 138  1.2 303.7  0   1.0048 340.2000
1979  80 139  2.8 304.4  0   1.0032 340.1000
1979  80 139  2.5 307.5  0   1.0032 340.1000
1979  90 140  2.1 300.7  0   1.0043 340.4000
1979  90 140  1.4 300.5  0   1.0043 340.4000
1979  97 141  0.5 301.4  0   1.0032 340.7000
1979  97 141  1.0 303.1  0   1.0032 340.7000
1979 104 142  0.9 303.7  0   1.0030 340.2000
1979 104 142  0.5 299.5  0   1.0030 340.2000
1979 111 143  1.1 301.6  0   1.0023 340.8000
1979 111 143  2.0 300.5  0   1.0023 340.8000
1979 116 144  1.4 301.2  0   1.0026 340.7000
1979 116 144  1.0 302.5  0   1.0026 340.7000
1979 122 145  2.5 300.7  0   1.0044 340.6000
1979 122 145  2.5 302.8  0   1.0044 340.6000
1979 131 146  1.1 302.7  0   1.0026 341.5000
1979 131 146  1.0 301.3  0   1.0026 341.5000
1979 138 147  1.3 301.0  0   1.0054 340.4000
1979 138 147  1.8 301.1  0   1.0054 340.4000
1979 145 148  1.2 302.1  0   1.0040 340.0000
1979 145 148  1.0 302.2  0   1.0040 340.0000
1979 150 149  0.9 302.0  0   1.0048 339.9000
1979 150 149  0.6 301.9  0   1.0048 339.9000
1979 159 150  6.6 297.9  1   1.0048 340.4000
1979 159 150  2.2 300.9  0   1.0048 340.4000
1979 163 151  1.2 304.2  0   1.0074 338.1000
1979 163 151  1.5 301.7  0   1.0074 338.1000
1979 173 152  3.3 301.8  0   1.0031 337.4000
1979 173 152  1.7 302.2  0   1.0031 337.4000
1979 179 153  2.5 300.5  0   1.0053 336.2000
1979 179 153  1.4 302.3  0   1.0053 336.2000
1979 184 154  1.0 303.9  0   1.0055 336.3000
1979 184 154  0.8 302.0  0   1.0055 336.3000
1979 192 155  2.0 302.1  0   1.0031 336.1000
1979 192 155  0.3 301.1  0   1.0031 336.1000
1979 200 156  1.5 302.7  0   1.0074 331.2000
1979 200 156  1.3 301.7  0   1.0074 331.2000
1979 206 157  4.0 300.9  1   1.0053 331.8000
1979 206 157  1.3 302.4  0   1.0053 331.8000
1979 214 158  1.3 300.0  0   1.0058 333.4000
1979 214 158  1.3 302.6  0   1.0058 333.4000
1979 220 159  0.3 302.7  0   1.0085 333.8000
1979 220 159  3.1 302.7  0   1.0085 333.8000
1979 228 160  0.6 301.9  0   1.0079 336.1000
1979 228 160  0.3 301.7  0   1.0079 336.1000
1979 234 161  2.0 301.2  0   1.0052 332.1000
1979 234 161  0.3 303.3  0   1.0052 332.1000
1979 250 163  1.0 297.0  0   1.0044 334.2000
1979 250 163  3.3 302.0  0   1.0044 334.2000
1979 257 164  6.1 299.5  1   1.0010 331.7000
1979 257 164  1.6 298.6  0   1.0010 331.7000
1979 263 165  3.8 315.4  4   1.0048 333.2000
1979 263 165  3.9 295.7  3   1.0048 333.2000
1979 270 166  1.2 300.6  0   1.0041 332.8000
1979 270 166  0.9 302.7  0   1.0041 332.8000
1979 276 167  2.4 301.5  0   1.0033 333.2000
1979 276 167  4.1 300.1  1   1.0033 333.2000
1979 283 168  1.2 302.3  0   1.0020 334.1000
1979 283 168  1.7 300.8  0   1.0020 334.1000
1979 290 169  2.0 303.6  0   1.0027 334.4000
1979 290 169  2.5 302.9  0   1.0027 334.4000
1979 297 170  2.6 300.5  0   1.0024 334.2000
1979 297 170  5.1 300.6  1   1.0024 334.2000
1979 306 171  0.1 304.0  0   1.0048 338.8000
1979 306 171  0.9 304.6  0   1.0048 338.8000
1979 311 172  4.3 324.0  5   1.0048 338.0000
1979 311 172  1.2 302.4  2   1.0048 338.0000
1979 333 173  1.6 339.1  4   1.0048 338.5000
1979 333 173  1.5 310.4  2   1.0048 338.5000
1979 341 174  0.8 304.0  0   1.0022 340.9000
1979 341 174  0.8 303.2  0   1.0022 340.9000
1979 352 175  0.5 304.1  0   1.0012 336.3000
1979 352 175  0.4 302.6  0   1.0012 336.3000
1979 363 176  1.2 304.8  0   1.0015 338.5000
1979 363 176  1.0 305.9  0   1.0015 338.5000
1980  14 177  0.7 307.6  0   1.0048 339.2000
1980  14 177  0.9 305.5  0   1.0048 339.2000
1980  17 178  2.9 306.8  0   1.0048 339.3000
1980  17 178  3.2 305.9  0   1.0048 339.3000
1980  53 180  3.2 301.0  0   1.0031 341.0000
1980  53 180  1.8 304.3  0   1.0031 341.0000
1980  59 181  2.6 305.1  0   1.0031 341.4000
1980  59 181  0.2 304.5  0   1.0031 341.4000
1980  87 184  3.7 303.2  0   1.0029 342.1000
1980  87 184  2.9 302.1  0   1.0029 342.1000
1980 104 186  2.3 303.6  0   1.0024 342.0000
1980 104 186  0.1 301.5  0   1.0024 342.0000
1980 109 187  1.5 301.3  2
1980 109 187  3.0 312.0  6   1.0052 341.9000
1980 120 188  1.2 304.5  0   1.0043 345.3000
1980 120 188  2.3 303.0  0   1.0043 345.3000
1980 129 189  2.1 306.3  0   1.0048 340.6000
1980 129 189  2.4 305.3  0   1.0048 340.6000
1980 137 190  2.9 300.9  0   1.0048 339.3000
1980 137 190  4.2 306.6  1   1.0048 339.3000
1980 151 191  2.3 300.4  0   1.0030 338.2000
1980 151 191  2.0 302.3  0   1.0030 338.2000
1980 161 192  1.7 305.2  0   1.0067 336.6000
1980 161 192  2.8 306.8  0   1.0067 336.6000
1980 169 193  0.5 302.9  0   1.0050 334.1000
1980 169 193  1.8 302.9  0   1.0050 334.1000
1980 175 194  3.2 303.8  0   1.0073 335.6000
1980 175 194  1.3 303.8  0   1.0073 335.6000
1980 183 195  2.0 302.0  0   1.0092 334.6000
1980 183 195  2.1 302.3  0   1.0092 334.6000
1980 198 196  0.4 300.1  0   1.0046 338.6000
1980 198 196  2.4 300.0  0   1.0046 338.6000
1980 205 197  2.7 302.9  0   1.0058 339.1000
1980 205 197  1.9 299.8  0   1.0058 339.1000
1980 221 198  1.3 303.5  0   1.0114 333.3000
1980 221 198  5.5 303.7  1   1.0114 333.3000
1980 232 199  4.2 321.9  5   1.0038 335.5000
1980 232 199  3.1 300.9  2   1.0038 335.5000
1980 248 200  0.5 301.8  2
1980 248 200 14.9 316.3  7   1.0053 334.1000
1980 254 201  5.2 306.6  1   1.0094 334.3000
1980 254 201  3.2 304.3  0   1.0094 334.3000
1980 262 202  0.6 301.9  0   1.0032 335.5000
1980 262 202  2.7 303.6  0   1.0032 335.5000
1980 273 203  2.9 300.8  0   1.0068 336.3000
1980 273 203  3.8 303.5  0   1.0068 336.3000
1980 277 204  0.4 301.2  0   1.0049 334.6000
1980 277 204  2.1 302.3  0   1.0049 334.6000
1980 285 205  1.6 300.6  0   1.0029 337.1000
1980 285 205  1.0 300.5  0   1.0029 337.1000
1980 293 206  2.6 303.7  0   1.0034 337.0000
1980 293 206  1.9 306.6  0   1.0034 337.0000
1980 295 207  0.4 298.6  0   1.0024 336.8000
1980 295 207  7.5 296.2  1   1.0024 336.8000
1980 304 208  2.0 304.6  0   1.0048 336.5000
1980 304 208  1.9 302.4  0   1.0048 336.5000
1980 311 209  1.4 304.0  0   1.0048 337.7000
1980 311 209  1.4 301.8  0   1.0048 337.7000
1980 323 210  3.4 299.0  0   1.0048 340.1000
1980 323 210  1.8 304.3  0   1.0048 340.1000
1980 331 211  0.3 306.0  0   1.0048 339.5000
1980 331 211  0.5 304.1  0   1.0048 339.5000
1980 337 212  0.2 303.8  0   1.0036 338.2000
1980 337 212  3.0 298.1  0   1.0036 338.2000
1980 344 213  1.2 300.3  0   1.0048 339.7000
1980 344 213  0.6 301.8  0   1.0048 339.7000
1980 351 214  2.4 303.1  0   1.0048 338.5000
1980 351 214  0.2 301.9  0   1.0048 338.5000
1980 358 215  1.0 299.7  0   1.0048 340.7000
1980 358 215  1.5 301.8  0   1.0048 340.7000
1980 365 216  0.7 304.0  0   1.0048 339.4000
1980 365 216  0.2 305.6  0   1.0048 339.4000
1981  12 217  0.2 304.0  0   1.0048 340.5000
1981  12 217  0.7 301.9  0   1.0048 340.5000
1981  20 218  1.7 301.7  0   1.0048 340.3000
1981  20 218  0.9 301.7  0   1.0048 340.3000
1981  27 219  0.9 304.7  0   1.0048 342.6000
1981  27 219  2.1 304.4  0   1.0048 342.6000
1981  34 220  2.6 304.6  0   1.0021 343.0000
1981  34 220  1.4 302.4  0   1.0021 343.0000
1981  42 221  1.9 302.5  0   1.0007 342.1000
1981  42 221  1.5 305.0  0   1.0007 342.1000
1981  48 222  2.5 299.6  0   1.0044 342.5000
1981  48 222  2.0 302.2  0   1.0044 342.5000
1981  58 223  1.9 303.3  0   1.0021 342.8000
1981  58 223  2.9 302.5  0   1.0021 342.8000
1981  65 224  1.0 303.4  0   1.0030 343.0000
1981  65 224  2.8 305.5  0   1.0030 343.0000
1981  72 225  2.7 305.7  0   1.0035 343.1000
1981  72 225  1.0 303.4  0   1.0035 343.1000
1981  76 226  1.3 302.4  0   1.0021 343.2000
1981  76 226  1.3 304.1  0   1.0021 343.2000
1981  86 227  1.5 303.5  0   1.0031 343.3000
1981  86 227  2.9 303.5  0   1.0031 343.3000
1981  90 228  1.2 305.3  0   1.0021 343.3000
1981  90 228  3.2 303.2  0   1.0021 343.3000
1981  98 229  0.4 306.5  0   1.0029 343.3000
1981  98 229  1.5 304.4  0   1.0029 343.3000
1981 105 230  0.6 303.0  0   1.0037 343.2000
1981 105 230  1.5 305.9  0   1.0037 343.2000
1981 111 231  1.2 301.7  0   1.0027 343.1000
1981 111 231  1.4 302.5  0   1.0027 343.1000
1981 118 232  2.9 308.2  0   1.0028 342.8000
1981 118 232  1.5 302.3  0   1.0028 342.8000
1981 126 233  2.3 301.5  0   1.0042 342.5000
1981 126 233  1.6 304.6  0   1.0042 342.5000
1981 132 234  2.6 302.4  0   1.0031 342.2000
1981 132 234  1.5 304.0  0   1.0031 342.2000
1981 141 235  1.8 302.4  0   1.0026 341.8000
1981 147 236  0.7 303.3  0   1.0051 340.9000
1981 147 236  0.8 302.4  0   1.0051 340.9000
1981 154 237  0.9 304.1  0   1.0055 341.9000
1981 154 237  1.7 302.9  0   1.0055 341.9000
1981 160 238  2.2 304.7  0   1.0046 342.0000
1981 160 238  2.2 303.0  0   1.0046 342.0000
1981 167 239  1.8 303.0  0   1.0021 337.7000
1981 167 239  3.8 303.4  0   1.0021 337.7000
1981 174 240  1.8 301.6  0   1.0046 339.1000
1981 174 240  1.8 305.4  0   1.0046 339.1000
1981 183 241  3.2 302.7  2
1981 183 241  0.3 309.2  2   1.0048 338.4000
1981 191 242  2.6 302.2  0   1.0096 342.9000
1981 191 242  2.2 304.5  0   1.0096 342.9000
1981 195 243  2.8 300.9  0   1.0063 336.8000
1981 195 243  1.9 304.9  0   1.0063 336.8000
1981 204 244  2.3 302.2  0   1.0047 336.5000
1981 204 244  2.2 301.7  0   1.0047 336.5000
1981 211 245  1.0 298.3  0   1.0040 337.7000
1981 211 245  2.8 301.9  0   1.0040 337.7000
1981 216 246  2.3 301.4  0   1.0063 340.8000
1981 216 246  3.3 304.7  0   1.0063 340.8000
1981 225 247  2.1 302.1  0   1.0072 338.6000
1981 225 247  2.3 304.5  0   1.0072 338.6000
1981 230 248  2.9 304.9  0   1.0052 334.4000
1981 230 248  2.5 303.9  0   1.0052 334.4000
1981 237 249  0.7 303.9  0   1.0070 338.8000
1981 237 249  2.5 304.5  0   1.0070 338.8000
1981 244 250  4.1 304.7  1   1.0063 334.0000
1981 244 250  1.0 306.5  0   1.0063 334.0000
1981 251 251  1.4 302.2  0   1.0065 338.2000
1981 251 251  1.1 301.8  0   1.0065 338.2000
1981 258 252  2.0 301.3  0   1.0068 335.2000
1981 258 252  1.2 303.6  0   1.0068 335.2000
1981 266 253  1.3 297.9  0   1.0064 337.5000
1981 266 253  1.4 300.0  0   1.0064 337.5000
1981 272 254  1.7 302.4  0   1.0048 336.1000
1981 272 254  2.1 302.4  0   1.0048 336.1000
1981 279 255  2.2 302.0  0   1.0042 336.5000
1981 279 255  1.0 304.2  0   1.0042 336.5000
1981 287 256  2.9 302.3  0   1.0060 338.6000
1981 287 256  2.0 302.5  0   1.0060 338.6000
1981 293 257  2.5 302.1  0   1.0026 338.0000
1981 293 257  4.4 301.7  1   1.0026 338.0000
1981 300 258  2.1 302.2  0   1.0025 338.5000
1981 300 258  1.8 303.9  0   1.0025 338.5000
1981 307 259  2.4 300.0  0   1.0038 339.9000
1981 307 259  0.2 303.2  0   1.0038 339.9000
1981 315 260  1.2 305.7  0   1.0030 340.1000
1981 315 260  2.6 302.5  0   1.0030 340.1000
1981 321 261  1.5 301.0  0   1.0021 338.1000
1981 321 261  0.3 301.6  0   1.0021 338.1000
1981 328 262  0.2 303.2  0   1.0052 339.9000
1981 328 262  2.8 304.5  0   1.0052 339.9000
1981 336 263  1.3 299.6  0   1.0025 342.4000
1981 336 263  2.5 302.4  0   1.0025 342.4000
1981 342 264  2.5 303.6  0   1.0024 341.5000
1981 342 264  1.4 301.8  0   1.0024 341.5000
1981 349 265  2.5 303.8  0   1.0036 341.2000
1981 349 265  1.1 303.3  0   1.0036 341.2000
1981 356 266  1.8 303.1  0   1.0020 343.9000
1981 356 266  1.5 304.0  0   1.0020 343.9000
1981 364 267  2.6 303.7  0   1.0029 341.5000
1981 364 267  1.0 303.8  0   1.0029 341.5000
1982   6 268  1.8 303.5  0   1.0048 343.6000
1982   6 268  2.6 304.2  0   1.0048 343.6000
1982  12 269  2.0 302.1  0   1.0016 344.6000
1982  12 269  2.7 302.9  0   1.0016 344.6000
1982  19 270  0.8 304.3  0   1.0021 342.2000
1982  19 270  1.8 304.7  0   1.0021 342.2000
1982  26 271  0.2 304.5  0   1.0048 342.8000
1982  26 271  1.8 304.8  0   1.0048 342.8000
1982  33 272  0.2 301.9  0   1.0010 343.1000
1982  33 272  1.5 304.0  0   1.0010 343.1000
1982  40 273  0.7 302.3  0   1.0013 343.4000
1982  40 273  1.7 304.4  0   1.0013 343.4000
1982  47 274  1.4 303.1  0   1.0044 343.7000
1982  47 274  2.4 303.6  0   1.0044 343.7000
1982  54 275  1.7 302.0  0   1.0036 344.4000
1982  54 275  1.0 301.4  0   1.0036 344.4000
1982  61 276  1.4 303.8  0   1.0048 343.6000
1982  61 276  1.5 303.5  0   1.0048 343.6000
1982  68 277  1.4 296.6  4   1.0048 344.4000
1982  68 277  0.9 302.5  0   1.0048 344.4000
1982  75 278  2.4 300.5  0   1.0048 347.7000
1982  75 278  2.0 304.2  0   1.0048 347.7000
1982  82 279  1.5 302.0  0   1.0031 347.5000
1982  82 279  2.4 302.4  0   1.0031 347.5000
1982  89 280  0.9 305.3  0   1.0048 345.8000
1982  89 280  0.2 307.1  0   1.0048 345.8000
1982  96 281  1.9 304.6  0   1.0048 345.6000
1982  96 281  0.8 305.6  0   1.0048 345.6000
1982 103 282  1.3 306.2  0   1.0071 347.1000
1982 103 282  0.5 306.7  0   1.0071 347.1000
1982 112 283  0.7 303.9  0   1.0037 347.1000
1982 112 283  1.3 306.8  0   1.0037 347.1000
1982 117 284  0.2 304.3  0   1.0048 344.3000
1982 117 284  1.1 306.2  0   1.0048 344.3000
1982 124 285  1.6 304.1  0   1.0058 345.5000
1982 124 285  0.8 304.4  0   1.0058 345.5000
1982 134 286  1.5 305.5  0   1.0048 344.8000
1982 134 286  0.9 305.9  0   1.0048 344.8000
1982 138 287  1.0 307.6  0   1.0070 343.0000
1982 138 287  1.0 302.5  0   1.0070 343.0000
1982 145 288  1.4 304.5  0   1.0053 343.1000
1982 145 288  2.1 303.7  0   1.0053 343.1000
1982 153 289  1.0 309.4  0   1.0040 342.8000
1982 153 289  2.7 306.3  0   1.0040 342.8000
1982 159 290  0.7 302.3  0   1.0033 343.1000
1982 159 290  0.2 305.1  0   1.0033 343.1000
1982 167 291  2.3 305.8  0   1.0069 338.2000
1982 167 291  1.2 306.6  0   1.0069 338.2000
1982 173 292  0.7 305.1  0   1.0058 339.6000
1982 173 292  3.6 300.2  0   1.0058 339.6000
1982 180 293  1.7 302.9  0   1.0057 340.9000
1982 180 293  1.6 306.1  0   1.0057 340.9000
1982 187 294  0.5 304.7  0   1.0052 337.4000
1982 187 294  0.9 305.5  0   1.0052 337.4000
1982 194 295  1.2 304.8  0   1.0074 337.8000
1982 194 295  3.1 304.5  0   1.0074 337.8000
1982 201 296  1.1 304.3  0   1.0081 333.5000
1982 201 296  0.7 305.7  0   1.0081 333.5000
1982 211 297  1.5 302.8  2
1982 211 297  1.3 309.3  2   1.0079 335.7000
1982 215 298  2.1 305.3  0   1.0089 338.0000
1982 215 298  2.2 306.8  0   1.0089 338.0000
1982 222 299  1.2 305.7  0   1.0081 335.0000
1982 222 299  1.0 307.0  0   1.0081 335.0000
1982 229 300  1.5 306.0  0   1.0089 335.2000
1982 229 300  1.9 306.4  0   1.0089 335.2000
1982 236 301  1.5 307.2  0   1.0064 335.1000
1982 236 301  1.5 309.9  0   1.0064 335.1000
1982 243 302  0.4 304.3  0   1.0055 340.2000
1982 243 302  0.4 304.8  0   1.0055 340.2000
1982 251 303  0.8 305.7  0   1.0065 336.3000
1982 251 303  1.6 305.1  0   1.0065 336.3000
1982 257 304  0.7 303.2  0   1.0020 336.2000
1982 257 304  1.8 303.7  0   1.0020 336.2000
1982 266 305  1.4 305.2  0   1.0070 337.3000
1982 271 306  0.8 305.6  0   1.0033 338.2000
1982 271 306  1.2 304.6  0   1.0033 338.2000
1982 278 307  0.9 304.4  0   1.0021 338.6000
1982 278 307  1.8 301.1  0   1.0021 338.6000
1982 285 308  0.9 305.6  0   1.0048 340.2000
1982 285 308  0.3 307.4  0   1.0048 340.2000
1982 294 309  1.3 302.6  0   1.0006 340.0000
1982 294 309  1.1 303.4  0   1.0006 340.0000
1982 299 310  0.8 304.4  0   1.0055 338.8000
1982 299 310  0.8 305.8  0   1.0055 338.8000
1982 306 311  0.4 305.0  0   1.0024 340.7000
1982 306 311  1.2 306.9  0   1.0024 340.7000
1982 313 312  1.6 307.2  0   1.0048 339.6000
1982 313 312  0.4 305.7  0   1.0048 339.6000
1982 320 313  1.1 305.0  0   1.0048 340.9000
1982 320 313  1.7 306.7  0   1.0048 340.9000
1982 327 314  1.3 305.2  0   1.0048 341.3000
1982 327 314  1.5 303.1  0   1.0048 341.3000
1982 334 315  1.4 306.3  0   1.0048 341.2000
1982 334 315  1.0 305.2  0   1.0048 341.2000
1982 341 316  1.0 307.4  2
1982 341 316  0.8 298.6  2   1.0048 341.0000
1982 346 317  3.7 303.9  0   1.0048 340.2000
1982 346 317  1.5 303.3  0   1.0048 340.2000
1982 352 318  0.6 305.1  0   1.0048 342.4000
1982 352 318  3.3 306.1  0   1.0048 342.4000
1982 360 319  1.1 305.7  0   1.0048 341.6000
1982 360 319  1.8 307.0  0   1.0048 341.6000
1983   4 320  0.5 304.7  0   1.0017 343.5000
1983   4 320  1.1 306.3  0   1.0017 343.5000
1983   8 321  1.5 305.0  0   1.0018 341.8000
1983   8 321  1.2 305.4  0   1.0018 341.8000
1983  16 322  0.7 307.5  0   1.0040 343.5000
1983  16 322  0.3 306.6  0   1.0040 343.5000
1983  23 323  1.3 306.0  0   1.0048 343.9000
1983  23 323  1.1 308.4  0   1.0048 343.9000
1983  29 324  1.0 304.3  0   1.0020 344.1000
1983  29 324  2.3 303.3  0   1.0020 344.1000
1983  36 325  0.7 304.4  0   1.0018 346.6000
1983  36 325  4.2 301.7  1   1.0018 346.6000
1983  44 326  0.6 305.5  0   1.0048 343.6000
1983  44 326  0.5 306.9  0   1.0048 343.6000
1983  51 327  0.8 305.6  0   1.0048 344.8000
1983  51 327  1.6 308.7  0   1.0048 344.8000
1983  57 328  1.4 306.0  0   1.0048 344.2000
1983  57 328  1.7 307.8  0   1.0048 344.2000
1983  71 329  0.5 301.0  0   1.0048 344.2000
1983  71 329  1.3 306.6  0   1.0048 344.2000
1983  79 330  1.5 306.5  0   1.0048 347.0000
1983  79 330  1.6 307.8  0   1.0048 347.0000
1983  84 331  1.6 305.5  0   1.0048 347.0000
1983  84 331  1.0 305.8  0   1.0048 347.0000
1983  91 332  0.6 308.0  0   1.0048 346.4000
1983  91 332  1.5 305.9  0   1.0048 346.4000
1983  96 333  0.9 304.8  0   1.0048 349.4000
1983  96 333  1.1 306.7  0   1.0048 349.4000
1983 102 334  1.1 304.7  0   1.0048 345.6000
1983 102 334  0.8 309.5  0   1.0048 345.6000
1983 109 335  0.9 304.6  0   1.0034 345.6000
1983 109 335  0.9 306.3  0   1.0034 345.6000
1983 116 336  1.6 303.1  0   1.0027 346.4000
1983 116 336  2.6 300.0  0   1.0027 346.4000
1983 123 337  1.1 304.2  0   1.0040 344.4000
1983 123 337  0.2 307.0  0   1.0040 344.4000
1983 131 338  1.2 305.0  0   1.0055 348.2000
1983 131 338  0.8 309.4  0   1.0055 348.2000
1983 140 339  0.7 305.9  0   1.0055 342.8000
1983 140 339  1.6 307.6  0   1.0055 342.8000
1983 144 340  2.0 304.8  0   1.0036 345.1000
1983 144 340  2.0 306.2  0   1.0036 345.1000
1983 153 341  0.7 305.6  0   1.0047 345.6000
1983 153 341  1.8 308.0  0   1.0047 345.6000
1983 159 342  2.1 304.3  0   1.0040 341.7000
1983 159 342  1.1 305.6  0   1.0040 341.7000
1983 165 343  4.3 298.1  5   1.0039 341.7000
1983 165 343  3.2 308.3  2   1.0039 341.7000
1983 172 344  1.9 305.7  0   1.0036 343.7000
1983 172 344  1.5 305.5  0   1.0036 343.7000
1983 179 345  1.2 302.9  0   1.0048 340.3000
1983 179 345  1.6 304.3  0   1.0048 340.3000
1983 186 346  0.6 304.3  0   1.0076 337.7000
1983 186 346  0.9 305.6  0   1.0076 337.7000
1983 193 347  0.7 304.3  2
1983 193 347  1.1 312.2  2   1.0052 336.7000
1983 200 348  1.0 307.5  0   1.0075 340.8000
1983 200 348  1.0 305.9  0   1.0075 340.8000
1983 207 349  1.5 307.9  0   1.0090 342.0000
1983 207 349  0.8 308.6  0   1.0090 342.0000
1983 214 350  1.2 305.9  0   1.0088 340.5000
1983 214 350  1.5 311.6  0   1.0088 340.5000
1983 221 351  1.3 307.6  0   1.0082 335.5000
1983 221 351  3.4 308.0  0   1.0082 335.5000
1983 230 352  1.1 308.5  0   1.0079 336.4000
1983 230 352  2.8 305.8  0   1.0079 336.4000
1983 235 353  1.9 307.3  0   1.0050 336.5000
1983 235 353  2.6 305.0  0   1.0050 336.5000
1983 243 354  1.3 306.3  0   1.0070 334.1000
1983 243 354  0.1 305.9  0   1.0070 334.1000
1983 251 355  2.4 304.5  0   1.0071 339.9000
1983 251 355  0.3 308.0  0   1.0071 339.9000
1983 256 356  1.5 304.4  0   1.0046 335.3000
1983 256 356  1.3 306.1  0   1.0046 335.3000
1983 263 357  1.3 303.6  0   1.0024 338.4000
1983 263 357  2.1 304.4  0   1.0024 338.4000
1983 270 358  1.8 304.7  0   1.0040 340.0000
1983 270 358  1.4 305.7  0   1.0040 340.0000
1983 277 359  1.8 303.7  0   1.0031 340.0000
1983 277 359  1.7 304.2  0   1.0031 340.0000
1983 284 360  2.6 305.4  2
1983 284 360  3.8 311.6  2   1.0048 341.4000
1983 291 361  1.3 305.4  0   1.0045 340.1000
1983 291 361  1.0 304.5  0   1.0045 340.1000
1983 298 362  1.8 303.3  0   1.0027 341.3000
1983 298 362  5.8 303.8  1   1.0027 341.3000
1983 305 363  1.0 304.2  0   1.0043 340.9000
1983 305 363  1.4 305.3  0   1.0043 340.9000
1983 313 364  0.9 303.2  0   1.0022 342.7000
1983 313 364  0.8 304.9  0   1.0022 342.7000
1983 319 365  1.7 303.1  0   1.0024 343.8000
1983 319 365  1.0 307.5  0   1.0024 343.8000
1983 326 366  1.2 304.4  0   1.0019 345.1000
1983 326 366  1.8 304.4  0   1.0019 345.1000
1983 332 367  1.4 303.8  0   1.0024 345.2000
1983 332 367  1.3 306.3  0   1.0024 345.2000
1983 340 368  1.2 305.3  0   1.0048 345.7000
1983 340 368  2.2 310.4  0   1.0048 345.7000
1983 347 369  1.7 307.0  0   1.0016 346.6000
1983 347 369  1.7 303.0  0   1.0016 346.6000
1983 354 370  1.6 306.1  0   1.0013 346.5000
1983 354 370  1.6 305.8  0   1.0013 346.5000
1983 361 371  1.8 305.4  0   1.0030 347.5000
1983 361 371  1.6 306.7  0   1.0030 347.5000
1984   3 372  0.8 305.1  0   1.0038 343.7000
1984   3 372  1.5 303.8  0   1.0038 343.7000
1984  10 373  1.4 304.3  0   1.0026 344.9000
1984  10 373  1.9 305.5  0   1.0026 344.9000
1984  18 374  0.2 305.0  0   1.0018 347.0000
1984  18 374  0.5 307.1  0   1.0018 347.0000
1984  23 375  0.6 304.7  0   1.0020 347.0000
1984  23 375  1.1 306.3  0   1.0020 347.0000
1984  32 376  0.6 304.1  0   1.0014 344.9000
1984  32 376  1.9 304.8  0   1.0014 344.9000
1984  37 377  1.7 307.0  0   1.0014 345.4000
1984  37 377  1.1 305.8  0   1.0014 345.4000
1984  44 378  1.0 304.2  0   1.0031 345.5000
1984  44 378  2.3 305.2  0   1.0031 345.5000
1984  52 379  1.6 303.4  0   1.0012 345.3000
1984  52 379  2.4 305.1  0   1.0012 345.3000
1984  59 380  1.1 304.4  0   1.0017 348.3000
1984  59 380  0.8 308.2  0   1.0017 348.3000
1984  65 381  2.1 306.3  0   1.0010 348.4000
1984  65 381  0.8 304.6  0   1.0010 348.4000
1984  72 382  1.2 303.4  0   1.0028 348.0000
1984  72 382  0.0 307.2  0   1.0028 348.0000
1984  79 383  2.0 300.6  0   1.0023 347.8000
1984  79 383  3.5 304.5  0   1.0023 347.8000
1984  86 384  1.1 304.0  0   1.0027 347.9000
1984  86 384  1.8 304.1  0   1.0027 347.9000
1984  93 385  2.0 305.6  0   1.0021 351.6000
1984  93 385  2.1 304.7  0   1.0021 351.6000
1984 101 386  1.2 304.7  0   1.0034 347.7000
1984 101 386  1.7 305.3  0   1.0034 347.7000
1984 107 387  0.8 305.0  0   1.0019 347.1000
1984 107 387  0.5 305.2  0   1.0019 347.1000
1984 114 388  1.3 305.4  0   1.0036 349.6000
1984 114 388  1.8 307.5  0   1.0036 349.6000
1984 124 389  0.4 304.6  0   1.0033 348.4000
1984 124 389  1.1 304.9  0   1.0033 348.4000
1984 128 390  2.7 305.9  0   1.0026 349.2000
1984 128 390  1.1 305.3  0   1.0026 349.2000
1984 135 391  2.1 307.0  0   1.0051 348.8000
1984 135 391  0.6 305.8  0   1.0051 348.8000
1984 142 392  2.3 306.4  0   1.0043 349.4000
1984 142 392  0.7 308.0  0   1.0043 349.4000
1984 149 393  2.6 304.9  0   1.0048 346.2000
1984 149 393  2.2 305.9  0   1.0048 346.2000
1984 156 394  1.3 306.7  0   1.0043 346.8000
1984 156 394  1.1 304.9  0   1.0043 346.8000
1984 163 395  1.1 308.2  0   1.0060 346.4000
1984 163 395  1.4 305.5  0   1.0060 346.4000
1984 170 396  0.6 307.2  0   1.0089 345.2000
1984 170 396  2.8 309.5  0   1.0089 345.2000
1984 177 397  0.9 307.1  0   1.0060 344.6000
1984 177 397  2.1 306.3  0   1.0060 344.6000
1984 184 398  1.3 306.0  0   1.0072 341.5000
1984 184 398  0.5 306.3  0   1.0072 341.5000
1984 191 399  0.3 305.3  0   1.0089 344.2000
1984 191 399  2.2 306.4  0   1.0089 344.2000
1984 198 400  1.4 307.2  0   1.0053 340.5000
1984 198 400  0.3 306.7  0   1.0053 340.5000
1984 208 401  1.8 307.8  0   1.0097 336.4000
1984 208 401  1.1 309.7  0   1.0097 336.4000
1984 212 402  2.0 306.5  0   1.0082 339.2000
1984 212 402  3.0 308.7  0   1.0082 339.2000
1984 219 403  0.4 307.0  0   1.0089 337.8000
1984 219 403  4.1 307.3  1   1.0089 337.8000
1984 226 404  2.6 307.1  0   1.0089 338.4000
1984 226 404  1.5 309.1  0   1.0089 338.4000
1984 234 405  0.6 307.7  0   1.0075 339.0000
1984 234 405  0.5 308.5  0   1.0075 339.0000
1984 240 406  1.1 307.7  0   1.0065 342.0000
1984 240 406  0.8 306.7  0   1.0065 342.0000
1984 248 407  1.0 305.8  8   1.0048 340.7100
1984 248 407  1.4 307.7  8   1.0048 340.7100
1984 254 408  0.3 307.0  8   1.0049 340.2600
1984 254 408  2.3 306.5  8   1.0049 340.2600
1984 261 409  2.5 306.0  8   1.0057 340.7800
1984 261 409  2.8 305.4  8   1.0057 340.7800
1984 268 410  1.6 306.2  8   1.0047 340.9300
1984 268 410  1.5 306.0  8   1.0047 340.9300
1984 278 411  4.0 305.5  9   1.0060 344.5200
1984 278 411  2.2 307.4  8   1.0060 344.5200
1984 282 412  1.1 304.8  8   1.0044 344.4600
1984 282 412  1.2 307.2  8   1.0044 344.4600
1984 290 413  1.7 307.0  8   1.0017 344.0000
1984 290 413  1.2 305.4  8   1.0017 344.0000
1984 297 414  1.8 306.1  8   1.0030 350.9300
1984 297 414  1.1 309.6  8   1.0030 350.9300
1984 303 415  1.4 306.8  8   1.0034 342.8800
1984 303 415  2.4 306.5  8   1.0034 342.8800
1984 310 416  1.9 306.1  8   1.0024 344.9000
1984 310 416  2.4 306.7  8   1.0024 344.9000
1984 317 417  2.3 306.5  8   1.0036 344.9300
1984 317 417  0.7 308.1  8   1.0036 344.9300
1984 324 418  1.2 306.4  8   1.0024 345.5800
1984 324 418  2.0 307.8  8   1.0024 345.5800
1984 331 419  1.5 308.0  8   1.0018 347.5000
1984 331 419  2.9 309.6  8   1.0018 347.5000
1984 338 420  1.6 305.6  8   1.0022 346.3500
1984 338 420  1.4 308.7  8   1.0022 346.3500
1984 345 421  1.3 307.9  8   1.0042 345.1200
1984 345 421  1.1 308.4  8   1.0042 345.1200
1984 352 422  0.6 308.9  8   1.0022 345.6000
1984 352 422  1.0 306.4  8   1.0022 345.6000
1984 361 423  1.1 308.4  8   1.0048 342.9700
1984 361 423  0.3 307.6  8   1.0048 342.9700
1984 366 424  0.6 309.3  8   1.0048 347.1700
1984 366 424  0.9 308.5  8   1.0048 347.1700
1985   7 425  0.3 308.7  8   1.0048 346.3700
1985   7 425  2.4 306.2  8   1.0048 346.3700
1985  14 426  1.4 307.4  8   1.0048 346.3600
1985  14 426  0.6 307.4  8   1.0048 346.3600
1985  22 427  1.2 309.0  8   1.0048 348.5400
1985  22 427  0.5 308.0  8   1.0048 348.5400
1985  29 428  1.9 309.6  8   1.0012 348.7700
1985  29 428  2.1 306.1  8   1.0012 348.7700
1985  36 429  0.8 309.1  8   1.0006 348.4300
1985  36 429  1.7 306.6  8   1.0006 348.4300
1985  43 430  2.4 309.8  8   1.0030 346.6700
1985  43 430  4.3 307.7  9   1.0030 346.6700
1985  50 431  1.4 308.4  8   1.0028 346.5300
1985  50 431  2.9 311.3  8   1.0028 346.5300
1985  64 433  2.9 305.7  0   1.0015 348.7900
1985  64 433  2.7 304.3  0   1.0015 348.7900
1985  71 434  2.5 303.6  0   1.0038 348.4800
1985  71 434  2.1 305.9  0   1.0038 348.4800
1985  81 435  3.3 304.4  0   1.0014 350.5900
1985  81 435  2.9 306.4  0   1.0014 350.5900
1985  85 436  1.6 305.4  0   1.0041 347.7400
1985  85 436  0.4 304.7  0   1.0041 347.7400
1985  92 437  2.3 307.1  0   1.0041 348.6600
1985  92 437  2.4 305.6  0   1.0041 348.6600
1985  98 438  0.7 305.4  0   1.0048 349.3000
1985  98 438  1.0 306.2  0   1.0048 349.3000
1985 106 439  1.3 305.2  0   1.0037 348.3100
1985 106 439  1.8 306.4  0   1.0037 348.3100
1985 113 440  1.4 305.4  0   1.0029 348.3900
1985 113 440  0.8 306.8  0   1.0029 348.3900
1985 120 441  0.3 304.4  0   1.0057 348.5700
1985 120 441  2.0 304.2  0   1.0057 348.5700
1985 127 442  2.2 306.9  0   1.0051 348.5900
1985 127 442  1.1 306.1  0   1.0051 348.5900
1985 134 443  3.0 303.3  0   1.0039 348.7800
1985 134 443  2.2 302.9  0   1.0039 348.7800
1985 143 444  2.9 301.9  0   1.0045 346.4600
1985 143 444  1.6 305.1  0   1.0045 346.4600
1985 148 445  3.2 306.9  0   1.0045 349.2400
1985 148 445  2.7 304.1  0   1.0045 349.2400
1985 156 446  2.8 302.9  0   1.0055 348.1500
1985 156 446  2.8 301.1  0   1.0055 348.1500
1985 161 447  2.4 301.0  0   1.0063 346.8200
1985 161 447  3.9 302.5  1   1.0063 346.8200
1985 176 449  1.3 301.1  0   1.0067 368.5600
1985 176 449  2.0 303.1  0   1.0067 368.5600
1985 183 450  2.0 306.7  0   1.0051 344.6900
1985 183 450  2.2 309.3  0   1.0051 344.6900
1985 191 451  2.4 303.3  0   1.0048 342.2900
1985 191 451  1.8 306.6  0   1.0048 342.2900
1985 197 452  0.8 306.8  0   1.0048 343.7000
1985 197 452  2.6 305.1  0   1.0048 343.7000
1985 204 453  2.9 304.5  0   1.0048 346.9600
1985 204 453  2.6 305.9  0   1.0048 346.9600
1985 211 454  3.9 304.3  1   1.0048 345.6400
1985 211 454  1.7 307.2  0   1.0048 345.6400
1985 218 455  1.7 305.0  0   1.0048 343.7500
1985 218 455  1.7 308.0  0   1.0048 343.7500
1985 225 456  1.9 305.3  0   1.0042 337.0600
1985 225 456  1.7 305.5  0   1.0042 337.0600
1985 232 457  1.5 304.9  0   1.0043 342.2400
1985 232 457  2.9 305.3  0   1.0043 342.2400
1985 239 458  3.2 303.7  0   1.0048 341.9800
1985 239 458  2.1 306.0  0   1.0048 341.9800
1985 246 459  0.8 305.4  0   1.0047 343.7200
1985 246 459  0.7 308.1  0   1.0047 343.7200
1985 256 460  2.4 301.2  0   1.0042 340.3100
1985 256 460  3.9 303.1  1   1.0042 340.3100
1985 259 461  1.3 300.2  4   1.0012 342.6500
1985 259 461  0.0 301.0  0   1.0012 342.6500
1985 267 462  4.3 302.6  1   1.0032 342.0100
1985 267 462  2.5 301.4  0   1.0032 342.0100
1985 274 463  2.4 301.6  0   1.0017 341.8400
1985 274 463  2.8 299.3  4   1.0017 341.8400
1985 281 464  2.5 300.9  4   1.0034 351.0500
1985 281 464  2.0 301.4  0   1.0034 351.0500
1985 288 465  3.4 300.0  4   1.0022 342.2100
1985 288 465  2.5 303.3  0   1.0022 342.2100
1985 295 466  4.7 298.9  5   1.0029 344.4000
1985 295 466  3.5 302.3  0   1.0029 344.4000
1985 302 467  3.3 300.8  4   1.0014 343.1800
1985 302 467  1.5 301.3  0   1.0014 343.1800
1985 309 468  2.0 301.3  0   1.0016 344.7700
1985 309 468  2.4 305.6  0   1.0016 344.7700
1985 316 469  2.3 304.8  0   1.0008 347.8600
1985 316 469  3.1 299.1  4   1.0008 347.8600
1985 323 470  1.8 302.2  0   1.0005 348.9500
1985 323 470  2.6 299.4  4   1.0005 348.9500
1985 330 471  2.6 301.6  0   1.0010 345.7200
1985 330 471  2.0 302.5  0   1.0010 345.7200
1985 337 472  2.0 304.0  0   1.0048 346.4800
1985 337 472  2.0 301.8  0   1.0048 346.4800
1985 345 473  3.1 301.2  0   1.0005 348.1200
1985 345 473  1.6 301.1  4   1.0005 348.1200
1985 351 474  2.4 300.8  4   1.0008 347.4700
1985 351 474  2.3 300.6  4   1.0008 347.4700
1985 358 475  1.9 300.6  4   1.0008 347.9000
1985 358 475  3.0 298.8  4   1.0008 347.9000
1986   7 476  2.2 300.4  4   1.0004 347.2200
1986   7 476  1.7 301.4  0   1.0004 347.2200
1986  14 477  1.7 301.5  0   1.0004 345.7400
1986  14 477  2.0 301.5  0   1.0004 345.7400
1986  21 478  1.3 300.9  4   1.0007 348.6700
1986  21 478  1.9 301.6  0   1.0007 348.6700
1986  28 479  1.1 302.0  0   1.0006 346.5200
1986  28 479  0.5 302.1  0   1.0006 346.5200
1986  35 480  1.5 300.9  4   1.0006 349.4300
1986  35 480  1.5 301.6  0   1.0006 349.4300
1986  42 481  3.0 302.1  0   1.0005 351.0400
1986  42 481  0.9 301.9  0   1.0005 351.0400
1986  56 482  0.2 302.8  0   1.0017 349.5900
1986  56 482  1.2 300.2  4   1.0017 349.5900
1986  63 483  3.0 301.3  4   1.0004 348.1900
1986  63 483  1.2 301.8  0   1.0004 348.1900
1986  70 484  3.0 300.7  4   1.0008 349.4100
1986  70 484  1.1 302.2  0   1.0008 349.4100
1986  77 485  0.9 300.5  4   1.0007 356.8400
1986  77 485  1.9 302.7  0   1.0007 356.8400
1986  84 486  1.2 301.0  4   1.0017 348.5100
1986  84 486  0.9 303.1  0   1.0017 348.5100
1986  91 487  1.5 300.6  4   1.0021 347.9700
1986  91 487  1.1 300.8  4   1.0021 347.9700
1986 105 488  1.6 302.6  0   1.0011 349.5600
1986 112 489  1.9 300.8  4   1.0012 348.5500
1986 112 489  2.5 302.3  0   1.0012 348.5500
1986 119 490  3.1 300.7  4   1.0016 349.7000
1986 119 490  2.6 302.4  0   1.0016 349.7000
1986 127 491  1.9 302.4  0   1.0015 349.7100
1986 127 491  3.0 301.4  4   1.0015 349.7100
1986 133 492  1.9 301.8  0   1.0012 349.0900
1986 133 492  1.6 301.4  4   1.0012 349.0900
1986 140 493  0.8 299.9  4   1.0020 347.7600
1986 140 493  0.9 302.0  0   1.0020 347.7600
1986 148 494  2.3 302.5  0   1.0014 346.3900
1986 148 494  3.7 302.7  0   1.0014 346.3900
1986 154 495  3.2 299.9  4   1.0019 345.6000
1986 154 495  3.4 302.8  0   1.0019 345.6000
1986 161 496  2.6 300.8  4   1.0015 346.2500
1986 161 496  2.5 307.5  2   1.0015 346.2500
1986 168 497  1.7 301.7  0   1.0020 346.3900
1986 168 497  1.9 302.1  0   1.0020 346.3900
1986 176 498  1.9 300.6  4   1.0005 342.5300
1986 176 498  2.2 301.5  4   1.0005 342.5300
1986 182 499  3.5 301.8  0   1.0017 343.8400
1986 182 499  2.4 302.6  0   1.0017 343.8400
1986 189 500  0.4 302.5  0   1.0022 343.6200
1986 189 500  2.1 303.0  0   1.0022 343.6200
1986 197 501  2.0 302.5  0   1.0016 346.3700
1986 197 501  2.2 299.6  4   1.0016 346.3700
1986 203 502  3.8 304.6  0   1.0065 341.1800
1986 203 502  2.2 305.5  0   1.0065 341.1800
1986 210 503  1.1 301.5  4   1.0015 345.8500
1986 210 503  1.3 303.4  0   1.0015 345.8500
1986 217 504  2.2 303.6  0   1.0017 343.4400
1986 224 505  2.2 302.7  0   1.0021 342.9800
1986 224 505  4.0 300.8  5   1.0021 342.9800
1986 231 506  2.3 301.0  4   1.0019 346.3600
1986 231 506  2.3 299.2  4   1.0019 346.3600
1986 241 507  2.1 300.6  4   1.0023 341.6100
1986 241 507  1.8 302.0  0   1.0023 341.6100
1986 245 508  2.2 301.4  4   1.0017 342.6000
1986 245 508  0.5 304.4  0   1.0017 342.6000
1986 252 509  2.0 301.1  4   1.0021 343.7200
1986 252 509  6.2 300.8  5   1.0021 343.7200
1986 259 510  2.3 301.5  4   1.0017 344.9700
1986 266 511  1.4 301.5  4   1.0020 344.4400
1986 266 511  2.9 301.8  4   1.0020 344.4400
1986 273 512  1.5 303.1  0   1.0013 344.8000
1986 273 512  1.6 300.8  4   1.0013 344.8000
1986 280 513  1.8 302.6  0   1.0016 343.7200
1986 280 513  1.8 301.2  4   1.0016 343.7200
1986 288 514  2.4 301.7  4   1.0008 344.2000
1986 294 515  2.1 301.3  4   1.0055 344.5100
1986 294 515  2.8 302.6  0   1.0055 344.5100
1986 301 516  1.8 302.6  0   1.0015 345.3600
1986 301 516  0.6 304.7  0   1.0015 345.3600
1986 308 517  3.0 379.6 20   1.0009 -99.9900
1986 308 517  2.8 379.3 20   1.0009 -99.9900
1986 315 518  3.9 378.1 21   1.0006 -99.9900
1986 315 518  3.4 381.7 20   1.0006 -99.9900
1986 322 519  1.7 380.5 20   1.0014 -99.9900
1986 322 519  3.6 377.2 20   1.0014 -99.9900
1986 329 520  2.4 380.7 20   1.0025 -99.9900
1986 329 520  3.2 380.3 20   1.0025 -99.9900
1986 336 521  2.6 380.8 20   1.0008 -99.9900
1986 336 521  3.9 378.8 21   1.0008 -99.9900
1986 344 522  2.7 382.7 20   1.0009 -99.9900
1986 344 522  3.5 380.5 20   1.0009 -99.9900
1986 350 523  0.6 370.2 20   1.0011 -99.9900
1986 350 523  3.4 382.6 22   1.0011 -99.9900
1986 357 524  2.7 377.3 20   1.0028 -99.9900
1986 357 524  2.2 380.2 20   1.0028 -99.9900
1986 364 525  3.7 379.1 20   1.0012 -99.9900
1986 364 525  2.2 379.3 20   1.0012 -99.9900
