WEEKLY (ROUGHLY) FREON-12 READINGS AT POINT BARROW (ALASKA) 1/77 TO 12/86
JIM ELKINS (NOAA) FTS 320-6224    JIM'S NAME FOR FILE = BRWF12_WK.DAT
NUMBER OF OBSERVATIONS = 899
RESPONSE VARIABLE = MEAN FREON-12 CONCENTRATION (IN PARTS PER TRILLION)
ORDER OF VARIABLES ON A LINE IMAGE--
   1. YEAR (1977 TO 1986)
   2. DAY OF YEAR (1 TO 365)
   3. SAMPLE BOTTLE (OF ONLY MINOR INTEREST)
   4. STANDARD DEVIATION (OVER 3 OBSERVATIONS)
   5. MEAN (OVER 3 OBSERVATIONS) FREON-12 CONCENTRATION (PPT)
   6. VALIDITY FLAG (ONLY USE DATA WITH FLAG = 0)
   7. WATER VAPOR
   8. CO2
NOTE--ONLY USE DATA WITH VALIDTY FLAG = 0
      POLLUTION = COMBINATION OF HIGH CO2 AND HIGH FREON
                  WHEN FREON HIGH, EXPECT HIGH CO2 (POLLUTION)
                  CO2 COMES FROM COMBUSITON OF FOSSIL FUELS
                  FREON COME FROM AIR CONDITIONS
      AT MOST SITES, THERE SHOULD BE A SEASONAL EFFECT FOR CO2)
      AT POINT BARROW, THERE IS ALSO A SEASONAL EFFECT FOR FREON-11)
QUESTIONS--
   TRENDS AND CYCLES OVER TIME?
   RELATIONSHIP BETWEEN FREON AND WATER VAPOR?
   RELATIONSHIP BETWEEN FREON AND CO2?
   SAME PATTERNS AT ALL 5 SITES?
1977   6 111  0.0   0.0 36   1.0012 -99.9900
1977  12 112  0.0   0.0 36   1.0004 -99.9900
1977  26 113  0.0   0.0 36   1.0010 -99.9900
1977  46 114  0.0   0.0 36   1.0008 -99.9900
1977  53 115  0.0   0.0 36   1.0010 -99.9900
1977  70 116  0.0   0.0 36   1.0006 -99.9900
1977  78 117  0.0   0.0 36   1.0007 -99.9900
1977  83 118  0.0   0.0 36   1.0005 -99.9900
1977  98 119  0.0   0.0 36   1.0008 -99.9900
1977 103 120  0.0   0.0 36   1.0007 -99.9900
1977 110 121  0.0   0.0 36   1.0020 -99.9900
1977 122 122  5.6 467.5 36   1.0017 -99.9900
1977 144 124 12.7 850.8 37   1.0031 -99.9900
1977 153 125  1.3 265.3 32   1.0048 -99.9900
1977 167 127  0.0 313.4 36   1.0062 -99.9900
1977 215 128  1.5 255.1  2
1977 215 128  2.7 275.8  2   1.0094 328.5300
1977 220 129 24.8 314.3  5   1.0077 325.6400
1977 220 129  3.6 333.9  6   1.0077 325.6400
1977 229 130  5.4 264.3  2
1977 229 130  4.0 277.8  2   1.0139 328.1900
1977 247 131  1.5 256.4  2
1977 247 131  2.2 274.1  2   1.0106 329.2900
1977 254 132  6.9 258.9  1   1.0056 326.2600
1977 254 132  1.2 250.4  0   1.0056 326.2600
1977 260 133  1.3 251.4  2
1977 260 133  3.3 270.8  2   1.0056 327.1100
1977 271 134  3.2 258.6  2
1977 271 134  1.6 274.6  2   1.0044 327.8800
1977 281 135  1.8 265.6  2
1977 281 135  3.6 249.5  2   1.0048 -99.9900
1977 284 136  3.3 254.4  2
1977 284 136  7.8 276.2  3   1.0037 329.3500
1977 293 137  4.0 266.4  2
1977 293 137  2.8 288.7  2   1.0033 331.0400
1977 306 138  2.7 266.3  2
1977 306 138  2.9 277.8  2   1.0012 332.5700
1977 313 139  2.0 255.6  2
1977 313 139  0.4 269.9  2   1.0008 333.1400
1977 318 140  3.5 271.1  0   1.0009 -99.9900
1977 318 140  0.8 276.0  0   1.0009 -99.9900
1977 330 141  3.0 311.5  4   1.0008 340.5600
1977 330 141  3.6 332.8  6   1.0008 340.5600
1977 345 142  1.1 275.0  0   1.0006 340.1200
1977 345 142  4.2 284.1  0   1.0006 340.1200
1977 351 143  3.4 291.9  0   1.0004 339.5800
1977 351 143  0.9 293.5  0   1.0004 339.5800
1977 363 144  8.0 274.6  1   1.0014 339.3700
1977 363 144  2.0 278.3  0   1.0014 339.3700
1978   6 145  2.7 267.8  2
1978   6 145  4.8 283.9  2   1.0009 338.7400
1978  13 146  1.8 270.5  0   1.0019 338.9300
1978  13 146  1.3 268.0  0   1.0019 338.9300
1978  18 147 37.0 851.3  5   1.0010 340.4700
1978  18 147 19.0 851.3  5   1.0010 340.4700
1978  28 148  5.1 301.1  4   1.0006 339.3700
1978  28 148  3.6 398.2  6   1.0006 339.3700
1978  33 149  5.7 265.9  2
1978  33 149  0.6 301.5  6   1.0006 339.0600
1978  40 150  0.1 287.6  0   1.0003 341.3500
1978  40 150  1.8 294.4  0   1.0003 341.3500
1978  45 151  2.0 270.9  0   1.0008 339.6000
1978  45 151  0.5 277.5  0   1.0008 339.6000
1978  54 152  5.8 299.6  0   1.0008 340.3900
1978  54 152  2.3 303.6  4   1.0008 340.3900
1978  64 153  2.1 803.2  4   1.0007 340.9200
1978  64 153  1.8 802.5  4   1.0007 340.9200
1978  67 154  2.6 277.9  0   1.0010 342.6000
1978  67 154  1.4 286.3  0   1.0010 342.6000
1978  78 155  1.9 287.2  2
1978  78 155  2.2 326.2  6   1.0012 341.5900
1978  86 156  8.4 262.1  1   1.0009 341.9900
1978  86 156  6.2 269.3  1   1.0009 341.9900
1978  93 157  2.7 265.2  0   1.0007 341.3900
1978  93 157  1.8 257.8  0   1.0007 341.3900
1978 101 158  3.2 248.5  0   1.0008 341.2200
1978 101 158  1.5 258.2  0   1.0008 341.2200
1978 108 159  9.5 261.5  1   1.0023 341.4100
1978 108 159  8.1 268.7  1   1.0023 341.4100
1978 115 160  2.8 277.1  2
1978 115 160  1.7 260.4  2   1.0020 340.8100
1978 122 161  3.8 262.3  0   1.0022 340.7900
1978 122 161  3.4 271.9  0   1.0022 340.7900
1978 128 162  0.6 266.3  2
1978 128 162  4.4 287.8  2   1.0017 340.7600
1978 135 163  3.1 271.1  2
1978 135 163  4.9 260.2  2   1.0020 340.8000
1978 142 164 16.2 276.5  1   1.0040 340.7700
1978 142 164  9.5 279.3  1   1.0040 340.7700
1978 150 165  2.4 273.6  2
1978 150 165  0.7 260.9  2   1.0053 341.4700
1978 160 166  3.7 269.3  2
1978 160 166  2.1 282.3  2   1.0054 340.1000
1978 164 167  4.0 277.6  2
1978 164 167  1.0 266.0  2   1.0052 339.9400
1978 173 168  3.3 281.3  2
1978 173 168  1.4 262.6  2   1.0040 339.4000
1978 179 169  2.8 283.8  2
1978 179 169  6.8 270.3  3   1.0058 338.3600
1978 187 170  1.7 264.7  2
1978 187 170  3.6 283.9  2   1.0075 334.8600
1978 193 171  6.8 279.6  1   1.0062 332.1800
1978 193 171  0.9 268.2  2   1.0062 332.1800
1978 199 172  2.0 266.7  0   1.0067 331.9500
1978 199 172  1.2 273.4  0   1.0067 331.9500
1978 212 173  4.2 275.8  0   1.0153 330.6500
1978 212 173  1.7 277.9  0   1.0153 330.6500
1978 221 174  0.7 269.0  2
1978 221 174  4.6 284.8  2   1.0053 327.9200
1978 228 175  6.4 317.0  5   1.0055 327.9400
1978 238 176  6.0 266.4  2
1978 238 176  0.4 287.7  2   1.0066 325.1600
1978 242 177  6.4 288.8  1   1.0098 332.1400
1978 242 177  8.0 272.1  3   1.0098 332.1400
1978 248 178  1.0 285.2  0   1.0103 329.1300
1978 256 179  5.7 289.6  0   1.0069 327.4500
1978 261 180  4.2 288.7  2
1978 261 180  7.8 277.1  3   1.0044 327.2200
1978 268 181  1.1 284.1  0   1.0062 332.7400
1978 268 181  1.2 280.0  0   1.0062 332.7400
1978 277 182  1.8 283.8  2
1978 277 182  1.0 313.3  6   1.0030 329.3400
1978 286 183  0.3 282.4  0   1.0040 332.8800
1978 286 183  1.6 290.3  0   1.0040 332.8800
1978 290 184  1.6 285.4  0   1.0014 332.4000
1978 290 184  1.2 292.6  0   1.0014 332.4000
1978 297 185  1.2 328.5  4   1.0010 337.6000
1978 297 185  0.5 293.3  2   1.0010 337.6000
1978 304 186  0.9 292.4  0   1.0008 336.7800
1978 304 186  1.0 300.7  0   1.0008 336.7800
1978 316 187  1.0 287.3  0   1.0030 338.4700
1978 316 187  3.6 287.9  0   1.0030 338.4700
1978 320 188  0.3 294.8  0   1.0008 340.0700
1978 320 188  0.4 296.3  0   1.0008 340.0700
1978 329 189  0.5 301.4  0   1.0010 340.5500
1978 329 189  0.4 295.5  0   1.0010 340.5500
1978 341 190  0.1 284.7  0   1.0010 339.2000
1978 346 191  2.9 297.4  0   1.0006 338.0100
1978 346 191  1.0 291.0  0   1.0006 338.0100
1978 354 192  4.2 299.3  0   1.0004 339.2000
1978 354 192  1.8 309.1  0   1.0004 339.2000
1978 361 193  0.2 287.2  0   1.0003 340.5100
1978 361 193  0.8 286.9  0   1.0003 340.5100
1979   3 194  2.6 296.2  0   1.0022 339.6800
1979   3 194  0.3 289.5  0   1.0022 339.6800
1979   8 195  0.5 277.9  0   1.0012 338.1600
1979   8 195  1.7 275.1  0   1.0012 338.1600
1979  15 196  1.4 286.3  0   1.0010 340.4500
1979  15 196  6.8 283.6  1   1.0010 340.4500
1979  18 197  1.1 299.3  0   1.0013 340.6500
1979  18 197  3.2 292.0  0   1.0013 340.6500
1979  33 198  2.7 281.3  0   1.0004 342.3300
1979  33 198  0.4 286.9  0   1.0004 342.3300
1979  39 199  1.4 307.9  2
1979  39 199  3.7 289.4  2   1.0007 340.4100
1979  43 200  2.7 301.9  0   1.0004 340.3200
1979  43 200  2.8 300.5  0   1.0004 340.3200
1979  49 201  1.2 285.2  0   1.0005 340.8300
1979  49 201  0.9 282.9  0   1.0005 340.8300
1979  57 202  0.6 289.7  0   1.0005 343.2300
1979  57 202  1.8 294.1  0   1.0005 343.2300
1979  64 203  2.3 297.5  0   1.0005 342.8800
1979  64 203  1.2 299.6  0   1.0005 342.8800
1979  71 204  3.6 284.7  0   1.0004 341.9200
1979  71 204  0.5 289.3  0   1.0004 341.9200
1979  78 205  0.0 307.6  0   1.0004 343.1900
1979  78 205  0.8 309.5  0   1.0004 343.1900
1979  86 206  1.0 295.4  0   1.0016 341.4200
1979  86 206  2.0 288.8  0   1.0016 341.4200
1979  94 207  0.8 290.0  0   1.0008 341.6800
1979  94 207  2.2 290.4  0   1.0008 341.6800
1979 102 208  1.0 288.7  0   1.0006 342.3800
1979 102 208  2.2 287.6  0   1.0006 342.3800
1979 108 209  1.0 288.2  0   1.0008 342.1000
1979 108 209  1.0 292.8  0   1.0008 342.1000
1979 114 210  1.2 291.7  0   1.0037 342.5000
1979 114 210  1.5 290.8  0   1.0037 342.5000
1979 121 211  1.5 288.4  0   1.0034 343.2700
1979 127 212  1.1 289.7  0   1.0040 342.4800
1979 127 212  1.2 289.7  0   1.0040 342.4800
1979 135 213  2.0 383.9  4   1.0024 342.7700
1979 135 213  3.7 376.9  4   1.0024 342.7700
1979 141 214  1.1 291.4  0   1.0026 342.4500
1979 141 214  0.9 288.0  0   1.0026 342.4500
1979 151 215  0.6 299.8  2
1979 151 215  1.0 315.8  2   1.0060 343.0600
1979 155 216  2.5 293.4  0   1.0052 343.1700
1979 155 216  0.4 289.6  0   1.0052 343.1700
1979 166 217  0.2 289.3  0   1.0050 342.3100
1979 166 217  0.1 289.0  0   1.0050 342.3100
1979 169 218  1.7 304.6  0   1.0058 341.3000
1979 169 218  3.0 296.9  0   1.0058 341.3000
1979 176 219  2.2 292.7  0   1.0048 341.2500
1979 176 219  2.9 292.8  0   1.0048 341.2500
1979 183 220  1.7 289.7  0   1.0086 336.5700
1979 183 220  1.2 294.2  0   1.0086 336.5700
1979 195 221  2.1 296.3  0   1.0102 331.3900
1979 195 221  1.4 292.7  0   1.0102 331.3900
1979 200 222  1.6 297.1  0   1.0110 328.0500
1979 200 222  1.6 297.0  0   1.0110 328.0500
1979 204 223  2.1 293.3  0   1.0075 330.1600
1979 204 223  0.7 295.1  0   1.0075 330.1600
1979 211 224  1.8 296.5  0   1.0085 328.3000
1979 211 224  1.5 298.7  0   1.0085 328.3000
1979 218 225  1.0 295.6  0   1.0066 329.1700
1979 218 225  0.9 291.6  0   1.0066 329.1700
1979 225 226  1.5 295.0  0   1.0088 326.5300
1979 225 226  0.4 293.8  0   1.0088 326.5300
1979 240 228  0.7 350.1  4   1.0068 327.9500
1979 240 228  2.3 324.8  2   1.0068 327.9500
1979 249 229 16.4 300.5  1   1.0074 328.5700
1979 249 229  3.7 298.3  0   1.0074 328.5700
1979 253 230  3.2 301.5  0   1.0058 328.7600
1979 253 230  1.8 302.5  0   1.0058 328.7600
1979 262 231  1.7 300.9  0   1.0045 329.9800
1979 262 231  2.6 307.9  0   1.0045 329.9800
1979 268 232  1.2 298.7  0   1.0060 329.0800
1979 268 232  6.8 299.7  1   1.0060 329.0800
1979 274 233  3.2 299.0  0   1.0052 331.6900
1979 274 233  1.3 299.0  0   1.0052 331.6900
1979 281 234  0.2 302.8  0   1.0040 331.7700
1979 281 234  0.6 299.9  0   1.0040 331.7700
1979 289 235  1.2 296.8  0   1.0021 332.9500
1979 289 235  1.5 299.3  0   1.0021 332.9500
1979 295 236  1.3 295.2  0   1.0029 333.8800
1979 295 236  1.3 297.3  0   1.0029 333.8800
1979 302 237  1.3 293.3  0   1.0014 335.4300
1979 302 237  0.3 297.0  0   1.0014 335.4300
1979 309 238  5.0 294.1  0   1.0018 337.6400
1979 309 238  0.3 300.8  0   1.0018 337.6400
1979 319 239  3.1 293.2  0   1.0015 336.8000
1979 319 239  2.4 297.8  0   1.0015 336.8000
1979 326 240  4.1 302.9  0   1.0007 336.7400
1979 338 241  3.6 304.2  0   1.0007 341.1900
1979 338 241  1.2 301.2  0   1.0007 341.1900
1979 348 242  1.8 304.1  0   1.0024 341.1300
1979 352 243  2.3 307.6  0   1.0009 343.1000
1979 352 243  2.1 307.2  0   1.0009 343.1000
1979 358 244  2.0 309.8  0   1.0004 341.2300
1979 358 244  0.8 303.4  0   1.0004 341.2300
1980   4 245  2.1 309.6  0   1.0003 341.5000
1980   4 245  1.1 302.8  0   1.0003 341.5000
1980  10 246  0.9 311.6  0   1.0004 343.2000
1980  10 246  2.6 305.4  0   1.0004 343.2000
1980  15 247  1.4 303.1  0   1.0003 340.8100
1980  15 247  1.0 305.2  0   1.0003 340.8100
1980  22 248  5.7 308.9  0   1.0018 341.9700
1980  22 248  0.7 312.3  0   1.0018 341.9700
1980  31 249  0.7 303.9  0   1.0004 342.1200
1980  31 249  1.9 307.3  0   1.0004 342.1200
1980  37 250  0.8 304.3  0   1.0006 342.2200
1980  37 250  0.2 305.5  0   1.0006 342.2200
1980  42 251  0.5 300.6  0   1.0022 341.3800
1980  42 251  1.9 304.1  0   1.0022 341.3800
1980  50 252  0.1 303.9  0   1.0004 343.5500
1980  50 252  0.5 303.3  0   1.0004 343.5500
1980  56 253  1.2 298.7  0   1.0017 342.5900
1980  56 253  2.4 298.1  0   1.0017 342.5900
1980  71 255  0.6 302.7  0   1.0006 344.8600
1980  71 255  0.8 303.9  0   1.0006 344.8600
1980  80 256  2.2 303.9  0   1.0009 344.4600
1980  80 256  0.8 300.0  0   1.0009 344.4600
1980  84 257  1.0 307.5  0   1.0018 344.4400
1980  84 257  2.4 308.0  0   1.0018 344.4400
1980  91 258  3.3 305.1  0   1.0007 344.1200
1980  91 258  1.0 307.5  0   1.0007 344.1200
1980  98 259  0.7 312.0  0   1.0008 344.8000
1980  98 259  5.3 308.9  0   1.0008 344.8000
1980 106 260  1.1 312.7  0   1.0011 345.0500
1980 106 260  1.6 310.5  0   1.0011 345.0500
1980 112 261  7.7 307.7  1   1.0013 345.3000
1980 112 261  1.7 309.2  0   1.0013 345.3000
1980 122 262  3.7 356.3  4   1.0026 345.3000
1980 122 262  1.4 338.6  2   1.0026 345.3000
1980 126 263  2.5 314.9  0   1.0020 345.4000
1980 126 263  1.4 310.4  0   1.0020 345.4000
1980 134 264  1.7 313.4  0   1.0037 344.0900
1980 134 264  1.0 312.6  0   1.0037 344.0900
1980 143 265  1.8 308.3  0   1.0029 342.4900
1980 143 265  1.1 307.8  0   1.0029 342.4900
1980 148 266  1.2 307.8  0   1.0052 342.5000
1980 148 266  0.9 307.9  0   1.0052 342.5000
1980 154 267  2.0 314.0  0   1.0044 343.7900
1980 154 267  0.5 312.1  0   1.0044 343.7900
1980 164 268  0.8 306.7  0   1.0076 343.2000
1980 164 268  0.3 304.6  0   1.0076 343.2000
1980 168 269  1.4 309.1  0   1.0055 343.1800
1980 168 269  3.1 304.1  0   1.0055 343.1800
1980 177 270  2.5 310.2  2
1980 177 270 10.6 323.7  3   1.0068 340.7700
1980 183 271  4.6 342.4  2
1980 183 271  2.2 317.5  2   1.0066 340.1000
1980 189 272  1.3 305.3  0   1.0060 340.0100
1980 189 272  1.6 309.3  0   1.0060 340.0100
1980 196 273  1.7 302.2  0   1.0062 339.7500
1980 196 273  2.7 303.0  0   1.0062 339.7500
1980 204 274  2.1 305.0  0   1.0061 336.3500
1980 204 274  5.8 301.4  0   1.0061 336.3500
1980 211 275  2.3 308.8  0   1.0056 334.9900
1980 211 275  4.9 303.7  0   1.0056 334.9900
1980 220 276  0.7 313.1  0   1.0066 332.6700
1980 220 276  3.3 307.5  0   1.0066 332.6700
1980 228 277  1.1 306.2  0   1.0052 331.7600
1980 228 277  0.5 308.3  0   1.0052 331.7600
1980 241 278  8.5 976.3  5   1.0037 331.1400
1980 241 278  3.6 976.3  4   1.0037 331.1400
1980 254 279  1.1 303.7  0   1.0049 331.7000
1980 254 279  1.4 307.9  0   1.0049 331.7000
1980 262 280  2.7 309.7  0   1.0045 332.7000
1980 262 280  3.0 315.6  0   1.0045 332.7000
1980 269 281  2.6 317.3  0   1.0039 335.4000
1980 269 281  3.6 311.1  0   1.0039 335.4000
1980 273 282  1.4 326.1  0   1.0025 335.1800
1980 273 282  0.4 321.1  0   1.0025 335.1800
1980 281 283  2.1 311.8  0   1.0019 337.9000
1980 281 283  1.3 313.0  0   1.0019 337.9000
1980 289 284  1.3 314.7  0   1.0032 347.1800
1980 289 284  2.0 315.7  0   1.0032 347.1800
1980 295 285  1.0 313.3  2
1980 295 285  3.8 289.9  2   1.0017 344.6300
1980 302 286  1.2 311.4  0   1.0033 341.7100
1980 302 286  2.0 310.9  0   1.0033 341.7100
1980 306 287  0.5 318.9  0   1.0031 344.8500
1980 306 287  2.5 312.8  0   1.0031 344.8500
1980 308 288  0.8 328.9  0   1.0008 344.4500
1980 308 288  3.0 327.2  0   1.0008 344.4500
1980 323 289  5.2 330.1  0   1.0010 344.6900
1980 323 289  3.2 322.8  0   1.0010 344.6900
1980 330 290  0.9 317.9  0   1.0008 343.3600
1980 330 290  2.2 315.3  0   1.0008 343.3600
1980 339 291  4.0 328.3  0   1.0009 343.0100
1980 339 291  1.1 331.2  0   1.0009 343.0100
1980 344 292  0.7 451.7  4   1.0020 341.3700
1980 344 292  2.9 440.0  6   1.0020 341.3700
1980 350 293  3.3 332.3  0   1.0007 345.1800
1980 350 293  0.9 326.4  0   1.0007 345.1800
1980 360 294  1.1 330.9  0   1.0005 352.4700
1980 360 294  0.6 330.9  0   1.0005 352.4700
1981  13 295  0.6 322.0  0   1.0013 347.4900
1981  13 295  1.2 320.4  0   1.0013 347.4900
1981  19 296  0.7 311.6  0   1.0019 343.8000
1981  19 296  0.6 311.9  0   1.0019 343.8000
1981  27 297  0.4 319.8  0   1.0011 344.9200
1981  27 297  1.6 317.6  0   1.0011 344.9200
1981  33 298  1.9 311.4  0   1.0017 344.3800
1981  33 298  0.3 312.0  0   1.0017 344.3800
1981  40 299  1.7 327.0  2
1981  40 299  0.7 363.7  6   1.0010 347.2800
1981  50 300  1.4 324.2  0   1.0004 348.7600
1981  50 300  0.8 322.8  0   1.0004 348.7600
1981  62 301  0.2 315.9  0   1.0005 345.1400
1981  62 301  2.7 317.0  0   1.0005 345.1400
1981  72 302  0.5 323.2  0   1.0008 345.6800
1981  72 302  1.7 325.1  0   1.0008 345.6800
1981  75 303  1.4 325.1  0   1.0010 343.7500
1981  75 303  0.4 325.1  0   1.0010 343.7500
1981  82 304  1.5 316.7  0   1.0009 343.9500
1981  82 304  2.4 321.7  0   1.0009 343.9500
1981  89 305  0.7 324.0  0   1.0012 344.5700
1981  89 305  0.0 319.0  0   1.0012 344.5700
1981  97 306  1.1 324.6  0   1.0013 345.4400
1981  97 306  0.8 318.8  0   1.0013 345.4400
1981 103 307  0.3 355.5  0   1.0014 345.7100
1981 103 307  1.2 347.2  0   1.0014 345.7100
1981 110 308  2.1 332.1  0   1.0016 346.1900
1981 110 308  0.4 324.3  0   1.0016 346.1900
1981 124 309  1.7 320.5  0   1.0024 345.6600
1981 124 309  0.4 321.2  0   1.0024 345.6600
1981 134 310  1.2 324.7  0   1.0030 346.7700
1981 134 310  1.5 320.9  0   1.0030 346.7700
1981 139 311  1.1 336.6  0   1.0032 346.1700
1981 139 311  1.7 330.1  0   1.0032 346.1700
1981 146 312  1.2 343.0  0   1.0048 346.3000
1981 146 312  1.3 337.1  0   1.0048 346.3000
1981 160 313  0.7 322.4  0   1.0061 346.3200
1981 160 313  1.1 323.6  0   1.0061 346.3200
1981 174 314  1.7 320.6  0   1.0062 343.4100
1981 174 314  1.4 325.6  0   1.0062 343.4100
1981 180 315  2.3 345.6  0   1.0056 341.2300
1981 180 315  1.8 345.9  0   1.0056 341.2300
1981 190 316  1.1 335.9  0   1.0062 340.0400
1981 190 316  2.8 328.9  0   1.0062 340.0400
1981 197 317  0.3 324.7  0   1.0070 336.5800
1981 197 317  0.8 327.3  0   1.0070 336.5800
1981 202 318  1.9 336.1  0   1.0103 333.5800
1981 202 318  1.6 331.7  0   1.0103 333.5800
1981 212 319  1.7 325.9  0   1.0066 333.0000
1981 212 319  0.7 327.8  0   1.0066 333.0000
1981 218 320  0.9 344.2  2
1981 218 320  1.8 388.9  6   1.0061 332.7700
1981 222 321  4.8 342.4  0   1.0062 331.9300
1981 222 321  3.3 340.3  0   1.0062 331.9300
1981 236 322  3.8 341.9  0   1.0081 329.1100
1981 236 322  2.3 336.6  0   1.0081 329.1100
1981 246 323  2.4 331.8  0   1.0020 331.0900
1981 246 323  0.8 328.6  0   1.0020 331.0900
1981 258 324  2.4 333.1  0   1.0056 335.2600
1981 258 324  0.8 329.9  0   1.0056 335.2600
1981 265 325  3.3 331.3  0   1.0047 333.4900
1981 265 325  0.7 326.4  0   1.0047 333.4900
1981 274 326  1.3 328.5  0   1.0031 335.2800
1981 274 326  0.6 329.5  0   1.0031 335.2800
1981 281 327  0.7 328.4  0   1.0029 335.6300
1981 281 327  3.0 324.8  0   1.0029 335.6300
1981 287 328  0.5 347.0  0   1.0046 339.5000
1981 287 328  1.4 339.1  0   1.0046 339.5000
1981 293 329  0.7 351.5  0   1.0022 343.9200
1981 293 329  0.6 341.8  0   1.0022 343.9200
1981 299 330  2.1 333.2  0   1.0017 341.0600
1981 299 330  1.8 333.3  0   1.0017 341.0600
1981 307 331  0.5 361.2  2
1981 307 331  1.8 350.8  2   1.0009 340.7000
1981 313 332  1.3 333.1  0   1.0007 340.7500
1981 313 332  1.5 331.8  0   1.0007 340.7500
1981 323 333  1.8 339.4  0   1.0033 342.7900
1981 323 333  1.1 338.3  0   1.0033 342.7900
1981 327 334  0.4 335.9  0   1.0006 343.7000
1981 327 334  0.4 336.1  0   1.0006 343.7000
1981 334 335  1.3 357.1  2
1981 334 335  1.8 344.1  2   1.0006 343.6100
1981 341 336  1.3 336.5  0   1.0006 344.6900
1981 341 336  1.6 336.7  0   1.0006 344.6900
1981 348 337  1.8 333.4  0   1.0010 344.8900
1981 348 337  1.6 332.3  0   1.0010 344.8900
1981 355 338  1.8 342.4  0   1.0010 344.5700
1981 355 338  2.0 343.3  0   1.0010 344.5700
1981 364 339  1.3 343.1  0   1.0008 345.3400
1981 364 339  0.9 340.7  0   1.0008 345.3400
1982   4 340  0.2 359.6  0   1.0011 345.4000
1982   4 340  0.7 352.5  0   1.0011 345.4000
1982  14 341  0.6 336.9  0   1.0005 346.3500
1982  14 341  0.1 337.5  0   1.0005 346.3500
1982  26 342  1.3 336.1  0   1.0006 345.3300
1982  26 342  2.7 334.3  0   1.0006 345.3300
1982  32 343  2.0 346.4  0   1.0007 348.8000
1982  32 343  2.3 342.3  0   1.0007 348.8000
1982  42 344  2.6 333.7  0   1.0009 347.0100
1982  42 344  1.9 335.9  0   1.0009 347.0100
1982  48 345  3.1 364.7  0   1.0020 350.4400
1982  48 345  1.9 355.4  0   1.0020 350.4400
1982  61 346  1.0 345.4  0   1.0011 348.2800
1982  61 346  0.7 344.0  0   1.0011 348.2800
1982  68 347  2.4 340.2  0   1.0009 347.7000
1982  68 347  2.2 343.4  0   1.0009 347.7000
1982  76 348  6.4 337.8  1   1.0006 347.9000
1982  76 348  0.7 329.6  0   1.0006 347.9000
1982  81 349  0.8 334.4  0   1.0008 347.9000
1982  81 349  2.6 340.2  0   1.0008 347.9000
1982  89 350  1.4 345.4  0   1.0006 347.2000
1982  89 350  3.4 347.8  0   1.0006 347.2000
1982  98 351  4.3 344.6  0   1.0037 348.6300
1982  98 351  4.0 342.3  0   1.0037 348.6300
1982 104 352  2.9 339.2  0   1.0007 347.9600
1982 104 352  0.7 340.3  0   1.0007 347.9600
1982 110 353  0.7 346.2  0   1.0015 348.5000
1982 110 353  0.9 345.8  0   1.0015 348.5000
1982 116 354  1.0 340.4  0   1.0015 348.4000
1982 116 354  0.7 348.0  0   1.0015 348.4000
1982 127 355  1.2 341.4  0   1.0016 348.0400
1982 127 355  1.3 343.0  0   1.0016 348.0400
1982 131 356  2.7 348.3  0   1.0036 348.1000
1982 131 356  2.4 341.9  0   1.0036 348.1000
1982 138 357  1.9 336.9  2
1982 138 357  3.7 347.4  2   1.0027 347.6500
1982 144 358  2.1 347.4  0   1.0038 347.5500
1982 144 358  1.8 344.5  0   1.0038 347.5500
1982 152 359  1.0 338.1  0   1.0044 348.3700
1982 152 359  1.8 343.8  0   1.0044 348.3700
1982 161 360  1.5 340.4  2
1982 161 360  1.3 372.1  2   1.0058 346.7700
1982 165 361  1.9 337.1  0   1.0062 347.1100
1982 165 361  1.2 339.2  0   1.0062 347.1100
1982 177 362  9.5 364.4  1   1.0066 343.1300
1982 177 362  2.5 348.3  2   1.0066 343.1300
1982 182 363  2.6 351.4  2
1982 182 363  2.6 365.4  2   1.0066 342.2600
1982 186 364  1.7 348.4  0   1.0068 341.2300
1982 186 364  1.0 344.0  0   1.0068 341.2300
1982 193 365  2.1 363.7  2
1982 193 365  2.8 345.3  2   1.0074 340.2900
1982 203 366  2.2 393.1  4   1.0061 340.2400
1982 203 366  0.8 401.4  4   1.0061 340.2400
1982 210 367  2.5 339.5  0   1.0071 336.5800
1982 210 367  3.7 344.3  0   1.0071 336.5800
1982 219 368  3.2 350.4  0   1.0102 330.0300
1982 219 368  3.0 346.2  0   1.0102 330.0300
1982 221 369  3.4 345.8  0   1.0061 334.3000
1982 221 369  3.6 345.4  0   1.0061 334.3000
1982 233 370  2.9 343.3  0   1.0062 332.1900
1982 233 370  2.7 341.9  0   1.0062 332.1900
1982 235 371  1.3 347.6  0   1.0066 331.3500
1982 235 371  2.4 343.0  0   1.0066 331.3500
1982 243 372  3.1 342.2  2
1982 243 372  3.8 352.3  2   1.0064 332.2000
1982 253 373  3.2 343.4  0   1.0050 332.2000
1982 253 373  3.7 346.8  0   1.0050 332.2000
1982 263 374  1.4 346.2  0   1.0020 332.7400
1982 263 374  2.9 346.7  0   1.0020 332.7400
1982 265 375  3.6 352.2  0   1.0058 334.0600
1982 265 375  1.7 346.8  0   1.0058 334.0600
1982 271 376  2.8 346.9  0   1.0040 336.3300
1982 271 376  1.8 348.0  0   1.0040 336.3300
1982 279 377  2.1 346.4  0   1.0022 336.1700
1982 279 377  2.1 350.3  0   1.0022 336.1700
1982 291 378  1.1 350.1  0   1.0018 340.6400
1982 291 378  2.3 349.7  0   1.0018 340.6400
1982 296 379  3.9 361.4  0   1.0009 341.3900
1982 296 379  0.8 354.9  0   1.0009 341.3900
1982 302 380  0.6 351.3  2
1982 302 380  3.2 374.4  2   1.0010 339.8500
1982 305 381  1.1 351.3  0   1.0008 340.1500
1982 305 381  3.3 352.1  0   1.0008 340.1500
1982 313 382  2.3 364.1  0   1.0006 342.4600
1982 313 382  2.6 362.1  0   1.0006 342.4600
1982 319 383  1.5 354.7  0   1.0008 342.2300
1982 319 383  1.5 352.6  0   1.0008 342.2300
1982 326 384  3.1 353.0  0   1.0005 343.5100
1982 326 384  0.7 353.8  0   1.0005 343.5100
1982 337 385  2.4 354.3  0   1.0008 344.2600
1982 337 385  2.2 354.9  0   1.0008 344.2600
1982 340 386  1.6 352.1  0   1.0008 343.0800
1982 340 386  3.5 351.0  0   1.0008 343.0800
1982 348 387  3.5 348.4  0   1.0008 344.8200
1982 348 387  2.6 351.1  0   1.0008 344.8200
1982 354 388  2.4 363.8  0   1.0007 344.1400
1982 354 388  1.4 366.6  0   1.0007 344.1400
1982 361 389  0.1 355.1  0   1.0007 345.6600
1982 361 389  0.4 354.9  0   1.0007 345.6600
1983  14 390  2.9 357.8  0   1.0005 347.5800
1983  14 390  1.7 359.3  0   1.0005 347.5800
1983  21 391  2.6 360.7  0   1.0005 351.4600
1983  21 391  2.0 354.4  0   1.0005 351.4600
1983  24 392  2.0 356.5  0   1.0008 347.8000
1983  24 392  0.8 358.6  0   1.0008 347.8000
1983  32 393  2.8 352.2  0   1.0009 346.0100
1983  32 393  1.7 354.0  0   1.0009 346.0100
1983  39 394  3.3 373.8  2
1983  39 394  4.1 359.7  2   1.0009 346.5700
1983  46 395  1.3 364.9  0   1.0004 346.9400
1983  46 395  1.9 364.6  0   1.0004 346.9400
1983  53 396  2.9 355.8  0   1.0004 348.3400
1983  53 396  1.1 359.0  0   1.0004 348.3400
1983  70 397  2.4 355.0  0   1.0004 347.0500
1983  70 397  2.7 357.8  0   1.0004 347.0500
1983  72 398  0.7 357.9  0   1.0004 349.6800
1983  72 398  2.6 356.7  0   1.0004 349.6800
1983  82 399  1.7 359.4  0   1.0008 347.4500
1983  82 399  1.8 357.2  0   1.0008 347.4500
1983  91 400  1.2 359.5  0   1.0005 347.5300
1983  91 400  1.7 356.1  0   1.0005 347.5300
1983 104 402  0.5 353.3  0   1.0008 348.7200
1983 104 402  1.3 355.9  0   1.0008 348.7200
1983 109 403  4.0 362.4  0   1.0010 347.9500
1983 109 403  4.1 360.0  0   1.0010 347.9500
1983 117 404  2.8 356.7  0   1.0020 348.5600
1983 117 404  2.2 358.8  0   1.0020 348.5600
1983 130 405  1.8 357.4  0   1.0003 348.5900
1983 130 405  1.4 362.8  0   1.0003 348.5900
1983 137 406  2.7 402.4  4   1.0012 348.2800
1983 137 406  0.4 449.7  6   1.0012 348.2800
1983 144 407  4.5 367.9  2
1983 144 407  1.5 346.0  2   1.0014 348.7600
1983 152 408  2.8 357.8  2
1983 152 408  2.3 413.3  6   1.0020 351.2100
1983 165 409  2.5 355.2  0   1.0040 347.9500
1983 165 409  2.9 357.7  0   1.0040 347.9500
1983 174 410  1.5 353.5  0   1.0004 346.0600
1983 174 410  0.9 355.1  0   1.0004 346.0600
1983 178 411  2.0 362.2  0   1.0016 346.2900
1983 178 411  1.1 359.1  0   1.0016 346.2900
1983 186 412  0.3 355.4  2
1983 186 412  1.8 367.3  2   1.0041 341.5200
1983 195 413  1.3 354.7  0   1.0040 341.0100
1983 195 413  4.4 357.6  0   1.0040 341.0100
1983 200 414  1.2 354.2  0   1.0050 339.0400
1983 200 414  1.7 362.2  0   1.0050 339.0400
1983 207 415  0.4 359.9  0   1.0056 338.0300
1983 207 415  1.5 359.2  0   1.0056 338.0300
1983 220 416  0.9 357.0  0   1.0049 331.4600
1983 220 416  4.1 363.1  0   1.0049 331.4600
1983 227 417  1.9 362.1  0   1.0033 334.5600
1983 227 417  1.0 364.5  0   1.0033 334.5600
1983 237 418  1.6 357.8  0   1.0044 333.0200
1983 237 418  0.1 357.7  0   1.0044 333.0200
1983 255 419  3.0 368.9  0   1.0030 334.0100
1983 255 419  0.9 365.6  0   1.0030 334.0100
1983 269 420  2.0 363.5  0   1.0027 335.7400
1983 269 420  2.0 363.5  0   1.0027 335.7400
1983 277 421  4.1 371.8  0   1.0022 336.9900
1983 277 421  3.3 365.8  0   1.0022 336.9900
1983 284 422  1.0 370.2  0   1.0016 339.3500
1983 284 422  0.6 373.3  0   1.0016 339.3500
1983 292 423  2.2 382.9  0   1.0005 339.7300
1983 292 423  2.6 373.7  0   1.0005 339.7300
1983 299 424  2.1 373.6  0   1.0006 341.0000
1983 299 424  1.2 370.2  0   1.0006 341.0000
1983 306 425  0.2 369.9  0   1.0008 345.6500
1983 306 425  1.9 372.2  0   1.0008 345.6500
1983 313 426  3.9 375.9  0   1.0014 344.9600
1983 313 426  1.6 373.8  0   1.0014 344.9600
1983 319 427  1.3 396.8  0   1.0005 345.9600
1983 319 427  2.6 390.9  0   1.0005 345.9600
1983 327 428  1.9 367.8  0   1.0010 347.2700
1983 327 428  1.6 368.6  0   1.0010 347.2700
1983 334 429  0.1 361.2  0   1.0009 346.4700
1983 334 429  1.1 369.1  0   1.0009 346.4700
1983 341 430  1.6 364.8  0   1.0005 346.2500
1983 341 430  0.3 365.2  0   1.0005 346.2500
1983 348 431  2.8 370.1  0   1.0004 350.5700
1983 348 431  3.1 368.5  0   1.0004 350.5700
1983 353 432  1.3 344.0  4   1.0010 349.5000
1983 353 432  1.6 347.7  0   1.0010 349.5000
1983 361 433  2.3 373.2  0   1.0007 343.4900
1983 361 433  2.3 372.8  0   1.0007 343.4900
1984   3 434  1.7 368.9  0   1.0004 350.1000
1984   3 434  3.0 359.4  0   1.0004 350.1000
1984   9 435  4.0 375.4  0   1.0005 348.3000
1984   9 435  1.0 383.1  0   1.0005 348.3000
1984  17 436  1.9 366.4  0   1.0016 347.4000
1984  17 436  1.1 372.5  0   1.0016 347.4000
1984  25 437  4.0 363.2  2
1984  25 437  3.7 380.1  2   1.0004 351.7000
1984  31 438  3.4 389.5  0   1.0003 352.1000
1984  31 438  0.6 386.2  0   1.0003 352.1000
1984  37 439  2.6 374.3  0   1.0003 350.4600
1984  37 439  1.1 376.2  0   1.0003 350.4600
1984  45 440  0.9 380.4  0   1.0003 350.4700
1984  45 440  0.6 382.2  0   1.0003 350.4700
1984  53 441  7.5 367.0  1   1.0003 350.4800
1984  53 441  3.5 378.3  2   1.0003 350.4800
1984  59 442  1.1 383.7  0   1.0003 351.3500
1984  59 442  1.9 378.2  0   1.0003 351.3500
1984  65 443  0.7 381.7  0   1.0003 349.7100
1984  65 443  2.6 374.7  0   1.0003 349.7100
1984  72 444  1.7 362.7  0   1.0006 350.7800
1984  72 444  2.0 364.2  0   1.0006 350.7800
1984  79 445  1.7 356.2  0   1.0004 350.1900
1984  79 445  1.6 363.9  0   1.0004 350.1900
1984  89 446  3.4 329.8  4   1.0004 350.0000
1984  89 446  3.8 340.2  6   1.0004 350.0000
1984  94 447  0.7 364.0  2
1984  94 447  2.0 376.6  2   1.0007 349.4400
1984 102 448  0.5 377.4  0   1.0004 349.4400
1984 102 448  0.7 372.9  0   1.0004 349.4400
1984 109 449  3.7 372.6  0   1.0003 349.6900
1984 109 449  1.3 380.1  0   1.0003 349.6900
1984 114 450  2.7 377.3  0   1.0004 349.7500
1984 114 450  2.8 378.8  0   1.0004 349.7500
1984 121 451  1.6 381.7  0   1.0008 350.0100
1984 121 451  2.8 380.6  0   1.0008 350.0100
1984 136 452  2.6 381.0  0   1.0020 351.1000
1984 136 452  1.2 378.6  0   1.0020 351.1000
1984 145 453  2.5 385.1  0   1.0013 350.4600
1984 145 453  2.6 380.8  0   1.0013 350.4600
1984 150 454  2.1 380.3  0   1.0020 350.4200
1984 150 454  2.0 378.2  0   1.0020 350.4200
1984 156 455  2.0 380.5  0   1.0025 349.5600
1984 156 455  2.0 380.2  0   1.0025 349.5600
1984 163 456  1.8 387.0  0   1.0033 349.9500
1984 163 456  0.4 378.4  0   1.0033 349.9500
1984 170 457  2.6 389.0  0   1.0037 347.4800
1984 170 457  1.3 380.0  0   1.0037 347.4800
1984 177 458  1.0 385.2  0   1.0031 348.0100
1984 177 458  0.9 382.3  0   1.0031 348.0100
1984 184 459  0.7 384.8  0   1.0045 344.8800
1984 184 459  1.9 382.2  0   1.0045 344.8800
1984 191 460  2.9 384.4  0   1.0033 339.3800
1984 191 460  1.6 379.6  0   1.0033 339.3800
1984 202 461  1.0 386.7  0   1.0018 341.1600
1984 202 461  2.7 386.8  0   1.0018 341.1600
1984 206 462  2.1 384.2  0   1.0045 337.7600
1984 206 462  2.2 383.3  0   1.0045 337.7600
1984 212 463  0.8 383.8  0   1.0042 338.6800
1984 212 463  1.6 381.6  0   1.0042 338.6800
1984 222 464  4.2 390.1  0   1.0058 335.0000
1984 222 464  2.3 384.7  0   1.0058 335.0000
1984 230 465  1.7 394.3  0   1.0090 336.7100
1984 230 465  2.9 390.9  0   1.0090 336.7100
1984 236 466  3.6 390.2  0   1.0058 336.8100
1984 236 466  4.2 393.7  0   1.0058 336.8100
1984 242 467  1.2 382.9  0   1.0060 336.7300
1984 242 467  0.6 390.1  0   1.0060 336.7300
1984 247 468  4.5 392.1  8   1.0056 335.6400
1984 247 468  2.0 393.8  8   1.0056 335.6400
1984 254 469  3.5 393.0  8   1.0058 336.3100
1984 254 469  1.9 392.7  8   1.0058 336.3100
1984 261 470  2.6 390.0  8   1.0068 341.3300
1984 261 470  3.4 387.5  8   1.0068 341.3300
1984 268 471  0.8 400.2  8   1.0073 349.8000
1984 268 471  1.0 396.5  8   1.0073 349.8000
1984 275 472  2.3 402.1  8   1.0035 339.3000
1984 275 472  0.8 398.4  8   1.0035 339.3000
1984 282 473  3.8 403.7  8   1.0033 339.6800
1984 282 473  1.4 398.6  8   1.0033 339.6800
1984 290 474  0.1 396.6  8   1.0042 347.4700
1984 290 474  2.7 398.1  8   1.0042 347.4700
1984 296 475  0.5 401.7  8   1.0027 341.9100
1984 296 475  3.7 398.2  8   1.0027 341.9100
1984 303 476  1.5 415.1  8   1.0014 345.8800
1984 303 476  1.8 409.1  8   1.0014 345.8800
1984 310 477  9.7 426.5 13   1.0009 344.2500
1984 310 477  3.1 428.1 12   1.0009 344.2500
1984 317 478  1.4 412.7  8   1.0009 344.7500
1984 317 478  2.8 408.1  8   1.0009 344.7500
1984 324 479  3.1 403.8  8   1.0007 345.0100
1984 324 479  2.5 408.4  8   1.0007 345.0100
1984 329 480  2.4 416.7  8   1.0007 344.6300
1984 329 480  1.8 417.7  8   1.0007 344.6300
1984 338 481  2.3 421.3  8   1.0012 348.3900
1984 338 481  1.9 410.7 10   1.0012 348.3900
1984 345 482  0.8 416.8  8   1.0006 350.8700
1984 345 482  0.4 417.0  8   1.0006 350.8700
1984 352 483  6.7 408.1  9   1.0017 347.7800
1984 352 483  2.5 410.9  8   1.0017 347.7800
1984 359 484  4.0 419.0  8   1.0020 349.8200
1984 359 484  1.8 413.7  8   1.0020 349.8200
1985   7 486  4.7 433.4 12   1.0011 350.4000
1985   7 486  4.7 405.0 10   1.0011 350.4000
1985  10 485  1.8 415.3  8   1.0020 349.9300
1985  10 485  0.5 411.1  8   1.0020 349.9300
1985  16 487  4.6 426.2 12   1.0020 350.1000
1985  16 487  1.4 417.2  8   1.0020 350.1000
1985  23 488  1.5 431.5 12   1.0020 349.2600
1985  23 488  2.6 422.9  8   1.0020 349.2600
1985  30 489  2.8 441.3 12   1.0020 348.8300
1985  30 489  2.2 421.2 10   1.0020 348.8300
1985  38 490  3.4 426.9 12   1.0020 348.8800
1985  38 490  2.6 430.1 12   1.0020 348.8800
1985  44 491  1.8 407.6  8   1.0020 349.3200
1985  44 491  2.4 410.9  8   1.0020 349.3200
1985  55 492  4.8 397.1  0   1.0020 350.1200
1985  55 492  3.9 392.0  0   1.0020 350.1200
1985  60 493  0.7 379.2  0   1.0020 349.7700
1985  60 493  0.8 380.2  0   1.0020 349.7700
1985  65 494  0.4 394.6  2
1985  65 494  0.8 383.2  2   1.0020 350.3300
1985  72 495  0.9 384.2  0   1.0020 350.8500
1985  72 495  0.8 387.8  0   1.0020 350.8500
1985  81 496  0.8 388.1  0   1.0020 349.8900
1985  81 496  0.2 386.6  0   1.0020 349.8900
1985  91 497  0.6 381.6  0   1.0020 351.5000
1985  91 497  2.3 383.5  0   1.0020 351.5000
1985  93 498  0.7 390.6  0   1.0020 351.3000
1985  93 498  1.1 383.6  0   1.0020 351.3000
1985 100 499  4.0 391.1  0   1.0020 350.8600
1985 100 499  2.9 384.7  0   1.0020 350.8600
1985 107 500  1.4 389.7  0   1.0020 351.6900
1985 107 500  1.5 388.0  0   1.0020 351.6900
1985 114 501  2.1 383.9  0   1.0020 351.2300
1985 114 501  2.1 389.5  0   1.0020 351.2300
1985 121 502  1.9 384.0  0   1.0020 353.3100
1985 121 502  1.9 383.0  0   1.0020 353.3100
1985 128 503  0.5 384.8  0   1.0020 352.1000
1985 128 503  1.8 384.2  0   1.0020 352.1000
1985 135 504  4.2 410.5  2
1985 135 504  0.9 396.7  2   1.0020 352.4000
1985 146 505  1.3 399.2  0   1.0020 352.7000
1985 146 505  4.1 395.2  0   1.0020 352.7000
1985 149 506  3.2 392.8  0   1.0020 351.4000
1985 149 506  1.4 388.3  0   1.0020 351.4000
1985 156 507  0.7 396.9  0   1.0020 350.1700
1985 156 507  0.7 400.5  0   1.0020 350.1700
1985 163 508  0.3 401.9  0   1.0020 349.7900
1985 163 508  1.0 392.4  0   1.0020 349.7900
1985 170 509  2.6 396.5  0   1.0020 350.1900
1985 170 509  0.5 394.7  0   1.0020 350.1900
1985 177 510  1.2 382.0  0   1.0020 347.7600
1985 177 510  0.5 376.9  0   1.0020 347.7600
1985 189 511  1.9 387.4  0   1.0020 345.2200
1985 189 511  1.6 388.7  0   1.0020 345.2200
1985 192 512  1.8 384.1  0   1.0020 345.4500
1985 192 512  1.7 381.8  0   1.0020 345.4500
1985 199 513  1.8 385.3  0   1.0020 343.9000
1985 199 513  1.0 381.6  0   1.0020 343.9000
1985 205 514  0.6 380.1  0   1.0020 340.5700
1985 205 514  0.8 383.1  0   1.0020 340.5700
1985 217 515  1.4 383.9  0   1.0020 337.8400
1985 217 515  0.8 383.8  0   1.0020 337.8400
1985 225 516  0.5 385.4  0   1.0020 338.3500
1985 225 516  5.3 390.9  0   1.0020 338.3500
1985 232 517  1.2 395.2  0   1.0020 336.4200
1985 235 518  3.4 386.4  0   1.0020 336.2500
1985 235 518  2.3 389.8  0   1.0020 336.2500
1985 246 519  0.6 389.5  0   1.0020 335.6900
1985 246 519  0.8 398.4  0   1.0020 335.6900
1985 250 520  1.8 395.9  0   1.0020 334.9900
1985 250 520  1.3 395.6  0   1.0020 334.9900
1985 254 521  2.4 399.2  0   1.0051 335.9700
1985 254 521  2.0 396.3  0   1.0051 335.9700
1985 267 522  8.4 398.5  1   1.0020 339.0300
1985 267 522  3.7 403.2  0   1.0020 339.0300
1985 270 523  1.0 404.4  0   1.0029 338.5100
1985 270 523  1.5 403.9  0   1.0029 338.5100
1985 276 524  0.6 401.4  0   1.0039 340.9000
1985 276 524  0.8 403.9  0   1.0039 340.9000
1985 284 525  1.0 401.7  0   1.0030 344.4000
1985 284 525  0.4 400.3  0   1.0030 344.4000
1985 295 526  1.0 437.1  2
1985 295 526  1.7 408.0  2   1.0022 346.1000
1985 303 527  1.2 409.8  0   1.0015 347.3500
1985 303 527  1.9 413.2  0   1.0015 347.3500
1985 309 528  2.5 410.6  0   1.0010 352.5100
1985 309 528  2.9 414.2  0   1.0010 352.5100
1985 324 529  1.1 407.1  0   1.0025 348.3600
1985 324 529  2.4 403.0  0   1.0025 348.3600
1985 330 530  1.9 424.2  2
1985 330 530  2.1 408.0  2   1.0017 347.5900
1985 338 531  1.3 407.6  0   1.0018 347.7300
1985 338 531  1.5 409.1  0   1.0018 347.7300
1985 342 532  1.2 418.0  0   1.0004 348.0000
1985 342 532  0.8 416.1  0   1.0004 348.0000
1985 345 533  1.1 405.3  0   1.0010 347.3800
1985 345 533  0.3 404.7  0   1.0010 347.3800
1985 352 534  2.7 478.2  4   1.0004 353.0600
1985 352 534  2.2 417.6  2   1.0004 353.0600
1985 365 535  0.6 410.2  0   1.0006 350.0400
1985 365 535  0.9 418.4  0   1.0006 350.0400
1986   7 536  2.5 404.8  0   1.0009 348.4600
1986   7 536  1.6 402.0  0   1.0009 348.4600
1986  15 537  2.4 416.9  0   1.0008 349.7400
1986  15 537  1.1 415.0  0   1.0008 349.7400
1986  21 538  4.9 425.5  2
1986  21 538  1.4 411.7  2   1.0008 350.1500
1986  28 539  1.0 411.4  0   1.0007 352.4700
1986  28 539  1.7 415.2  0   1.0007 352.4700
1986  36 540  1.4 416.6  0   1.0008 351.3300
1986  36 540  2.6 411.1  0   1.0008 351.3300
1986  50 541  0.8 414.2  0   1.0007 352.2700
1986  50 541  2.2 413.5  0   1.0007 352.2700
1986  56 542  2.7 415.3  0   1.0004 352.5300
1986  56 542  1.8 409.0  0   1.0004 352.5300
1986  63 543  3.5 412.4  0   1.0007 354.0000
1986  63 543  2.8 414.1  0   1.0007 354.0000
1986  71 544  0.4 412.3  0   1.0005 353.7000
1986  71 544  1.4 408.6  0   1.0005 353.7000
1986  79 545  1.7 424.7  0   1.0006 355.5000
1986  79 545  4.7 419.0  0   1.0006 355.5000
1986  92 546  0.2 444.0  2
1986  92 546  2.1 416.7  2   1.0010 352.9900
1986  98 547  1.7 417.9  0   1.0007 352.6200
1986  98 547  1.2 420.9  0   1.0007 352.6200
1986 105 548  0.3 421.0  0   1.0019 353.5900
1986 105 548  0.4 425.3  0   1.0019 353.5900
1986 108 549  1.2 409.1  0   1.0016 352.7600
1986 108 549  0.4 410.4  0   1.0016 352.7600
1986 118 550  2.1 419.2  0   1.0014 353.5700
1986 118 550  3.3 415.4  0   1.0014 353.5700
1986 124 551  1.5 411.6  0   1.0036 353.5800
1986 124 551  5.7 420.5  0   1.0036 353.5800
1986 141 552  0.8 418.8  0   1.0025 352.8900
1986 148 553  1.3 412.1  0   1.0033 353.4300
1986 148 553  2.0 409.7  0   1.0033 353.4300
1986 154 554  1.8 420.1  0   1.0035 353.4000
1986 154 554  3.4 410.9  0   1.0035 353.4000
1986 162 555  1.1 414.9  0   1.0045 351.0800
1986 171 556  8.4 417.5  1   1.0057 349.1800
1986 171 556  0.9 409.9  0   1.0057 349.1800
1986 178 557  3.4 429.5  0   1.0091 348.6400
1986 178 557  1.8 419.8  0   1.0091 348.6400
1986 184 558  1.6 410.0  0   1.0065 348.4400
1986 184 558  2.2 415.2  0   1.0065 348.4400
1986 197 559  0.4 424.0  2
1986 197 559  2.8 414.2  2   1.0075 342.0700
1986 204 560  0.4 414.8  0   1.0060 343.9600
1986 211 561  0.4 414.3  0   1.0102 342.1000
1986 211 561  0.9 421.4  0   1.0102 342.1000
1986 217 562  1.4 414.9  0   1.0066 341.2500
1986 217 562  2.5 413.4  0   1.0066 341.2500
1986 225 563  2.1 436.0  2
1986 225 563  3.4 422.0  2   1.0078 337.7200
1986 232 564  9.9 408.8  1   1.0058 338.1800
1986 232 564  1.8 423.1  2   1.0058 338.1800
1986 245 565  1.4 411.8  0   1.0066 338.3000
1986 245 565  2.0 416.6  0   1.0066 338.3000
1986 252 566  0.4 418.1  0   1.0062 339.6200
1986 252 566  0.4 416.0  0   1.0062 339.6200
1986 261 567  0.7 455.2  4   1.0076 350.4000
1986 261 567  0.6 427.0  2   1.0076 350.4000
1986 270 568  1.1 421.4  0   1.0047 345.9900
1986 283 569  1.5 426.9  0   1.0032 345.0000
1986 283 569  0.7 427.5  0   1.0032 345.0000
1986 290 570  1.0 423.2  0   1.0022 349.9700
1986 290 570  1.7 424.7  0   1.0022 349.9700
1986 297 571  3.2 440.6  2
1986 297 571  1.8 429.9  2   1.0021 346.4100
1986 303 572  1.4 427.5  0   1.0033 348.2900
1986 319 573  0.8 428.3  0   1.0028 349.4500
1986 319 573  0.6 431.0  0   1.0028 349.4500
1986 326 574  1.0 426.2  0   1.0014 349.1400
1986 326 574  1.9 435.5  0   1.0014 349.1400
1986 333 575  0.5 426.9  0   1.0006 349.1600
1986 343 576  1.9 435.9  0   1.0023 350.9900
1986 343 576  3.4 431.9  0   1.0023 350.9900
1986 346 577  0.7 432.9  0   1.0011 349.7800
1986 346 577  0.4 434.7  0   1.0011 349.7800
1986 354 578  0.3 434.6  0   1.0013 350.4100
1986 354 578  0.2 433.4  0   1.0013 350.4100
1986 359 579  0.9 426.8  2
1986 359 579  0.3 445.5  2   1.0007 352.7500
