WEEKLY (ROUGHLY) NITROUS OXIDE READINGS AT POINT BARROW (ALASKA) 1/77 TO 12/86
JIM ELKINS (NOAA) FTS 320-6224    JIM'S NAME FOR FILE = BRWN2O_WK.DAT
NUMBER OF OBSERVATIONS = 899
RESPONSE VARIABLE = MEAN NITROUS OXIDE CONCENTRATION (IN PARTS PER ???)
ORDER OF VARIABLES ON A LINE IMAGE--
   1. YEAR (1977 TO 1986)
   2. DAY OF YEAR (1 TO 365)
   3. SAMPLE BOTTLE (OF ONLY MINOR INTEREST)
   4. STANDARD DEVIATION (OVER 3 OBSERVATIONS)
   5. MEAN (OVER 3 OBSERVATIONS) NITROUS OXIDE CONCENTRATION (PP?)
   6. VALIDITY FLAG (ONLY USE DATA WITH FLAG = 0)
   7. WATER VAPOR
   8. CO2
NOTE--ONLY USE DATA WITH VALIDTY FLAG = 0
      POLLUTION = COMBINATION OF HIGH CO2 AND HIGH FREON
                  WHEN FREON HIGH, EXPECT HIGH CO2 (POLLUTION)
                  CO2 COMES FROM COMBUSITON OF FOSSIL FUELS
                  FREON COME FROM AIR CONDITIONS
      AT MOST SITES, THERE SHOULD BE A SEASONAL EFFECT FOR CO2
      AT POINT BARROW, THERE IS ALSO A SEASONAL EFFECT FOR FREON-11
QUESTIONS--
   TRENDS AND CYCLES OVER TIME?
   RELATIONSHIP BETWEEN FREON AND WATER VAPOR?
   RELATIONSHIP BETWEEN FREON AND CO2?
   SAME PATTERNS AT ALL 5 SITES?
1977   6 111  0.0   0.0 52   1.0007 -99.9900
1977  12 112  0.0   0.0 52   1.0003 -99.9900
1977  26 113  0.0   0.0 52   1.0006 -99.9900
1977  46 114  0.0   0.0 52   1.0005 -99.9900
1977  53 115  0.0   0.0 52   1.0006 -99.9900
1977  70 116  0.0   0.0 52   1.0004 -99.9900
1977  78 117  0.0   0.0 52   1.0004 -99.9900
1977  83 118  0.0   0.0 52   1.0003 -99.9900
1977  98 119  0.0   0.0 52   1.0005 -99.9900
1977 103 120  0.0   0.0 52   1.0004 -99.9900
1977 110 121  0.0   0.0 52   1.0012 -99.9900
1977 122 122  0.0   0.0 52   1.0010 -99.9900
1977 144 124  0.0   0.0 52   1.0018 -99.9900
1977 153 125  0.0   0.0 52   1.0029 -99.9900
1977 167 127  0.0   0.0 52   1.0037 -99.9900
1977 215 128  7.8 316.3  5   1.0056 328.5300
1977 215 128  4.1 309.3  7   1.0056 328.5300
1977 220 129  6.3 305.8  1   1.0046 325.6400
1977 220 129 10.5 303.6  1   1.0046 325.6400
1977 229 130  5.1 301.1  1   1.0083 328.1900
1977 229 130 12.0 295.1  1   1.0083 328.1900
1977 247 131  5.3 306.1  1   1.0064 329.2900
1977 247 131  1.6 309.5  4   1.0064 329.2900
1977 254 132  7.3 298.7  1   1.0034 326.2600
1977 254 132 17.8 305.3  3   1.0034 326.2600
1977 260 133 11.7 301.5  1   1.0034 327.1100
1977 260 133 12.0 306.4  1   1.0034 327.1100
1977 271 134  0.8 297.2  0   1.0026 327.8800
1977 271 134  7.1 297.3  1   1.0026 327.8800
1977 281 135  3.7 383.3 20   1.0029 -99.9900
1977 281 135  1.0 377.8 20   1.0029 -99.9900
1977 284 136  4.8 298.6  1   1.0022 329.3500
1977 284 136  5.0 297.6  1   1.0022 329.3500
1977 293 137  3.4 305.1  0   1.0020 331.0400
1977 293 137  5.7 307.1  1   1.0020 331.0400
1977 306 138  2.8 301.6  0   1.0007 332.5700
1977 306 138  4.7 303.1  1   1.0007 332.5700
1977 313 139  3.9 299.2  1   1.0005 333.1400
1977 313 139  4.6 303.8  1   1.0005 333.1400
1977 318 140  2.1 378.1 20   1.0005 -99.9900
1977 318 140  1.9 373.5 20   1.0005 -99.9900
1977 330 141  7.0 311.6  5   1.0005 340.5600
1977 330 141  6.7 298.6  3   1.0005 340.5600
1977 345 142  7.1 296.7  1   1.0003 340.1200
1977 345 142 10.4 305.2  3   1.0003 340.1200
1977 351 143  1.6 304.8  0   1.0002 339.5800
1977 351 143  2.9 303.3  0   1.0002 339.5800
1977 363 144  2.7 305.8  0   1.0009 339.3700
1977 363 144  4.5 306.4  1   1.0009 339.3700
1978   6 145  0.5 302.9  0   1.0005 338.7400
1978   6 145  3.0 304.0  0   1.0005 338.7400
1978  13 146  2.1 304.8  0   1.0011 338.9300
1978  13 146  6.9 305.9  1   1.0011 338.9300
1978  18 147  2.4 302.4  0   1.0006 340.4700
1978  18 147  0.8 304.7  0   1.0006 340.4700
1978  28 148  4.5 305.4  1   1.0004 339.3700
1978  28 148  4.8 298.9  3   1.0004 339.3700
1978  33 149  1.1 303.2  0   1.0004 339.0600
1978  33 149  1.7 304.6  0   1.0004 339.0600
1978  40 150  3.0 299.6  0   1.0002 341.3500
1978  40 150  0.8 302.4  0   1.0002 341.3500
1978  45 151  2.7 304.1  0   1.0005 339.6000
1978  45 151  1.4 308.4  4   1.0005 339.6000
1978  54 152  0.7 302.9  0   1.0005 340.3900
1978  54 152  1.0 302.6  0   1.0005 340.3900
1978  64 153  1.1 303.5  0   1.0004 340.9200
1978  64 153  1.7 303.2  0   1.0004 340.9200
1978  67 154  6.3 304.5  1   1.0006 342.6000
1978  67 154  5.3 306.2  1   1.0006 342.6000
1978  78 155  0.0 300.1  0   1.0007 341.5900
1978  78 155  0.0 299.6  0   1.0007 341.5900
1978  86 156  1.7 302.3  0   1.0005 341.9900
1978  86 156  2.4 300.9  0   1.0005 341.9900
1978  93 157  1.0 302.4  0   1.0004 341.3900
1978  93 157  1.4 302.2  0   1.0004 341.3900
1978 101 158  1.5 302.4  0   1.0005 341.2200
1978 101 158  2.4 301.6  0   1.0005 341.2200
1978 108 159  1.5 301.4  0   1.0014 341.4100
1978 108 159  0.8 300.4  0   1.0014 341.4100
1978 115 160  3.0 299.9  0   1.0012 340.8100
1978 115 160  1.6 303.4  0   1.0012 340.8100
1978 122 161  2.3 302.4  0   1.0013 340.7900
1978 122 161  1.7 303.1  0   1.0013 340.7900
1978 128 162  0.9 301.5  0   1.0010 340.7600
1978 128 162  0.8 301.7  0   1.0010 340.7600
1978 135 163  3.0 300.8  0   1.0012 340.8000
1978 135 163  2.0 300.7  0   1.0012 340.8000
1978 142 164  1.4 303.0  0   1.0024 340.7700
1978 142 164  1.6 301.2  0   1.0024 340.7700
1978 150 165  3.7 304.6  0   1.0032 341.4700
1978 150 165  0.6 298.9  0   1.0032 341.4700
1978 160 166  2.1 301.3  0   1.0032 340.1000
1978 160 166  1.2 302.6  0   1.0032 340.1000
1978 164 167  1.6 301.9  0   1.0031 339.9400
1978 164 167  1.8 300.9  0   1.0031 339.9400
1978 173 168  1.6 301.9  0   1.0024 339.4000
1978 173 168  1.2 301.0  0   1.0024 339.4000
1978 179 169  0.9 302.0  0   1.0035 338.3600
1978 179 169  1.0 300.2  0   1.0035 338.3600
1978 187 170  0.9 300.7  0   1.0045 334.8600
1978 187 170  1.4 301.0  0   1.0045 334.8600
1978 193 171  0.9 299.3  0   1.0037 332.1800
1978 193 171  2.0 299.8  0   1.0037 332.1800
1978 199 172  1.6 299.4  0   1.0040 331.9500
1978 199 172  2.6 300.4  0   1.0040 331.9500
1978 212 173  0.4 303.2  0   1.0092 330.6500
1978 212 173  0.5 303.3  0   1.0092 330.6500
1978 221 174  0.5 299.4  0   1.0032 327.9200
1978 221 174  1.6 299.0  0   1.0032 327.9200
1978 228 175  1.5 300.5  0   1.0033 327.9400
1978 238 176  1.5 300.8  0   1.0039 325.1600
1978 238 176  1.5 299.5  0   1.0039 325.1600
1978 242 177  0.4 302.0  0   1.0059 332.1400
1978 242 177  1.0 300.8  0   1.0059 332.1400
1978 248 178  1.6 304.0  0   1.0062 329.1300
1978 256 179  0.3 300.3  0   1.0041 327.4500
1978 261 180  0.8 301.7  0   1.0026 327.2200
1978 261 180  1.2 301.0  0   1.0026 327.2200
1978 268 181  0.9 301.7  0   1.0037 332.7400
1978 268 181  1.2 302.9  0   1.0037 332.7400
1978 277 182  1.4 303.0  0   1.0018 329.3400
1978 277 182  0.8 301.3  0   1.0018 329.3400
1978 286 183  0.3 302.2  0   1.0024 332.8800
1978 286 183  1.6 301.2  0   1.0024 332.8800
1978 290 184  0.2 300.5  0   1.0009 332.4000
1978 290 184  1.8 303.5  0   1.0009 332.4000
1978 297 185  1.7 298.2  0   1.0006 337.6000
1978 297 185  0.8 302.7  0   1.0006 337.6000
1978 304 186  1.2 301.5  0   1.0005 336.7800
1978 304 186  0.3 301.2  0   1.0005 336.7800
1978 316 187  0.2 301.7  0   1.0018 338.4700
1978 316 187  1.1 302.0  0   1.0018 338.4700
1978 320 188  0.5 300.4  0   1.0005 340.0700
1978 320 188  0.6 301.3  0   1.0005 340.0700
1978 329 189  0.3 301.4  0   1.0006 340.5500
1978 329 189  0.8 302.0  0   1.0006 340.5500
1978 341 190  1.2 302.7  0   1.0006 339.2000
1978 346 191  0.5 301.1  0   1.0003 338.0100
1978 346 191  0.6 302.3  0   1.0003 338.0100
1978 354 192  0.3 300.8  0   1.0002 339.2000
1978 354 192  1.0 298.9  0   1.0002 339.2000
1978 361 193  0.7 301.4  0   1.0002 340.5100
1978 361 193  0.1 302.4  0   1.0002 340.5100
1979   3 194  1.2 300.7  0   1.0013 339.6800
1979   3 194  0.9 300.9  0   1.0013 339.6800
1979   8 195  0.8 301.0  0   1.0007 338.1600
1979   8 195  1.0 300.4  0   1.0007 338.1600
1979  15 196  0.2 299.4  0   1.0006 340.4500
1979  15 196  0.4 299.7  0   1.0006 340.4500
1979  18 197  1.1 303.3  0   1.0008 340.6500
1979  18 197  0.1 302.3  0   1.0008 340.6500
1979  33 198  1.6 299.8  0   1.0002 342.3300
1979  33 198  0.4 301.4  0   1.0002 342.3300
1979  39 199  0.6 301.0  0   1.0004 340.4100
1979  39 199  1.0 302.0  0   1.0004 340.4100
1979  43 200  2.5 302.8  0   1.0002 340.3200
1979  43 200  1.5 302.0  0   1.0002 340.3200
1979  49 201  0.3 301.1  0   1.0003 340.8300
1979  49 201  1.5 300.2  0   1.0003 340.8300
1979  57 202  0.5 301.7  0   1.0003 343.2300
1979  57 202  1.0 303.0  0   1.0003 343.2300
1979  64 203  0.8 300.5  0   1.0003 342.8800
1979  64 203  0.2 302.2  0   1.0003 342.8800
1979  71 204  0.5 300.5  0   1.0003 341.9200
1979  71 204  0.6 303.1  0   1.0003 341.9200
1979  78 205  2.1 302.7  0   1.0002 343.1900
1979  78 205  0.3 305.0  0   1.0002 343.1900
1979  86 206  1.4 302.0  0   1.0010 341.4200
1979  86 206  2.4 301.5  0   1.0010 341.4200
1979  94 207  1.5 304.4  0   1.0005 341.6800
1979  94 207  1.5 301.6  0   1.0005 341.6800
1979 102 208  1.3 301.4  0   1.0004 342.3800
1979 102 208  1.7 301.4  0   1.0004 342.3800
1979 108 209  0.7 300.9  0   1.0005 342.1000
1979 108 209  1.4 302.2  0   1.0005 342.1000
1979 114 210  0.4 303.7  0   1.0022 342.5000
1979 114 210  1.3 301.8  0   1.0022 342.5000
1979 121 211  1.3 303.7  0   1.0021 343.2700
1979 127 212  3.6 304.4  0   1.0024 342.4800
1979 127 212  1.7 302.7  0   1.0024 342.4800
1979 135 213  1.7 302.8  0   1.0014 342.7700
1979 135 213  1.6 302.5  0   1.0014 342.7700
1979 141 214  2.1 302.5  0   1.0016 342.4500
1979 141 214  1.4 301.1  0   1.0016 342.4500
1979 151 215  1.2 302.9  0   1.0036 343.0600
1979 151 215  1.5 302.7  0   1.0036 343.0600
1979 155 216  2.0 303.4  0   1.0031 343.1700
1979 155 216  2.2 301.1  0   1.0031 343.1700
1979 166 217  1.9 301.7  0   1.0030 342.3100
1979 166 217  0.7 302.7  0   1.0030 342.3100
1979 169 218  0.9 301.8  0   1.0035 341.3000
1979 169 218  1.2 302.9  0   1.0035 341.3000
1979 176 219  1.2 301.5  0   1.0029 341.2500
1979 176 219  1.4 303.6  0   1.0029 341.2500
1979 183 220  2.5 301.0  0   1.0052 336.5700
1979 183 220  0.2 303.0  0   1.0052 336.5700
1979 195 221  1.9 300.9  0   1.0061 331.3900
1979 195 221  1.2 302.1  0   1.0061 331.3900
1979 200 222  0.4 304.2  0   1.0066 328.0500
1979 200 222  1.5 302.9  0   1.0066 328.0500
1979 204 223  1.1 302.2  0   1.0045 330.1600
1979 204 223  0.8 302.6  0   1.0045 330.1600
1979 211 224  1.7 301.9  0   1.0051 328.3000
1979 211 224  1.7 303.0  0   1.0051 328.3000
1979 218 225  2.4 301.3  0   1.0040 329.1700
1979 218 225  0.7 301.4  0   1.0040 329.1700
1979 225 226  1.0 301.2  0   1.0053 326.5300
1979 225 226  0.9 301.1  0   1.0053 326.5300
1979 240 228  2.5 305.2  0   1.0041 327.9500
1979 240 228  1.3 303.9  0   1.0041 327.9500
1979 249 229  1.3 303.4  0   1.0044 328.5700
1979 249 229  1.9 303.9  0   1.0044 328.5700
1979 253 230  0.5 309.5  0   1.0035 328.7600
1979 253 230  6.9 306.7  1   1.0035 328.7600
1979 262 231  0.9 302.6  0   1.0027 329.9800
1979 262 231  1.7 303.3  0   1.0027 329.9800
1979 268 232  1.0 300.7  0   1.0036 329.0800
1979 268 232  3.5 302.3  0   1.0036 329.0800
1979 274 233  2.5 302.7  0   1.0031 331.6900
1979 274 233  1.9 300.1  0   1.0031 331.6900
1979 281 234  2.9 301.8  0   1.0024 331.7700
1979 281 234  1.3 305.0  0   1.0024 331.7700
1979 289 235  1.8 301.7  0   1.0013 332.9500
1979 289 235  1.0 300.9  0   1.0013 332.9500
1979 295 236  1.3 302.8  0   1.0018 333.8800
1979 295 236  1.6 302.6  0   1.0018 333.8800
1979 302 237  2.1 298.4  0   1.0008 335.4300
1979 302 237  1.9 303.6  0   1.0008 335.4300
1979 309 238  3.8 298.9  0   1.0011 337.6400
1979 309 238  1.2 303.3  0   1.0011 337.6400
1979 319 239  0.0   0.0  4   1.0009 336.8000
1979 319 239  1.8 302.5  2   1.0009 336.8000
1979 326 240  1.2 303.0  0   1.0004 336.7400
1979 338 241  2.5 304.7  0   1.0004 341.1900
1979 338 241  0.3 302.3  0   1.0004 341.1900
1979 348 242  1.4 304.6  0   1.0014 341.1300
1979 352 243  1.2 305.9  0   1.0006 343.1000
1979 352 243  1.4 302.7  0   1.0006 343.1000
1979 358 244  1.8 301.8  0   1.0002 341.2300
1979 358 244  1.1 300.5  0   1.0002 341.2300
1980   4 245  1.2 302.4  0   1.0002 341.5000
1980   4 245  1.4 303.7  0   1.0002 341.5000
1980  10 246  0.4 302.5  0   1.0002 343.2000
1980  10 246  1.9 302.0  0   1.0002 343.2000
1980  15 247  0.9 303.8  0   1.0002 340.8100
1980  15 247  0.8 302.8  0   1.0002 340.8100
1980  22 248  1.1 302.2  0   1.0011 341.9700
1980  22 248  1.5 305.3  0   1.0011 341.9700
1980  31 249  0.7 300.8  0   1.0003 342.1200
1980  31 249  0.6 304.8  0   1.0003 342.1200
1980  37 250  1.0 302.9  0   1.0003 342.2200
1980  37 250  0.8 302.3  0   1.0003 342.2200
1980  42 251  0.9 304.8  0   1.0013 341.3800
1980  42 251  1.2 303.7  0   1.0013 341.3800
1980  50 252  2.7 301.5  0   1.0003 343.5500
1980  50 252  1.1 304.2  0   1.0003 343.5500
1980  56 253  1.6 303.3  0   1.0010 342.5900
1980  56 253  3.4 303.1  0   1.0010 342.5900
1980  71 255  2.3 299.0  2
1980  71 255  1.0 305.8  2   1.0004 344.8600
1980  80 256  1.9 305.5  0   1.0005 344.4600
1980  80 256  1.7 300.2  0   1.0005 344.4600
1980  84 257  2.1 302.1  0   1.0011 344.4400
1980  84 257  2.9 300.0  0   1.0011 344.4400
1980  91 258  3.2 294.7  2
1980  91 258  1.0 304.3  2   1.0004 344.1200
1980  98 259  0.6 302.4  0   1.0005 344.8000
1980  98 259  2.7 302.5  0   1.0005 344.8000
1980 106 260  4.9 292.9  5   1.0007 345.0500
1980 106 260  2.7 297.7  0   1.0007 345.0500
1980 112 261  3.6 297.9  0   1.0008 345.3000
1980 112 261  1.6 300.7  0   1.0008 345.3000
1980 122 262  1.7 295.8  0   1.0016 345.3000
1980 122 262  0.6 300.0  0   1.0016 345.3000
1980 126 263  1.8 299.5  0   1.0012 345.4000
1980 126 263  4.5 296.1  1   1.0012 345.4000
1980 134 264  3.5 303.2  0   1.0022 344.0900
1980 134 264  2.7 304.7  0   1.0022 344.0900
1980 143 265  4.3 301.4  1   1.0017 342.4900
1980 143 265  3.0 305.0  0   1.0017 342.4900
1980 148 266  2.9 302.0  0   1.0031 342.5000
1980 148 266  2.1 304.8  0   1.0031 342.5000
1980 154 267  2.3 300.9  0   1.0026 343.7900
1980 154 267  1.9 302.0  0   1.0026 343.7900
1980 164 268  1.5 304.1  0   1.0046 343.2000
1980 164 268  0.9 302.1  0   1.0046 343.2000
1980 168 269  1.0 301.6  0   1.0033 343.1800
1980 168 269  0.7 301.6  0   1.0033 343.1800
1980 177 270  3.4 302.4  2
1980 177 270 11.2 310.8  7   1.0041 340.7700
1980 183 271  5.4 303.2  1   1.0040 340.1000
1980 183 271  1.1 301.9  0   1.0040 340.1000
1980 189 272  3.0 303.2  0   1.0036 340.0100
1980 189 272  2.7 298.8  0   1.0036 340.0100
1980 196 273  3.4 298.8  0   1.0037 339.7500
1980 196 273  1.4 302.1  0   1.0037 339.7500
1980 204 274  1.0 302.9  0   1.0036 336.3500
1980 204 274  0.3 302.6  0   1.0036 336.3500
1980 211 275  3.3 301.5  0   1.0034 334.9900
1980 211 275  6.3 300.3  1   1.0034 334.9900
1980 220 276  0.9 303.5  0   1.0040 332.6700
1980 220 276  3.6 305.0  0   1.0040 332.6700
1980 228 277  3.0 303.3  0   1.0031 331.7600
1980 228 277  4.2 303.2  1   1.0031 331.7600
1980 241 278  0.3 307.6  0   1.0022 331.1400
1980 241 278  2.3 303.0  0   1.0022 331.1400
1980 254 279  3.2 299.0  0   1.0029 331.7000
1980 254 279  3.0 302.8  0   1.0029 331.7000
1980 262 280  2.5 300.1  0   1.0027 332.7000
1980 262 280  4.0 303.9  1   1.0027 332.7000
1980 269 281  2.7 304.6  0   1.0023 335.4000
1980 269 281  4.9 299.3  1   1.0023 335.4000
1980 273 282  2.4 303.1  0   1.0015 335.1800
1980 273 282  0.8 302.4  0   1.0015 335.1800
1980 281 283  2.0 300.4  0   1.0012 337.9000
1980 281 283  2.2 300.2  0   1.0012 337.9000
1980 289 284  2.3 300.9  0   1.0019 347.1800
1980 289 284  1.4 301.2  0   1.0019 347.1800
1980 295 285  2.8 301.5  0   1.0010 344.6300
1980 295 285  5.7 295.9  1   1.0010 344.6300
1980 302 286  1.7 300.3  0   1.0020 341.7100
1980 302 286  2.1 299.5  0   1.0020 341.7100
1980 306 287  1.6 302.3  0   1.0018 344.8500
1980 306 287  2.0 299.6  0   1.0018 344.8500
1980 308 288  1.6 301.9  0   1.0005 344.4500
1980 308 288  4.5 296.3  1   1.0005 344.4500
1980 323 289  2.8 307.7  2
1980 323 289  2.4 299.0  2   1.0006 344.6900
1980 330 290  0.6 302.9  0   1.0005 343.3600
1980 330 290  0.7 300.3  0   1.0005 343.3600
1980 339 291  1.2 302.1  0   1.0005 343.0100
1980 339 291  0.9 303.1  0   1.0005 343.0100
1980 344 292  0.0 310.0  0   1.0012 341.3700
1980 344 292  1.6 306.6  0   1.0012 341.3700
1980 350 293  1.1 303.2  0   1.0004 345.1800
1980 350 293  2.9 302.9  0   1.0004 345.1800
1980 360 294  3.0 301.4  0   1.0003 352.4700
1980 360 294  3.0 301.8  0   1.0003 352.4700
1981  13 295  1.9 303.1  0   1.0008 347.4900
1981  13 295  1.6 302.6  0   1.0008 347.4900
1981  19 296  2.4 302.6  0   1.0011 343.8000
1981  19 296  1.1 301.3  0   1.0011 343.8000
1981  27 297  0.7 304.3  0   1.0006 344.9200
1981  27 297  0.2 303.3  0   1.0006 344.9200
1981  33 298  1.3 300.8  0   1.0010 344.3800
1981  33 298  0.5 303.6  0   1.0010 344.3800
1981  40 299  0.7 301.6  0   1.0006 347.2800
1981  40 299  0.8 303.7  0   1.0006 347.2800
1981  50 300  0.6 302.0  0   1.0002 348.7600
1981  50 300  2.3 303.7  0   1.0002 348.7600
1981  62 301  1.5 302.3  0   1.0003 345.1400
1981  62 301  1.6 302.1  0   1.0003 345.1400
1981  72 302  2.4 303.1  0   1.0005 345.6800
1981  72 302  1.6 303.7  0   1.0005 345.6800
1981  75 303  1.3 305.1  0   1.0006 343.7500
1981  75 303  1.7 304.8  0   1.0006 343.7500
1981  82 304  0.5 302.4  0   1.0006 343.9500
1981  82 304  3.3 303.4  0   1.0006 343.9500
1981  89 305  1.9 302.6  0   1.0007 344.5700
1981  89 305  0.1 301.6  0   1.0007 344.5700
1981  97 306  2.6 304.6  0   1.0008 345.4400
1981  97 306  1.8 303.7  0   1.0008 345.4400
1981 103 307  2.7 305.0  0   1.0008 345.7100
1981 103 307  1.9 304.1  0   1.0008 345.7100
1981 110 308  3.2 304.0  0   1.0009 346.1900
1981 110 308  1.2 302.8  0   1.0009 346.1900
1981 124 309  0.3 304.4  0   1.0014 345.6600
1981 124 309  2.0 303.7  0   1.0014 345.6600
1981 134 310  2.6 303.5  0   1.0018 346.7700
1981 134 310  1.8 301.5  0   1.0018 346.7700
1981 139 311  0.4 301.6  0   1.0019 346.1700
1981 139 311  1.3 304.6  0   1.0019 346.1700
1981 146 312  1.7 303.3  0   1.0029 346.3000
1981 146 312  1.6 305.0  0   1.0029 346.3000
1981 160 313  1.9 304.0  0   1.0036 346.3200
1981 160 313  1.8 303.9  0   1.0036 346.3200
1981 174 314  2.4 300.8  0   1.0037 343.4100
1981 174 314  2.2 304.9  0   1.0037 343.4100
1981 180 315  2.0 301.4  0   1.0033 341.2300
1981 180 315  1.4 305.0  0   1.0033 341.2300
1981 190 316  2.2 304.3  0   1.0037 340.0400
1981 190 316  1.3 302.3  0   1.0037 340.0400
1981 197 317  2.2 302.3  0   1.0042 336.5800
1981 197 317  1.4 303.7  0   1.0042 336.5800
1981 202 318  3.1 302.9  0   1.0062 333.5800
1981 202 318  2.0 298.9  0   1.0062 333.5800
1981 212 319  0.7 303.5  0   1.0040 333.0000
1981 212 319  3.1 302.8  0   1.0040 333.0000
1981 218 320  3.6 304.9  0   1.0036 332.7700
1981 218 320  2.6 305.3  0   1.0036 332.7700
1981 222 321  3.6 304.8  0   1.0037 331.9300
1981 222 321  2.3 308.6  0   1.0037 331.9300
1981 236 322  4.9 305.7  1   1.0048 329.1100
1981 236 322  3.3 304.2  0   1.0048 329.1100
1981 246 323  1.1 302.4  0   1.0012 331.0900
1981 246 323  1.3 301.7  0   1.0012 331.0900
1981 258 324  1.1 302.3  0   1.0034 335.2600
1981 258 324  1.3 301.6  0   1.0034 335.2600
1981 265 325  3.8 303.7  0   1.0028 333.4900
1981 265 325  2.3 301.4  0   1.0028 333.4900
1981 274 326  0.8 301.9  0   1.0019 335.2800
1981 274 326  1.0 301.8  0   1.0019 335.2800
1981 281 327  1.1 301.9  0   1.0017 335.6300
1981 281 327  1.0 302.0  0   1.0017 335.6300
1981 287 328  2.2 302.4  0   1.0027 339.5000
1981 287 328  1.5 300.6  0   1.0027 339.5000
1981 293 329  0.4 303.0  0   1.0013 343.9200
1981 293 329  1.1 303.0  0   1.0013 343.9200
1981 299 330  1.0 303.8  0   1.0010 341.0600
1981 299 330  0.4 303.0  0   1.0010 341.0600
1981 307 331  3.8 303.3  0   1.0005 340.7000
1981 307 331  1.1 303.1  0   1.0005 340.7000
1981 313 332  0.4 301.8  0   1.0004 340.7500
1981 313 332  2.6 302.0  0   1.0004 340.7500
1981 323 333  0.3 302.2  0   1.0020 342.7900
1981 323 333  0.9 303.1  0   1.0020 342.7900
1981 327 334  1.4 300.9  0   1.0004 343.7000
1981 327 334  2.2 302.1  0   1.0004 343.7000
1981 334 335  1.3 302.2  0   1.0004 343.6100
1981 334 335  0.8 302.1  0   1.0004 343.6100
1981 341 336  3.4 301.2  0   1.0004 344.6900
1981 341 336  1.3 303.9  0   1.0004 344.6900
1981 348 337  2.5 303.1  0   1.0006 344.8900
1981 348 337  1.6 304.7  0   1.0006 344.8900
1981 355 338  1.5 303.4  0   1.0006 344.5700
1981 355 338  0.4 304.2  0   1.0006 344.5700
1981 364 339  3.0 301.4  0   1.0005 345.3400
1981 364 339  3.4 303.2  0   1.0005 345.3400
1982   4 340  3.7 302.9  0   1.0006 345.4000
1982   4 340  4.6 303.3  1   1.0006 345.4000
1982  14 341  0.5 302.4  0   1.0003 346.3500
1982  14 341  0.0 302.1  0   1.0003 346.3500
1982  26 342  1.7 301.6  0   1.0003 345.3300
1982  26 342  2.4 300.6  0   1.0003 345.3300
1982  32 343  1.8 306.2  0   1.0004 348.8000
1982  32 343  1.1 306.0  0   1.0004 348.8000
1982  42 344  2.1 302.1  0   1.0006 347.0100
1982  42 344  1.2 304.3  0   1.0006 347.0100
1982  48 345  1.5 302.5  0   1.0012 350.4400
1982  48 345  0.1 303.6  0   1.0012 350.4400
1982  61 346  0.4 303.4  0   1.0007 348.2800
1982  61 346  0.9 303.0  0   1.0007 348.2800
1982  68 347  3.1 305.3  0   1.0005 347.7000
1982  68 347  1.2 304.1  0   1.0005 347.7000
1982  76 348  2.2 303.7  0   1.0004 347.9000
1982  76 348  0.9 302.8  0   1.0004 347.9000
1982  81 349  2.4 306.4  0   1.0005 347.9000
1982  81 349  1.5 301.3  0   1.0005 347.9000
1982  89 350  0.6 305.2  0   1.0004 347.2000
1982  89 350  1.7 305.1  0   1.0004 347.2000
1982  98 351  2.1 303.1  0   1.0022 348.6300
1982  98 351  1.3 306.9  0   1.0022 348.6300
1982 104 352  1.4 304.6  0   1.0004 347.9600
1982 104 352  1.1 305.2  0   1.0004 347.9600
1982 110 353  0.2 305.6  0   1.0009 348.5000
1982 110 353  0.7 307.0  0   1.0009 348.5000
1982 116 354  0.4 303.9  0   1.0009 348.4000
1982 116 354  0.6 305.3  0   1.0009 348.4000
1982 127 355  1.1 304.7  0   1.0009 348.0400
1982 127 355  1.5 305.5  0   1.0009 348.0400
1982 131 356  0.8 305.0  0   1.0022 348.1000
1982 131 356  1.8 306.4  0   1.0022 348.1000
1982 138 357  0.8 305.2  0   1.0016 347.6500
1982 138 357  1.2 305.4  0   1.0016 347.6500
1982 144 358  1.6 302.8  0   1.0023 347.5500
1982 144 358  0.5 305.8  0   1.0023 347.5500
1982 152 359  0.9 304.2  0   1.0027 348.3700
1982 152 359  1.3 304.8  0   1.0027 348.3700
1982 161 360  1.4 303.9  2
1982 161 360  3.2 312.0  2   1.0035 346.7700
1982 165 361  1.2 303.1  0   1.0037 347.1100
1982 165 361  0.7 301.9  0   1.0037 347.1100
1982 177 362  5.7 304.9  1   1.0040 343.1300
1982 177 362  0.3 305.7  0   1.0040 343.1300
1982 182 363  1.4 305.5  0   1.0040 342.2600
1982 182 363  0.6 306.1  0   1.0040 342.2600
1982 186 364  2.1 303.2  0   1.0041 341.2300
1982 186 364  1.6 304.4  0   1.0041 341.2300
1982 193 365  1.3 303.5  0   1.0044 340.2900
1982 193 365  2.2 305.0  0   1.0044 340.2900
1982 203 366  1.6 303.7  0   1.0037 340.2400
1982 203 366  0.9 305.2  0   1.0037 340.2400
1982 210 367  0.6 303.3  0   1.0042 336.5800
1982 210 367  1.7 305.6  0   1.0042 336.5800
1982 219 368  1.8 303.9  0   1.0061 330.0300
1982 219 368  2.1 305.0  0   1.0061 330.0300
1982 221 369  1.5 305.0  0   1.0036 334.3000
1982 221 369  2.3 304.6  0   1.0036 334.3000
1982 233 370  1.0 303.0  0   1.0037 332.1900
1982 233 370  0.3 303.7  0   1.0037 332.1900
1982 235 371  2.3 304.2  0   1.0040 331.3500
1982 235 371  1.2 303.3  0   1.0040 331.3500
1982 243 372  0.7 303.3  0   1.0038 332.2000
1982 243 372  2.5 304.6  0   1.0038 332.2000
1982 253 373  1.2 302.9  0   1.0030 332.2000
1982 253 373  1.2 305.2  0   1.0030 332.2000
1982 263 374  1.6 302.4  0   1.0012 332.7400
1982 263 374  1.2 303.0  0   1.0012 332.7400
1982 265 375  1.1 304.9  0   1.0035 334.0600
1982 265 375  1.3 305.0  0   1.0035 334.0600
1982 271 376  0.9 305.4  0   1.0024 336.3300
1982 271 376  1.6 302.6  0   1.0024 336.3300
1982 279 377  0.3 302.0  0   1.0013 336.1700
1982 279 377  1.1 305.8  0   1.0013 336.1700
1982 291 378  0.6 302.7  0   1.0011 340.6400
1982 291 378  1.8 303.9  0   1.0011 340.6400
1982 296 379  2.4 304.2  0   1.0005 341.3900
1982 296 379  2.4 303.2  0   1.0005 341.3900
1982 302 380  1.1 304.5  0   1.0006 339.8500
1982 302 380  1.7 303.1  0   1.0006 339.8500
1982 305 381  0.6 304.0  0   1.0005 340.1500
1982 305 381  1.3 304.4  0   1.0005 340.1500
1982 313 382  1.2 303.3  0   1.0003 342.4600
1982 313 382  0.8 304.8  0   1.0003 342.4600
1982 319 383  0.5 304.4  0   1.0005 342.2300
1982 319 383  1.4 304.8  0   1.0005 342.2300
1982 326 384  1.8 304.3  0   1.0003 343.5100
1982 326 384  0.5 304.9  0   1.0003 343.5100
1982 337 385  1.0 303.9  0   1.0005 344.2600
1982 337 385  1.6 303.6  0   1.0005 344.2600
1982 340 386  0.4 303.3  0   1.0005 343.0800
1982 340 386  1.5 304.2  0   1.0005 343.0800
1982 348 387  2.3 302.7  0   1.0005 344.8200
1982 348 387  2.0 307.4  0   1.0005 344.8200
1982 354 388  1.7 302.7  0   1.0004 344.1400
1982 354 388  1.2 306.9  0   1.0004 344.1400
1982 361 389  1.5 304.6  0   1.0004 345.6600
1982 361 389  0.9 307.5  0   1.0004 345.6600
1983  14 390  1.4 304.0  0   1.0003 347.5800
1983  14 390  1.4 304.8  0   1.0003 347.5800
1983  21 391  1.5 304.9  0   1.0003 351.4600
1983  21 391  1.2 304.5  0   1.0003 351.4600
1983  24 392  0.2 303.9  0   1.0005 347.8000
1983  24 392  0.2 307.3  0   1.0005 347.8000
1983  32 393  1.7 305.0  0   1.0005 346.0100
1983  32 393  1.0 304.9  0   1.0005 346.0100
1983  39 394  1.2 306.0  0   1.0006 346.5700
1983  39 394  1.8 306.5  0   1.0006 346.5700
1983  46 395  0.2 304.8  0   1.0002 346.9400
1983  46 395  0.8 306.3  0   1.0002 346.9400
1983  53 396  0.5 304.9  0   1.0002 348.3400
1983  53 396  1.2 306.6  0   1.0002 348.3400
1983  70 397  0.8 305.4  0   1.0002 347.0500
1983  70 397  1.5 306.4  0   1.0002 347.0500
1983  72 398  0.6 305.7  0   1.0003 349.6800
1983  72 398  1.3 304.1  0   1.0003 349.6800
1983  82 399  0.4 303.3  0   1.0005 347.4500
1983  82 399  1.7 305.1  0   1.0005 347.4500
1983  91 400  1.0 305.6  0   1.0003 347.5300
1983  91 400  0.9 304.6  0   1.0003 347.5300
1983 104 402  0.2 304.4  0   1.0005 348.7200
1983 104 402  2.1 304.8  0   1.0005 348.7200
1983 109 403  1.4 304.5  0   1.0006 347.9500
1983 109 403  1.9 304.2  0   1.0006 347.9500
1983 117 404  1.0 304.2  0   1.0012 348.5600
1983 117 404  0.4 303.7  0   1.0012 348.5600
1983 130 405  1.2 304.6  0   1.0002 348.5900
1983 130 405  1.1 307.1  0   1.0002 348.5900
1983 137 406  0.6 304.3  0   1.0007 348.2800
1983 137 406  1.2 305.8  0   1.0007 348.2800
1983 144 407  2.2 307.2  2
1983 144 407  0.8 299.7  2   1.0008 348.7600
1983 152 408  1.3 303.9  0   1.0012 351.2100
1983 152 408  0.8 299.2  0   1.0012 351.2100
1983 165 409  1.5 303.2  0   1.0024 347.9500
1983 165 409  1.3 306.0  0   1.0024 347.9500
1983 174 410  1.2 304.9  0   1.0002 346.0600
1983 174 410  0.2 304.4  0   1.0002 346.0600
1983 178 411  2.5 303.5  0   1.0009 346.2900
1983 178 411  1.6 305.6  0   1.0009 346.2900
1983 186 412  1.8 309.2  0   1.0025 341.5200
1983 186 412  1.7 314.6  4   1.0025 341.5200
1983 195 413  1.6 303.7  0   1.0024 341.0100
1983 195 413  1.1 305.9  0   1.0024 341.0100
1983 200 414  2.5 305.0  0   1.0030 339.0400
1983 200 414  3.5 307.3  0   1.0030 339.0400
1983 207 415  2.1 304.2  0   1.0034 338.0300
1983 207 415  3.4 308.2  0   1.0034 338.0300
1983 220 416  1.2 304.5  0   1.0029 331.4600
1983 220 416  0.4 306.5  0   1.0029 331.4600
1983 227 417  0.4 304.5  0   1.0020 334.5600
1983 227 417  2.6 303.9  0   1.0020 334.5600
1983 237 418  0.6 302.2  0   1.0026 333.0200
1983 237 418  1.1 304.4  0   1.0026 333.0200
1983 255 419  0.8 302.9  0   1.0018 334.0100
1983 255 419  1.6 302.2  0   1.0018 334.0100
1983 269 420  1.8 303.7  0   1.0016 335.7400
1983 269 420  1.8 303.7  0   1.0016 335.7400
1983 277 421  1.1 305.6  0   1.0013 336.9900
1983 277 421  0.9 306.3  0   1.0013 336.9900
1983 284 422  0.6 303.6  0   1.0010 339.3500
1983 284 422  1.3 304.9  0   1.0010 339.3500
1983 292 423  0.3 303.7  0   1.0003 339.7300
1983 292 423  2.1 303.0  0   1.0003 339.7300
1983 299 424  1.3 305.7  0   1.0004 341.0000
1983 299 424  1.4 304.7  0   1.0004 341.0000
1983 306 425  1.4 302.0  0   1.0005 345.6500
1983 306 425  1.5 303.7  0   1.0005 345.6500
1983 313 426  1.5 303.6  0   1.0008 344.9600
1983 313 426  1.1 306.0  0   1.0008 344.9600
1983 319 427  0.8 304.3  0   1.0003 345.9600
1983 319 427  1.0 304.8  0   1.0003 345.9600
1983 327 428  0.8 303.1  0   1.0006 347.2700
1983 327 428  1.7 304.9  0   1.0006 347.2700
1983 334 429  0.9 303.1  0   1.0005 346.4700
1983 334 429  0.3 305.9  0   1.0005 346.4700
1983 341 430  1.3 303.1  0   1.0003 346.2500
1983 341 430  2.4 303.2  0   1.0003 346.2500
1983 348 431  1.4 302.9  0   1.0003 350.5700
1983 348 431  1.0 304.3  0   1.0003 350.5700
1983 353 432  1.3 305.8  0   1.0006 349.5000
1983 353 432  2.4 304.9  0   1.0006 349.5000
1983 361 433  0.8 306.2  0   1.0004 343.4900
1983 361 433  1.6 306.1  0   1.0004 343.4900
1984   3 434  1.3 304.8  0   1.0002 350.1000
1984   3 434  2.6 305.5  0   1.0002 350.1000
1984   9 435  1.1 306.5  0   1.0003 348.3000
1984   9 435  0.3 306.2  0   1.0003 348.3000
1984  17 436  1.5 303.5  0   1.0009 347.4000
1984  17 436  1.9 306.0  0   1.0009 347.4000
1984  25 437  1.6 301.6  0   1.0002 351.7000
1984  25 437  0.8 304.3  0   1.0002 351.7000
1984  31 438  0.2 306.5  0   1.0002 352.1000
1984  31 438  0.6 307.5  0   1.0002 352.1000
1984  37 439  0.6 305.3  0   1.0002 350.4600
1984  37 439  0.7 306.0  0   1.0002 350.4600
1984  45 440  1.5 303.9  0   1.0002 350.4700
1984  45 440  1.5 306.3  0   1.0002 350.4700
1984  53 441  1.4 300.5  0   1.0002 350.4800
1984  53 441  3.2 302.2  0   1.0002 350.4800
1984  59 442  0.6 304.8  0   1.0002 351.3500
1984  59 442  1.1 305.5  0   1.0002 351.3500
1984  65 443  1.8 304.3  0   1.0002 349.7100
1984  65 443  0.9 304.2  0   1.0002 349.7100
1984  72 444  0.8 303.8  2
1984  72 444  0.9 311.0  2   1.0003 350.7800
1984  79 445  0.9 303.3  0   1.0002 350.1900
1984  79 445  0.4 306.2  0   1.0002 350.1900
1984  89 446  2.3 296.2  4   1.0002 350.0000
1984  89 446  1.0 307.8  2   1.0002 350.0000
1984  94 447  1.2 305.7  0   1.0004 349.4400
1984  94 447  2.2 305.9  0   1.0004 349.4400
1984 102 448  0.8 305.2  0   1.0002 349.4400
1984 102 448  0.6 304.0  0   1.0002 349.4400
1984 109 449  1.8 303.3  0   1.0002 349.6900
1984 109 449  0.7 305.7  0   1.0002 349.6900
1984 114 450  1.3 306.2  0   1.0002 349.7500
1984 114 450  0.9 305.1  0   1.0002 349.7500
1984 121 451  1.8 306.0  0   1.0005 350.0100
1984 121 451  1.7 305.7  0   1.0005 350.0100
1984 136 452  2.0 305.2  0   1.0012 351.1000
1984 136 452  2.0 305.4  0   1.0012 351.1000
1984 145 453  2.7 304.2  0   1.0008 350.4600
1984 145 453  1.1 305.4  0   1.0008 350.4600
1984 150 454  1.3 307.3  0   1.0012 350.4200
1984 150 454  2.4 308.0  0   1.0012 350.4200
1984 156 455  1.2 305.8  0   1.0015 349.5600
1984 156 455  2.5 305.1  0   1.0015 349.5600
1984 163 456  1.8 305.7  0   1.0020 349.9500
1984 163 456  2.0 304.9  0   1.0020 349.9500
1984 170 457  0.9 307.5  0   1.0022 347.4800
1984 170 457  1.2 305.7  0   1.0022 347.4800
1984 177 458  3.1 306.0  0   1.0019 348.0100
1984 177 458  0.4 306.2  0   1.0019 348.0100
1984 184 459  0.8 305.8  0   1.0027 344.8800
1984 184 459  0.5 304.9  0   1.0027 344.8800
1984 191 460  2.5 305.4  0   1.0020 339.3800
1984 191 460  2.2 305.2  0   1.0020 339.3800
1984 202 461  2.3 304.9  0   1.0011 341.1600
1984 202 461  0.9 304.5  0   1.0011 341.1600
1984 206 462  2.0 304.1  0   1.0027 337.7600
1984 206 462  1.1 305.0  0   1.0027 337.7600
1984 212 463  1.7 304.9  0   1.0025 338.6800
1984 212 463  2.3 303.9  0   1.0025 338.6800
1984 222 464  0.6 306.5  0   1.0035 335.0000
1984 222 464  2.4 306.3  0   1.0035 335.0000
1984 230 465  1.8 305.7  0   1.0054 336.7100
1984 230 465  1.0 305.5  0   1.0054 336.7100
1984 236 466  1.5 304.9  0   1.0035 336.8100
1984 236 466  2.5 307.2  0   1.0035 336.8100
1984 242 467  0.7 304.0  0   1.0036 336.7300
1984 242 467  2.6 305.5  0   1.0036 336.7300
1984 247 468  0.5 302.2  8   1.0034 335.6400
1984 247 468  1.9 304.7  8   1.0034 335.6400
1984 254 469  3.1 301.6  8   1.0035 336.3100
1984 254 469  1.6 307.4  8   1.0035 336.3100
1984 261 470  1.0 303.4  8   1.0041 341.3300
1984 261 470  1.2 305.8  8   1.0041 341.3300
1984 268 471  1.1 307.5  8   1.0044 349.8000
1984 268 471  1.5 304.6  8   1.0044 349.8000
1984 275 472  2.7 304.6  8   1.0021 339.3000
1984 275 472  1.1 305.8  8   1.0021 339.3000
1984 282 473  1.1 304.4  8   1.0020 339.6800
1984 282 473  1.2 305.5  8   1.0020 339.6800
1984 290 474  1.8 305.3  8   1.0025 347.4700
1984 290 474  1.3 306.0  8   1.0025 347.4700
1984 296 475  3.1 305.3  8   1.0016 341.9100
1984 296 475  1.3 304.3  8   1.0016 341.9100
1984 303 476  1.6 306.1  8   1.0008 345.8800
1984 303 476  1.0 306.6  8   1.0008 345.8800
1984 310 477  4.0 307.9  9   1.0005 344.2500
1984 310 477  1.9 311.9  8   1.0005 344.2500
1984 317 478  0.7 305.0  8   1.0006 344.7500
1984 317 478  1.1 304.4  8   1.0006 344.7500
1984 324 479  3.3 303.8  8   1.0004 345.0100
1984 324 479  1.2 307.2  8   1.0004 345.0100
1984 329 480  1.4 305.9  8   1.0004 344.6300
1984 329 480  2.0 306.0  8   1.0004 344.6300
1984 338 481  0.0 306.7  8   1.0007 348.3900
1984 338 481  1.2 306.9  8   1.0007 348.3900
1984 345 482  0.6 306.7  8   1.0004 350.8700
1984 345 482  0.9 305.8  8   1.0004 350.8700
1984 352 483  0.6 306.7  8   1.0010 347.7800
1984 352 483  0.6 306.6  8   1.0010 347.7800
1984 359 484  1.2 306.7  8   1.0012 349.8200
1984 359 484  1.5 308.2  8   1.0012 349.8200
1985   7 486  1.0 309.6  8   1.0006 350.4000
1985   7 486  2.0 305.3  8   1.0006 350.4000
1985  10 485  1.6 308.0  8   1.0012 349.9300
1985  10 485  1.4 308.3  8   1.0012 349.9300
1985  16 487  3.0 308.0  8   1.0012 350.1000
1985  16 487  2.2 310.4  8   1.0012 350.1000
1985  23 488  2.7 310.5  8   1.0012 349.2600
1985  23 488  1.6 309.2  8   1.0012 349.2600
1985  30 489  2.3 310.2  8   1.0012 348.8300
1985  30 489  2.0 306.2  8   1.0012 348.8300
1985  38 490  0.6 308.4  8   1.0012 348.8800
1985  38 490  1.2 308.7  8   1.0012 348.8800
1985  44 491  1.6 304.8  8   1.0012 349.3200
1985  44 491  0.5 308.6  8   1.0012 349.3200
1985  55 492  3.4 305.1  0   1.0012 350.1200
1985  55 492  2.7 306.7  0   1.0012 350.1200
1985  60 493  0.9 305.2  0   1.0012 349.7700
1985  60 493  2.4 303.1  0   1.0012 349.7700
1985  65 494  3.8 309.4  0   1.0012 350.3300
1985  65 494  2.2 305.0  0   1.0012 350.3300
1985  72 495  2.4 305.9  0   1.0012 350.8500
1985  72 495  2.1 304.9  0   1.0012 350.8500
1985  81 496  2.7 306.8  0   1.0012 349.8900
1985  81 496  2.5 305.8  0   1.0012 349.8900
1985  91 497  2.9 303.4  0   1.0012 351.5000
1985  91 497  2.7 304.5  0   1.0012 351.5000
1985  93 498  1.8 311.7  2
1985  93 498  2.5 305.0  2   1.0012 351.3000
1985 100 499  3.1 309.6  0   1.0012 350.8600
1985 100 499  4.8 306.9  1   1.0012 350.8600
1985 107 500  2.3 304.7  0   1.0012 351.6900
1985 107 500  2.3 305.8  0   1.0012 351.6900
1985 114 501  1.9 306.6  0   1.0012 351.2300
1985 114 501  2.6 304.2  0   1.0012 351.2300
1985 121 502  1.7 304.8  0   1.0012 353.3100
1985 121 502  2.0 305.0  0   1.0012 353.3100
1985 128 503  1.6 307.6  0   1.0012 352.1000
1985 128 503  1.5 308.7  0   1.0012 352.1000
1985 135 504  2.5 301.8  0   1.0012 352.4000
1985 135 504  2.4 305.7  0   1.0012 352.4000
1985 146 505  1.8 300.0  0   1.0012 352.7000
1985 146 505  1.4 303.2  0   1.0012 352.7000
1985 149 506  2.2 302.6  0   1.0012 351.4000
1985 149 506  2.1 300.8  0   1.0012 351.4000
1985 156 507  3.1 302.6  0   1.0012 350.1700
1985 156 507  3.9 300.7  1   1.0012 350.1700
1985 163 508  3.2 300.8  0   1.0012 349.7900
1985 163 508  5.1 304.1  1   1.0012 349.7900
1985 170 509  3.6 302.4  0   1.0012 350.1900
1985 170 509  2.9 300.2  0   1.0012 350.1900
1985 177 510  2.6 307.1  0   1.0012 347.7600
1985 177 510  1.6 304.8  0   1.0012 347.7600
1985 189 511  2.8 304.3  0   1.0012 345.2200
1985 189 511  3.5 300.1  0   1.0012 345.2200
1985 192 512  3.2 304.6  0   1.0012 345.4500
1985 192 512  2.2 304.0  0   1.0012 345.4500
1985 199 513  3.3 302.3  0   1.0012 343.9000
1985 199 513  3.0 304.6  0   1.0012 343.9000
1985 205 514  1.8 304.0  0   1.0012 340.5700
1985 205 514  3.6 303.8  0   1.0012 340.5700
1985 217 515  2.6 304.9  0   1.0012 337.8400
1985 217 515  2.5 303.9  0   1.0012 337.8400
1985 225 516  3.6 302.4  0   1.0012 338.3500
1985 225 516  2.5 304.4  0   1.0012 338.3500
1985 232 517  1.8 307.4  0   1.0012 336.4200
1985 235 518  1.9 301.3  0   1.0012 336.2500
1985 235 518  3.8 302.1  0   1.0012 336.2500
1985 246 519  1.5 305.0  0   1.0012 335.6900
1985 246 519  1.8 304.6  0   1.0012 335.6900
1985 250 520  1.6 303.7  0   1.0012 334.9900
1985 250 520  2.6 305.1  0   1.0012 334.9900
1985 254 521  1.4 299.9  0   1.0030 335.9700
1985 254 521  1.2 300.3  0   1.0030 335.9700
1985 267 522  5.3 293.3  5   1.0012 339.0300
1985 267 522  1.6 303.1  2   1.0012 339.0300
1985 270 523  3.1 301.4  0   1.0017 338.5100
1985 270 523  3.2 301.2  0   1.0017 338.5100
1985 276 524  1.6 299.1  4   1.0023 340.9000
1985 276 524  2.1 302.3  0   1.0023 340.9000
1985 284 525  2.0 299.9  4   1.0018 344.4000
1985 284 525  2.5 301.5  0   1.0018 344.4000
1985 295 526  2.2 304.2  0   1.0013 346.1000
1985 295 526  3.0 300.2  0   1.0013 346.1000
1985 303 527  3.1 300.9  0   1.0009 347.3500
1985 303 527  3.3 298.1  4   1.0009 347.3500
1985 309 528  2.0 299.6  4   1.0006 352.5100
1985 309 528  2.8 299.0  4   1.0006 352.5100
1985 324 529  2.4 301.6  0   1.0015 348.3600
1985 324 529  1.6 302.7  0   1.0015 348.3600
1985 330 530  1.8 302.6  0   1.0010 347.5900
1985 330 530  3.7 300.3  0   1.0010 347.5900
1985 338 531  2.9 300.5  0   1.0011 347.7300
1985 338 531  1.7 302.3  0   1.0011 347.7300
1985 342 532  2.4 298.3  4   1.0002 348.0000
1985 342 532  2.2 300.4  0   1.0002 348.0000
1985 345 533  2.6 299.5  4   1.0006 347.3800
1985 345 533  1.9 301.1  0   1.0006 347.3800
1985 352 534  0.1 300.5  0   1.0002 353.0600
1985 352 534  2.6 301.3  0   1.0002 353.0600
1985 365 535  2.9 301.4  0   1.0004 350.0400
1985 365 535  2.5 301.2  0   1.0004 350.0400
1986   7 536  2.2 299.8  4   1.0005 348.4600
1986   7 536  1.2 302.0  0   1.0005 348.4600
1986  15 537  1.1 300.9  0   1.0005 349.7400
1986  15 537  2.0 299.8  4   1.0005 349.7400
1986  21 538  6.1 302.1  1   1.0005 350.1500
1986  21 538  1.0 300.9  0   1.0005 350.1500
1986  28 539  0.8 301.0  0   1.0004 352.4700
1986  28 539  1.5 301.5  0   1.0004 352.4700
1986  36 540  1.1 302.7  0   1.0005 351.3300
1986  36 540  0.3 298.3  4   1.0005 351.3300
1986  50 541  0.5 301.4  0   1.0004 352.2700
1986  50 541  1.5 301.7  0   1.0004 352.2700
1986  56 542  0.7 300.6  0   1.0002 352.5300
1986  56 542  2.1 301.5  0   1.0002 352.5300
1986  63 543  0.7 301.2  0   1.0004 354.0000
1986  63 543  1.3 300.6  0   1.0004 354.0000
1986  71 544  1.1 300.7  0   1.0003 353.7000
1986  71 544  2.0 303.2  0   1.0003 353.7000
1986  79 545  1.0 301.6  0   1.0004 355.5000
1986  79 545  1.8 299.8  4   1.0004 355.5000
1986  92 546  1.4 302.2  0   1.0006 352.9900
1986  92 546  1.5 301.9  0   1.0006 352.9900
1986  98 547  2.3 303.4  0   1.0004 352.6200
1986  98 547  2.3 302.0  0   1.0004 352.6200
1986 105 548  1.8 301.0  0   1.0011 353.5900
1986 105 548  2.0 301.1  0   1.0011 353.5900
1986 108 549  2.1 301.4  0   1.0010 352.7600
1986 108 549  3.9 301.1  1   1.0010 352.7600
1986 118 550  2.3 301.8  0   1.0008 353.5700
1986 118 550  1.4 302.8  0   1.0008 353.5700
1986 124 551  3.0 303.4  0   1.0021 353.5800
1986 124 551  7.4 309.0  1   1.0021 353.5800
1986 141 552  1.6 304.2  0   1.0015 352.8900
1986 148 553  1.7 302.5  0   1.0020 353.4300
1986 148 553  2.2 298.7  4   1.0020 353.4300
1986 154 554  2.5 301.4  0   1.0021 353.4000
1986 154 554  1.4 301.5  0   1.0021 353.4000
1986 162 555  3.4 302.4  0   1.0027 351.0800
1986 171 556  3.4 304.4  0   1.0034 349.1800
1986 171 556  4.6 308.7  1   1.0034 349.1800
1986 178 557  3.6 304.9  0   1.0055 348.6400
1986 178 557  1.9 302.5  0   1.0055 348.6400
1986 184 558  4.1 301.1  1   1.0039 348.4400
1986 184 558  2.9 306.4  0   1.0039 348.4400
1986 197 559  2.4 300.7  4   1.0045 342.0700
1986 197 559  1.7 303.6  0   1.0045 342.0700
1986 204 560  1.7 302.4  0   1.0036 343.9600
1986 211 561  3.3 302.6  0   1.0061 342.1000
1986 211 561  1.4 304.3  0   1.0061 342.1000
1986 217 562  1.8 302.3  0   1.0040 341.2500
1986 217 562  2.7 303.1  0   1.0040 341.2500
1986 225 563  2.6 303.1  0   1.0047 337.7200
1986 225 563  1.6 303.5  0   1.0047 337.7200
1986 232 564  5.6 300.9  1   1.0035 338.1800
1986 232 564  4.1 302.8  1   1.0035 338.1800
1986 245 565  2.1 300.7  4   1.0039 338.3000
1986 245 565  2.1 300.5  4   1.0039 338.3000
1986 252 566  1.6 302.2  0   1.0037 339.6200
1986 252 566  3.3 301.6  0   1.0037 339.6200
1986 261 567  2.2 302.6  0   1.0046 350.4000
1986 261 567  1.8 301.3  0   1.0046 350.4000
1986 270 568  2.2 302.2  0   1.0028 345.9900
1986 283 569  3.2 300.3  4   1.0019 345.0000
1986 283 569  2.4 303.2  0   1.0019 345.0000
1986 290 570  2.9 301.5  0   1.0013 349.9700
1986 290 570  2.5 300.3  4   1.0013 349.9700
1986 297 571  2.8 300.8  4   1.0012 346.4100
1986 297 571  3.4 302.9  0   1.0012 346.4100
1986 303 572  3.1 302.2  0   1.0020 348.2900
1986 319 573  2.4 303.4  0   1.0017 349.4500
1986 319 573  4.1 301.9  1   1.0017 349.4500
1986 326 574  3.8 302.3  0   1.0008 349.1400
1986 326 574  3.6 301.5  0   1.0008 349.1400
1986 333 575  3.6 300.7  4   1.0003 349.1600
1986 343 576  2.0 303.0  0   1.0014 350.9900
1986 343 576  1.6 301.5  0   1.0014 350.9900
1986 346 577  3.6 302.0  0   1.0007 349.7800
1986 346 577  2.0 303.1  0   1.0007 349.7800
1986 354 578  4.3 300.6  5   1.0008 350.4100
1986 354 578  3.7 300.4  4   1.0008 350.4100
1986 359 579  3.0 298.7  4   1.0004 352.7500
1986 359 579  1.8 300.3  4   1.0004 352.7500
