This is dataplot data file   RANDDEX.DAT
Double Exponential Random numbers
Number of observations = 500
 
 
 
 
 
 
 
 
 
 
 
 
 
 
 
 
 
 
 
 
      Y
   --------
 -0.4676039E-01
 -0.1697702E+00
  0.3993383E+00
 -0.8700185E-01
  0.8451469E+00
  0.3184380E+00
  0.8173865E+00
 -0.1459956E-01
 -0.5228786E-01
 -0.2646552E+01
  0.2811392E+01
  0.3469934E+00
  0.4517209E+00
  0.5283943E+00
  0.1728262E+01
 -0.5492064E+00
  0.3433553E+00
 -0.8936681E+00
 -0.5681185E+00
 -0.7068996E+00
  0.1080966E+01
  0.1273352E+01
  0.1466876E+00
  0.8208304E-02
  0.7085946E+00
 -0.3401314E+00
  0.1047576E+01
  0.2188497E+00
  0.1255213E+01
 -0.1936581E+01
  0.3584303E+00
  0.1753341E+01
 -0.4794082E+00
 -0.8571476E+00
  0.1328191E+01
 -0.3083785E+00
  0.4059175E+00
 -0.4247206E-01
 -0.3506038E+00
 -0.5131489E+00
  0.1296316E+01
  0.1748530E+01
 -0.1399418E+01
  0.5662306E-01
  0.5142483E+00
 -0.4467346E+01
  0.1144995E+01
 -0.5602792E-01
  0.2590869E+00
 -0.2447498E+00
  0.8845666E+00
  0.2932389E+01
 -0.1556487E+01
  0.2250080E+01
  0.1740020E+01
 -0.1246065E+00
  0.4278989E+00
 -0.7248173E+00
 -0.2678899E+01
  0.8621406E+00
  0.1759066E+01
  0.2920116E+01
 -0.7487966E+00
 -0.9496811E+00
 -0.4585020E+00
 -0.5115754E+00
  0.1781369E+00
 -0.1212320E+00
 -0.8206760E+00
 -0.8642808E+00
 -0.3496410E+00
  0.4135311E+00
 -0.5814411E+01
  0.9652337E-01
  0.2763691E+01
 -0.4520813E+00
  0.1431067E+01
 -0.1741885E+01
  0.1577524E+00
  0.6236324E+00
 -0.1388545E+01
  0.1377876E+00
  0.8571720E+00
  0.4060903E+01
 -0.5478742E+00
  0.1657075E+01
 -0.3462130E+00
 -0.1384596E+00
 -0.4399362E+00
 -0.5530490E+00
 -0.3322712E+00
 -0.2608189E+00
 -0.1450743E+01
 -0.1242814E+00
 -0.9162819E+00
  0.8471239E+00
  0.3658806E+00
  0.4196903E+01
  0.1404112E+01
 -0.1931431E+00
  0.8881588E+00
 -0.3171290E+00
 -0.1739240E+01
  0.4819621E-01
  0.3071870E+01
 -0.5708908E-01
 -0.1877034E+01
  0.6131557E+00
 -0.1285064E+01
  0.1270361E+01
 -0.2790693E+01
  0.1398528E+01
  0.2180430E+01
 -0.3023406E-01
  0.1325432E+01
 -0.1181026E+01
 -0.7399548E-01
 -0.1209255E+01
 -0.1418893E+01
  0.8179349E+00
  0.3009841E+00
 -0.2530724E-01
  0.4368160E+00
 -0.2419813E+01
 -0.2299622E+01
 -0.1686372E-01
  0.2953658E+00
  0.3460615E+00
 -0.1090947E+01
 -0.1545104E+01
 -0.4338258E+01
  0.7369506E+00
 -0.1453781E-01
  0.5229361E+00
  0.2463576E+01
  0.1474372E+01
  0.3290670E+01
  0.1293376E+01
 -0.8388387E+00
 -0.5781051E+00
  0.1146142E+01
  0.1983945E+01
 -0.2978951E+00
  0.1941571E+00
  0.3125614E+00
  0.4250165E+00
  0.1047495E+01
 -0.3156427E+00
  0.1064334E+01
 -0.1262796E+01
  0.2797186E+01
  0.1325442E+01
 -0.4265455E-01
  0.1178537E+01
 -0.5848219E+00
  0.7068535E+00
  0.1903790E+00
  0.3231061E+00
  0.1770764E+01
  0.1686459E+01
 -0.1107648E+01
  0.2353088E+01
  0.2657290E+01
 -0.1711402E+01
  0.8938425E-01
 -0.3926095E+00
  0.9730276E+00
  0.4693281E+01
 -0.8067686E+00
 -0.2061495E+01
 -0.1712479E-01
  0.6705677E-01
 -0.7255939E+00
  0.3187513E+00
 -0.1611545E+00
  0.1663190E+00
  0.2877248E+00
 -0.1872739E+01
  0.4588956E+00
 -0.8197111E-01
 -0.2777062E-01
 -0.1804686E+01
  0.6508728E+00
  0.1370247E+01
 -0.7208139E-01
 -0.6418581E+00
 -0.3289765E+01
 -0.7024127E+00
 -0.3840492E+00
 -0.8064992E+00
  0.2921854E+00
  0.2059203E+00
  0.4188007E+00
  0.5639906E+00
 -0.1228552E+01
  0.2165881E+01
 -0.1328767E+01
 -0.9954603E+00
  0.3099819E+00
 -0.2054185E+00
 -0.1970441E+01
  0.4069888E+00
  0.1853038E+01
  0.2604264E+00
 -0.1142822E+01
  0.6130382E+00
 -0.1188622E+00
 -0.5278533E+00
 -0.3142492E+01
 -0.2352140E-01
 -0.3603380E+01
 -0.5188341E+00
 -0.3502404E+00
  0.1506753E+01
 -0.4988974E+00
 -0.2735270E+00
  0.1518262E+01
 -0.5707112E+00
 -0.8118784E+00
 -0.2692398E+00
  0.7580370E+00
  0.6198778E+00
  0.1129739E+00
  0.8121404E+00
 -0.1748182E+01
  0.6698987E+00
 -0.7231183E+00
  0.8294092E-01
 -0.3990679E-01
  0.6340700E+00
  0.1237419E+01
  0.2104037E+01
 -0.1142869E+01
  0.1984160E+00
 -0.1004304E+00
  0.3090348E+00
  0.1211252E+00
 -0.2389071E+00
  0.1265783E+01
  0.1597618E+01
  0.1237018E+01
 -0.6188949E-01
  0.3556019E+00
  0.2649358E+00
 -0.3312473E+00
 -0.2891863E+00
  0.6356622E+00
  0.8900882E+00
  0.4380520E+00
 -0.9184809E+00
  0.8414182E+00
 -0.5692190E+00
 -0.1128446E+01
 -0.1424491E+01
  0.9458144E+00
  0.1903271E+01
 -0.2635161E+00
 -0.4881121E+00
  0.3575955E+00
 -0.1163508E+01
 -0.4809836E+00
 -0.2989399E+01
  0.2001824E+01
  0.1773303E+01
 -0.3243351E+00
  0.3058016E+00
  0.1053236E+01
 -0.1217362E+01
  0.3068805E+00
 -0.9176111E+00
  0.2310121E-01
 -0.3230040E+01
 -0.8094782E+00
 -0.7013481E+00
  0.1540323E+01
  0.1280826E+01
  0.1298897E+01
  0.1753974E+01
 -0.8083367E+00
  0.2535486E+01
  0.2225287E+01
  0.4168323E-02
 -0.5736803E+00
 -0.2301608E+00
  0.9802075E+00
 -0.4656897E+00
 -0.5030436E+00
  0.7778591E+00
 -0.2812363E+00
  0.1980565E+00
 -0.2026578E+01
 -0.1996721E+00
  0.1706055E+01
  0.2807274E-01
  0.4350401E+00
  0.1158958E+01
 -0.1073375E+00
  0.2609867E+01
 -0.3749789E+01
 -0.2365919E+00
 -0.1145344E+00
  0.3194558E+00
  0.3548959E+00
  0.5427210E+00
  0.2859526E+00
 -0.1988276E+01
 -0.2366812E+01
  0.1826830E+00
 -0.5110990E+00
  0.5626147E+00
  0.1156903E+00
 -0.2997305E+00
  0.6554289E+00
  0.1209366E+01
  0.7008304E+00
  0.8962525E-01
  0.3030419E+01
 -0.5293301E+00
 -0.8482634E+00
 -0.1584388E+01
  0.1099285E+01
 -0.3523943E+00
 -0.7939225E+00
 -0.1095481E+01
  0.3885049E-01
  0.6940900E-01
  0.3184441E+00
  0.4197960E+00
  0.8998288E+00
  0.8149190E+00
  0.4548257E+00
  0.1464876E+01
 -0.1358318E+01
  0.1026262E+01
 -0.3218711E-01
 -0.6476939E-01
  0.8297005E+00
 -0.5272907E+00
 -0.6330911E-01
 -0.6611500E+00
 -0.5059957E+00
 -0.6429968E+00
  0.7405468E+00
  0.1096414E+01
  0.1904806E+00
  0.9590041E-02
 -0.3212061E-01
 -0.1847026E+01
  0.2273411E+01
 -0.8736196E-01
  0.4586888E+00
 -0.9650440E+01
  0.2490024E+00
 -0.1098954E+01
 -0.1120418E+01
 -0.8457512E+00
  0.6612747E+00
 -0.4820488E+00
  0.1647685E+01
 -0.2194048E+00
 -0.2701018E+00
 -0.1169994E+01
  0.9364239E+00
 -0.1754073E+00
 -0.4380537E+00
 -0.1435676E+00
  0.5009141E+00
 -0.1426764E+01
 -0.1754841E+00
  0.5531579E+00
 -0.6291537E+00
  0.7029375E-01
  0.1665214E+01
  0.4388828E+00
 -0.2139951E+00
 -0.3208421E+00
 -0.1328465E+01
  0.4871560E-01
  0.4591282E-01
  0.2223684E+00
  0.2175271E+01
  0.9665116E+00
 -0.1707680E+01
  0.1052257E+01
 -0.4155666E-01
  0.4853066E-01
 -0.1636177E+01
  0.1044815E+01
 -0.5396175E+00
  0.1606913E+00
  0.1178072E+01
  0.4899951E+00
 -0.8044535E-01
 -0.1145428E+01
 -0.2293654E+01
 -0.4350174E+00
 -0.1671361E+01
  0.3695729E-01
 -0.3588265E+00
  0.2520882E+01
 -0.3604297E-02
  0.2596727E+00
  0.4501787E+01
 -0.6856304E+00
 -0.1304279E+01
 -0.8832647E+00
 -0.2522598E+01
 -0.1214755E+01
  0.1237530E+00
  0.4287279E+00
 -0.2350272E+01
  0.3880222E+01
  0.1048478E+01
 -0.7428077E-01
 -0.1163534E+01
  0.5055855E+00
 -0.2817712E+01
 -0.4259837E+00
  0.1203023E+01
 -0.1128651E+01
 -0.1130846E+00
  0.1552936E+01
 -0.1428384E+01
  0.9661749E+00
 -0.3623590E+01
  0.1499119E+01
 -0.8216367E+00
 -0.1935495E+01
  0.1021958E+01
 -0.9750924E+00
 -0.1645656E+00
 -0.2060963E+01
 -0.2910141E+00
  0.8683769E+00
  0.1287465E+01
  0.1608111E+00
  0.1628936E+01
  0.1927099E+01
  0.1570187E+01
  0.6622969E+00
  0.7530734E+00
  0.1501370E+01
 -0.2554168E+01
  0.4343002E+00
  0.4154876E+00
  0.2197978E+01
  0.5108552E+00
  0.2607089E+00
  0.2548290E+00
 -0.5234442E+00
 -0.1175694E+01
  0.1126972E+01
 -0.2513953E+01
  0.5466067E+00
 -0.3037486E+00
 -0.6604650E+00
 -0.1652070E+01
 -0.5944525E+00
  0.1032583E+01
 -0.4150770E+00
  0.1795201E+00
 -0.1605548E+00
 -0.4111432E+00
 -0.1411013E+01
  0.5635140E+00
  0.2803095E+01
 -0.1350176E+01
 -0.1037647E+01
 -0.5657943E+00
  0.4305476E+00
 -0.6572227E+00
  0.7363644E+00
  0.1818163E+01
 -0.9774852E+00
 -0.2256688E+00
 -0.1342460E+00
 -0.1498247E+00
 -0.3954939E+00
  0.7435670E+00
 -0.2001812E+01
 -0.4612758E+00
  0.5622317E+00
 -0.3092877E+00
  0.3084158E+00
  0.1517784E+01
 -0.2771471E+01
 -0.2523017E+01
 -0.1533956E+01
  0.1363523E+01
  0.2866930E+01
  0.1159362E+01
  0.3316129E+00
  0.4174960E+00
 -0.1239965E+00
  0.3144085E+00
 -0.1821834E+01
  0.1591652E+00
 -0.3413261E+00
  0.6038893E+00
 -0.6239761E+00
