This is dataplot data file   RANDWEIB.DAT
Weibull Random numbers with shape parameter 2 and
location and scale parameters 0 and 1, respectively

Number of observations = 500
 
 
 
 
 
 
 
 
 
 
 
 
 
 
 
 
 
 
      Y
   --------
  0.8052801E+00
  0.7403102E+00
  0.1045220E+01
  0.7830150E+00
  0.1240280E+01
  0.1005776E+01
  0.1229038E+01
  0.8238675E+00
  0.8021584E+00
  0.1899767E+00
  0.1872041E+01
  0.1019873E+01
  0.1069985E+01
  0.1105234E+01
  0.1556088E+01
  0.5836665E+00
  0.1018088E+01
  0.4784141E+00
  0.5771406E+00
  0.5321087E+00
  0.1331959E+01
  0.1402319E+01
  0.9164250E+00
  0.8374697E+00
  0.1183952E+01
  0.6631785E+00
  0.1319365E+01
  0.9549853E+00
  0.1395837E+01
  0.2735493E+00
  0.1025465E+01
  0.1564126E+01
  0.6086442E+00
  0.4883570E+00
  0.1421738E+01
  0.6766005E+00
  0.1048363E+01
  0.8077164E+00
  0.6588378E+00
  0.5963899E+00
  0.1410483E+01
  0.1562587E+01
  0.3628643E+00
  0.8658927E+00
  0.1098815E+01
  0.7586436E-01
  0.1355781E+01
  0.8000578E+00
  0.9758248E+00
  0.7047528E+00
  0.1256071E+01
  0.1904084E+01
  0.3337976E+00
  0.1715584E+01
  0.1559861E+01
  0.7631259E+00
  0.1058795E+01
  0.5266350E+00
  0.1868745E+00
  0.1247112E+01
  0.1565954E+01
  0.1900859E+01
  0.5194226E+00
  0.4636457E+00
  0.6164134E+00
  0.5969538E+00
  0.9334260E+00
  0.7648765E+00
  0.4985451E+00
  0.4863949E+00
  0.6592352E+00
  0.1051988E+01
  0.3864237E-01
  0.8886341E+00
  0.1859257E+01
  0.6188274E+00
  0.1457468E+01
  0.3027726E+00
  0.9224422E+00
  0.1147510E+01
  0.3649799E+00
  0.9115562E+00
  0.1245118E+01
  0.2180378E+01
  0.5841299E+00
  0.1533043E+01
  0.6606527E+00
  0.7560078E+00
  0.6234302E+00
  0.5823324E+00
  0.6664640E+00
  0.6974775E+00
  0.3530642E+00
  0.7632943E+00
  0.4723831E+00
  0.1241077E+01
  0.1029091E+01
  0.2211346E+01
  0.1448192E+01
  0.7289293E+00
  0.1257500E+01
  0.6728617E+00
  0.3031922E+00
  0.8610130E+00
  0.1940365E+01
  0.7994636E+00
  0.2821489E+00
  0.1142936E+01
  0.3858330E+00
  0.1401252E+01
  0.1765506E+00
  0.1446263E+01
  0.1695163E+01
  0.8147395E+00
  0.1420767E+01
  0.4081956E+00
  0.7900961E+00
  0.4019823E+00
  0.3591099E+00
  0.1229261E+01
  0.9970613E+00
  0.8175969E+00
  0.1062997E+01
  0.2132796E+00
  0.2268248E+00
  0.8225346E+00
  0.9942399E+00
  0.1019416E+01
  0.4287910E+00
  0.3358140E+00
  0.8093848E-01
  0.1195867E+01
  0.8239039E+00
  0.1102762E+01
  0.1776717E+01
  0.1472250E+01
  0.1995950E+01
  0.1409441E+01
  0.4934385E+00
  0.5737344E+00
  0.1356204E+01
  0.1636182E+01
  0.6811208E+00
  0.9419683E+00
  0.1002850E+01
  0.1057433E+01
  0.1319334E+01
  0.6734946E+00
  0.1325700E+01
  0.3904974E+00
  0.1868243E+01
  0.1420771E+01
  0.8076124E+00
  0.1368095E+01
  0.5714587E+00
  0.1183216E+01
  0.9399607E+00
  0.1008094E+01
  0.1569685E+01
  0.1542597E+01
  0.4248813E+00
  0.1745347E+01
  0.1830420E+01
  0.3076479E+00
  0.8846081E+00
  0.6418376E+00
  0.1290804E+01
  0.2320868E+01
  0.5025004E+00
  0.2564107E+00
  0.8223811E+00
  0.8718968E+00
  0.5263994E+00
  0.1005932E+01
  0.7445770E+00
  0.9270740E+00
  0.9903898E+00
  0.2827802E+00
  0.1073333E+01
  0.7857412E+00
  0.8161660E+00
  0.2929923E+00
  0.1159319E+01
  0.1436452E+01
  0.7911473E+00
  0.5526121E+00
  0.1371388E+00
  0.5334909E+00
  0.6452500E+00
  0.5025774E+00
  0.9926392E+00
  0.9481917E+00
  0.1054489E+01
  0.1121222E+01
  0.3977982E+00
  0.1690866E+01
  0.3768641E+00
  0.4519880E+00
  0.1001563E+01
  0.7230624E+00
  0.2687855E+00
  0.1048874E+01
  0.1595677E+01
  0.9765109E+00
  0.4167846E+00
  0.1142885E+01
  0.7661098E+00
  0.5911558E+00
  0.1477293E+00
  0.8186369E+00
  0.1170867E+00
  0.5943587E+00
  0.6589878E+00
  0.1483206E+01
  0.6015238E+00
  0.6918048E+00
  0.1487081E+01
  0.5762537E+00
  0.5010426E+00
  0.6937107E+00
  0.1204651E+01
  0.1145873E+01
  0.8978424E+00
  0.1226902E+01
  0.3017761E+00
  0.1167496E+01
  0.5271509E+00
  0.8809586E+00
  0.8091798E+00
  0.1152049E+01
  0.1389448E+01
  0.1672479E+01
  0.4167738E+00
  0.9442262E+00
  0.7758150E+00
  0.1001090E+01
  0.9023704E+00
  0.7074270E+00
  0.1399618E+01
  0.1513527E+01
  0.1389304E+01
  0.7967847E+00
  0.1024085E+01
  0.9788171E+00
  0.6668938E+00
  0.6849103E+00
  0.1152740E+01
  0.1258267E+01
  0.1063578E+01
  0.4718016E+00
  0.1238776E+01
  0.5767639E+00
  0.4200717E+00
  0.3580389E+00
  0.1280219E+01
  0.1611340E+01
  0.6962676E+00
  0.6054498E+00
  0.1025057E+01
  0.4121079E+00
  0.6080642E+00
  0.1596268E+00
  0.1641637E+01
  0.1570494E+01
  0.6698058E+00
  0.9994742E+00
  0.1321508E+01
  0.4002183E+00
  0.1000014E+01
  0.4720315E+00
  0.8463146E+00
  0.1413371E+00
  0.5017267E+00
  0.5338195E+00
  0.1494480E+01
  0.1404982E+01
  0.1411398E+01
  0.1564328E+01
  0.5020525E+00
  0.1796840E+01
  0.1708342E+01
  0.8350542E+00
  0.5752403E+00
  0.7114595E+00
  0.1293582E+01
  0.6137267E+00
  0.6000239E+00
  0.1212850E+01
  0.6883975E+00
  0.9440359E+00
  0.2610827E+00
  0.7257996E+00
  0.1548936E+01
  0.8492467E+00
  0.1062162E+01
  0.1360921E+01
  0.7721544E+00
  0.1817420E+01
  0.1087707E+00
  0.7084910E+00
  0.7683705E+00
  0.1006282E+01
  0.1023740E+01
  0.1111696E+01
  0.9894947E+00
  0.2663123E+00
  0.2191450E+00
  0.9358580E+00
  0.5971246E+00
  0.1120608E+01
  0.8993539E+00
  0.6803261E+00
  0.1161282E+01
  0.1379316E+01
  0.1180668E+01
  0.8847443E+00
  0.1929654E+01
  0.5906336E+00
  0.4908145E+00
  0.3289118E+00
  0.1338818E+01
  0.6580999E+00
  0.5061891E+00
  0.4277253E+00
  0.8555686E+00
  0.8732446E+00
  0.1005779E+01
  0.1054961E+01
  0.1262132E+01
  0.1228033E+01
  0.1071435E+01
  0.1469021E+01
  0.3709349E+00
  0.1311263E+01
  0.8136116E+00
  0.7951848E+00
  0.1234037E+01
  0.5913549E+00
  0.7959953E+00
  0.5464242E+00
  0.5989591E+00
  0.5522443E+00
  0.1197370E+01
  0.1337745E+01
  0.9400148E+00
  0.8382942E+00
  0.8136500E+00
  0.2865927E+00
  0.1722370E+01
  0.7828205E+00
  0.1073236E+01
  0.5674428E-02
  0.9706439E+00
  0.4269113E+00
  0.4219205E+00
  0.4915122E+00
  0.1163796E+01
  0.6076726E+00
  0.1529978E+01
  0.7164677E+00
  0.6933268E+00
  0.4106543E+00
  0.1276547E+01
  0.7375396E+00
  0.6241479E+00
  0.7534104E+00
  0.1092731E+01
  0.3576052E+00
  0.7375020E+00
  0.1116380E+01
  0.5567376E+00
  0.8737511E+00
  0.1535696E+01
  0.1063969E+01
  0.7190073E+00
  0.6712845E+00
  0.3769252E+00
  0.8613146E+00
  0.8596860E+00
  0.9568258E+00
  0.1693640E+01
  0.1288277E+01
  0.3082490E+00
  0.1321138E+01
  0.8082381E+00
  0.8612072E+00
  0.3200517E+00
  0.1318318E+01
  0.5870135E+00
  0.9240338E+00
  0.1367925E+01
  0.1087723E+01
  0.7865712E+00
  0.4161920E+00
  0.2275205E+00
  0.6253081E+00
  0.3141831E+00
  0.8544615E+00
  0.6554588E+00
  0.1792771E+01
  0.8303950E+00
  0.9761249E+00
  0.2279240E+01
  0.5387024E+00
  0.3818599E+00
  0.4812207E+00
  0.2023676E+00
  0.4007844E+00
  0.9038253E+00
  0.1059186E+01
  0.2210098E+00
  0.2138544E+01
  0.1319706E+01
  0.7899396E+00
  0.4121020E+00
  0.1094867E+01
  0.1741450E+00
  0.6287778E+00
  0.1377015E+01
  0.4200245E+00
  0.7691303E+00
  0.1498694E+01
  0.3572963E+00
  0.1288147E+01
  0.1159016E+00
  0.1480630E+01
  0.4982734E+00
  0.2737036E+00
  0.1309620E+01
  0.4571301E+00
  0.7428830E+00
  0.2564812E+00
  0.6841124E+00
  0.1249610E+01
  0.1407342E+01
  0.9240987E+00
  0.1523838E+01
  0.1618717E+01
  0.1504438E+01
  0.1164235E+01
  0.1202589E+01
  0.1481390E+01
  0.1991342E+00
  0.1061813E+01
  0.1052917E+01
  0.1700331E+01
  0.1097270E+01
  0.9766555E+00
  0.9736407E+00
  0.5927186E+00
  0.4093817E+00
  0.1349118E+01
  0.2032626E+00
  0.1113442E+01
  0.6785913E+00
  0.5466424E+00
  0.3173860E+00
  0.5682169E+00
  0.1313670E+01
  0.6330036E+00
  0.9341666E+00
  0.7448755E+00
  0.6345377E+00
  0.3606238E+00
  0.1121009E+01
  0.1869824E+01
  0.3725579E+00
  0.4415582E+00
  0.5779373E+00
  0.1060045E+01
  0.5476765E+00
  0.1195622E+01
  0.1584711E+01
  0.4565223E+00
  0.7135444E+00
  0.7581614E+00
  0.7502484E+00
  0.6406936E+00
  0.1198630E+01
  0.2644514E+00
  0.6153747E+00
  0.1120437E+01
  0.6762106E+00
  0.1000781E+01
  0.1486920E+01
  0.1782829E+00
  0.2023244E+00
  0.3378021E+00
  0.1434110E+01
  0.1886817E+01
  0.1361069E+01
  0.1012304E+01
  0.1053871E+01
  0.7634419E+00
  0.1003771E+01
  0.2903819E+00
  0.9232077E+00
  0.6626811E+00
  0.1138875E+01
  0.5584307E+00
