NBS THUNDERSTORM WIND VELOCITIES (SIMIULATED BASED ON ORIGINAL)
EMIL SIMIU
DATE--MAY 1977
RESPONSE VARIABLE = WIND VELOCITIES
NUMBER OF OBSERVATIONS = 1000
NUMBER OF LINE IMAGES  = 1000
NUMBER OF VARIABLES RECORDED = 1 (WIND VELOCITIES)
(BUT WITH 10 OBSERVATIONS PER LINE IMAGE)
FORMAT FOR A LINE = F6.2
NOTE--THIS DATA WAS RECORDED EVERY TENTH OF A SECOND,
      SO THESE 1000 OBSERVATIONS CONSTITUTE AN EXPERIMENT
      OF 100 SECONDS IN DURATION.
STATISTICAL AREAS--UNIVARIATE ANALYSIS, 4-PLOT
                   DISTRIBUTIONAL ANALYSIS
                   TIME SERIES ANALYSIS
TO READ THIS FILE INTO DATAPLOT--
   SKIP 25
   READ SIMIU.DAT Y
TO READ THIS FILE INTO DATAPLOT EVEN FASTER--
   SKIP 25
   SET READ FORMAT F6.2
   READ SIMIU.DAT Y
 
SPEED
------
526.31
510.02
495.00
519.00
523.56
549.03
543.64
529.78
587.54
547.34
546.66
523.50
555.38
573.49
578.78
616.43
658.74
634.24
691.24
730.59
676.51
660.96
648.54
626.59
640.23
630.35
613.96
602.16
582.70
566.07
553.95
524.61
534.82
506.95
495.85
487.64
501.44
504.93
486.61
514.64
526.79
523.68
515.21
541.41
537.82
516.89
481.30
463.42
472.84
494.36
518.77
549.97
537.51
513.50
545.79
619.93
665.61
655.63
671.37
654.17
616.30
590.26
613.37
623.02
696.07
731.83
715.87
766.59
723.91
636.26
603.73
567.60
617.13
658.63
678.44
631.90
581.61
573.27
583.77
553.50
528.96
515.71
522.57
529.90
481.72
541.83
631.26
648.20
642.76
633.34
584.50
616.28
619.05
668.38
687.63
700.53
631.55
580.95
571.55
613.13
657.17
661.49
595.19
664.24
664.89
638.88
607.49
563.59
571.01
554.33
561.83
587.54
552.69
553.72
545.42
554.11
566.40
579.27
576.42
534.53
491.93
501.09
503.68
514.75
506.15
522.17
594.00
630.78
665.10
666.22
687.44
710.16
748.14
753.20
721.95
683.22
648.88
633.90
620.43
609.08
615.99
601.87
585.76
566.91
606.73
617.25
602.71
564.02
555.75
546.36
554.59
574.22
562.05
630.32
639.45
651.43
626.69
652.54
695.07
691.97
632.85
601.73
649.26
650.04
634.12
618.27
619.99
608.31
649.01
674.22
679.45
711.12
681.44
693.81
707.71
692.66
685.67
667.52
642.77
645.82
628.61
623.87
605.21
605.66
593.88
610.24
585.35
608.38
621.23
615.29
594.60
549.97
536.40
536.51
541.94
575.70
556.58
558.47
589.54
612.37
606.35
607.17
634.81
629.61
616.23
577.28
592.21
575.04
543.89
562.35
604.17
656.92
686.52
662.83
657.51
653.79
614.83
601.31
614.41
613.24
655.51
672.95
723.81
686.74
669.49
633.24
587.80
608.01
572.69
595.10
631.84
677.41
639.03
618.85
622.91
646.76
709.34
704.76
706.05
677.84
629.39
602.72
661.69
678.14
673.91
704.63
684.00
667.01
696.34
724.86
699.18
697.10
672.10
656.97
678.94
659.39
679.11
653.70
618.91
585.74
584.49
592.81
574.02
577.22
598.92
614.35
614.37
610.41
596.95
575.00
593.77
619.06
612.48
591.78
593.69
606.82
604.70
600.95
590.88
589.69
572.04
536.70
517.49
513.10
519.48
507.83
507.96
457.35
455.88
443.55
435.19
471.88
500.21
576.75
594.96
578.82
560.29
640.06
702.06
797.55
817.25
765.24
722.16
722.63
829.88
858.96
871.15
776.41
702.64
639.95
696.26
597.35
582.85
586.59
695.62
820.08
852.65
859.81
876.74
830.28
794.50
830.61
852.52
842.91
849.64
886.05
885.66
878.57
841.87
788.54
795.48
713.69
659.49
639.00
616.15
578.61
546.96
546.44
531.31
529.12
527.72
538.35
545.23
505.28
513.48
561.47
603.91
606.05
638.14
647.87
628.73
610.36
621.33
612.29
617.97
638.21
646.92
650.20
623.40
647.56
637.23
635.86
658.32
649.81
651.68
649.87
675.66
661.33
635.74
627.98
599.58
592.86
569.19
609.34
619.06
607.81
568.15
577.09
578.62
615.06
652.18
636.76
639.96
620.87
606.27
613.86
609.05
606.86
608.19
604.20
606.51
605.50
635.54
672.25
650.94
629.96
628.97
636.32
640.95
654.81
647.13
616.29
587.78
583.39
591.13
562.22
579.32
601.53
595.75
578.02
584.84
562.15
550.02
542.08
495.83
479.50
488.19
515.67
518.02
502.54
503.00
511.44
511.07
492.87
478.06
482.88
483.87
483.96
471.43
437.90
427.28
460.51
459.15
465.08
542.61
562.61
583.85
599.22
603.54
639.17
673.65
611.61
605.31
586.49
589.09
658.42
680.42
634.30
589.38
574.14
588.03
572.31
580.50
605.96
635.87
651.43
660.58
654.56
648.87
670.77
662.73
681.05
679.41
665.28
665.72
630.67
663.11
629.70
613.62
563.98
553.25
541.44
531.18
525.24
522.48
510.87
527.21
540.39
538.08
537.07
522.00
493.81
481.51
458.65
456.95
449.28
454.45
447.96
437.59
449.06
467.23
462.91
473.00
490.89
490.49
503.09
517.56
540.85
581.10
557.45
430.69
399.04
396.03
402.01
400.02
441.05
436.15
438.99
443.09
455.83
486.86
445.91
431.70
480.91
446.25
537.98
570.01
527.65
593.55
612.55
561.97
542.97
568.00
532.37
519.09
494.03
506.51
530.80
543.94
421.40
478.38
420.74
428.79
406.71
382.48
379.45
418.95
417.60
359.24
390.16
438.62
394.70
388.09
448.96
412.00
431.23
372.50
359.16
335.32
379.15
507.04
495.39
493.42
474.09
475.00
553.69
587.97
608.25
653.38
601.72
600.40
544.81
550.97
609.13
656.50
668.62
690.55
715.62
700.47
570.79
568.56
526.87
597.67
602.82
609.24
594.80
560.03
571.39
543.90
526.97
472.39
513.45
464.92
516.16
471.71
493.00
588.33
612.70
649.23
599.52
578.81
601.34
613.27
697.92
694.50
695.24
642.86
574.42
561.54
618.23
644.57
679.64
566.01
689.90
676.50
662.45
628.00
604.99
580.58
550.10
580.66
610.68
577.12
544.93
584.01
594.64
578.07
587.58
591.86
553.26
515.47
546.23
566.55
545.37
559.39
604.66
642.47
702.98
739.90
770.72
782.31
788.48
847.11
811.07
817.65
785.68
713.54
709.59
729.64
725.71
746.47
694.41
675.54
650.09
730.61
738.63
725.79
668.23
658.70
674.98
695.53
735.28
689.99
783.00
780.53
782.71
720.95
820.33
813.25
838.78
775.41
796.66
782.70
797.85
782.20
785.38
797.25
790.04
849.93
853.59
896.30
889.85
848.30
905.77
916.69
874.24
892.69
889.87
850.29
889.71
829.23
792.65
804.98
823.52
830.94
785.54
770.26
808.00
823.56
781.60
806.00
770.06
745.03
718.52
720.11
782.13
754.61
763.26
827.84
782.39
829.01
781.02
824.60
856.14
840.85
769.14
813.48
735.36
766.45
727.75
763.98
851.76
894.98
890.14
878.68
861.05
824.93
817.84
826.95
839.17
860.67
887.90
823.70
922.22
847.77
816.84
811.76
826.13
788.24
794.79
840.61
852.88
875.89
855.31
834.95
853.58
805.08
822.97
799.21
874.03
829.03
814.90
846.36
871.53
895.49
816.11
881.41
899.70
882.27
829.41
893.91
897.86
894.06
884.05
916.64
867.40
872.93
860.74
808.41
786.94
764.66
809.26
747.68
758.19
789.73
781.40
811.50
816.37
835.72
779.64
798.36
798.28
807.34
821.68
786.17
790.62
815.83
773.54
781.69
835.95
845.42
806.61
798.90
739.49
800.99
731.12
706.13
686.51
710.94
648.49
660.85
718.37
746.14
807.35
834.72
817.73
808.11
829.26
856.75
925.04
870.00
902.20
853.82
855.24
853.65
873.54
931.96
952.66
807.00
886.18
944.60
846.21
837.14
849.91
949.23
871.14
863.78
883.83
938.57
842.59
955.59
858.21
899.19
884.96
885.83
942.72
947.94
932.99
879.70
936.76
891.43
774.62
856.51
837.07
832.15
771.21
736.73
746.57
735.64
713.40
732.54
746.82
730.63
739.39
729.68
754.62
812.05
808.68
835.82
867.00
882.60
879.50
849.53
812.23
823.96
873.83
884.32
917.16
885.32
894.42
859.67
842.86
879.61
867.03
892.03
888.30
921.24
903.70
893.38
851.42
838.60
825.17
828.18
860.35
844.53
859.56
798.23
831.64
815.87
882.22
883.37
864.76
863.81
866.09
838.31
888.66
854.52
836.23
840.44
833.50
863.08
877.39
894.14
928.33
901.95
837.51
867.40
868.26
855.57
888.83
878.92
828.89
816.72
798.23
815.73
793.44
837.52
882.98
831.89
841.76
826.51
777.49
769.13
764.39
756.70
720.02
761.94
763.34
760.13
750.48
671.45
708.46
724.68
675.22
691.26
632.17
715.69
688.63
642.47
601.93
603.09
631.44
686.28
622.79
739.55
782.96
780.23
773.87
826.19
859.63
850.78
825.61
812.88
792.33
761.87
893.87
880.89
820.46
813.91
781.67
797.13
794.73
805.68
808.70
846.46
878.17
906.27
865.07
833.41
853.47
874.87
843.57
855.35
818.54
826.26
784.05
835.81
805.25
793.44
781.99
738.48
732.95
728.81
725.06
761.60
734.41
757.05
719.20
725.26
751.90
700.85
691.10
677.83
637.72
645.49
638.20
639.27
656.56
645.97
709.21
678.78
729.82
711.52
693.03
684.94
732.98
746.42
774.39
814.49
841.33
