THIS IS DATAPLOT DATA FILE     SMALL14.DAT
JOHN SMALL ?
ASBESTOS MEASUREMENTS?
 
 
 
 
 
 
 
 
 
 
 
 
 
 
 
 
 
 
 
 
 
----------------------------
  10    1.50   4      6090
  10    1.50   5      7949
  10    1.50   6     10085
  10    1.50  21     40311
  10    1.50  23     45188
  10    1.50  24     47624
  10    1.50  25     50950
  10    1.50  26     52441
  10    1.50  27     55006
  10    1.50  28     57544
  10    1.50  29     61273
  10    1.50  30     63801
  10    1.50  46     91469
  10    1.50  51     95646
  10    1.50  52     97510
  10    2.00   4      4045
  10    2.00   5      5417
  10    2.00   6      6757
  10    2.00  12     15515
  10    2.00  13     17110
  10    2.00  21     27836
  10    2.00  22     29079
  10    2.00  24     32637
  10    2.00  25     34226
  10    2.00  48     63340
  10    2.00  65     83959
  10    2.00  69     81649
  10    2.00  92     96975
  10    2.60   4      2775
  10    2.60   5      3806
  10    2.60   6      4946
  10    2.60  13     12164
  10    2.60  14     12682
  10    2.60  21     20265
  10    2.60  23     22073
  10    2.60  24     23364
  10    2.60  25     24612
  10    2.60  26     25393
  10    2.60  27     26361
  10    2.60  29     29009
  10    2.60  30     29624
  10    2.60  32     31442
  10    2.60  34     33610
  10    2.60  39     37749
  10    2.60  51     48701
  10    2.60  52     49188
  10    2.60  65     59369
  10    2.60  66     60848
  10    2.60  72     65612
  10    2.60  74     66581
  10    3.00   4      2216
  10    3.00   5      2892
  10    3.00   6      3617
  10    3.00  12      8746
  10    3.00  14     10300
  10    3.00  21     16405
  10    3.00  22     16924
  10    3.00  23     17960
  10    3.00  24     18624
  10    3.00  25     19448
  10    3.00  26     20342
  10    3.00  27     21263
  10    3.00  28     22312
  10    3.00  29     23520
  10    3.00  30     24133
  10    3.00  32     25481
  10    3.00  33     25971
  10    3.00  34     27704
  10    3.00  39     30579
  10    3.00  40     30960
  10    3.00  41     31573
  10    3.00  51     40569
  10    3.00  52     40736
  10    3.00  65     48787
  10    3.00  66     49898
  10    3.00  72     53483
  10    3.00  73     55049
  10    3.00  74     56698
  10    3.00  76     57067
  10    3.00  77     57627
  10    3.60   4      1486
  10    3.60   5      2040
  10    3.60   6      2577
  10    3.60  12      6363
  10    3.60  13      7013
  10    3.60  22     12799
  10    3.60  23     13492
  10    3.60  25     14494
  10    3.60  26     15283
  10    3.60  27     15840
  10    3.60  28     16587
  10    3.60  29     17448
  10    3.60  30     17807
  10    3.60  32     19082
  10    3.60  33     19608
  10    3.60  34     19943
  10    3.60  39     23264
  10    3.60  40     23594
  10    3.60  41     24208
  10    3.60  42     24814
  10    3.60  45     26007
  10    3.60  65     37190
  10    3.60  66     37931
  10    3.60  72     40908
  10    3.60  75     44897
  10    3.60  76     45224
  10    3.60  77     45404
  10    3.60  78     45776
  10    3.60  79     45221
  10    4.60   4       898
  10    4.60   5      1230
  10    4.60   6      1646
  10    4.60  12      3997
  10    4.60  13      4632
  10    4.60  14      4944
  10    4.60  23      9535
  10    4.60  25      9698
  10    4.60  26     10274
  10    4.60  27     10534
  10    4.60  28     10795
  10    4.60  29     11619
  10    4.60  30     12104
  10    4.60  32     12781
  10    4.60  33     13103
  10    4.60  34     13561
  10    4.60  39     15524
  10    4.60  40     15682
  10    4.60  41     16410
  10    4.60  42     17294
  10    4.60  45     18070
  10    4.60  46     18195
  10    4.60  47     18509
  10    4.60  48     18787
  10    4.60  65     25607
  10    4.60  66     26212
  10    4.60  72     27864
  10    4.60  73     29278
  10    4.60  74     30461
  10    4.60  75     30569
  10    4.60  76     30806
  10    4.60  77     31362
  10    4.60  78     31808
  10    4.60  79     31518
  10    4.60  83     32562
  10    6.25   4       382
  10    6.25   5       526
  10    6.25   6       716
  10    6.25  13      2196
  10    6.25  14      2266
  10    6.25  21      3724
  10    6.25  22      3976
  10    6.25  23      4150
  10    6.25  24      4339
  10    6.25  27      5225
  10    6.25  28      5557
  10    6.25  29      5613
  10    6.25  30      5877
  10    6.25  32      6247
  10    6.25  33      6463
  10    6.25  34      6661
  10    6.25  39      7772
  10    6.25  40      7829
  10    6.25  41      8205
  10    6.25  42      8429
  10    6.25  45      9271
  10    6.25  46      9289
  10    6.25  47      9401
  10    6.25  48      9796
  10    6.25  51     10090
  10    6.25  52     10520
  10    6.25  72     14296
  10    6.25  73     14998
  10    6.25  74     15712
  10    6.25  75     15972
  10    6.25  76     16341
  10    6.25  77     16427
  10    6.25  78     16600
  10    6.25  79     16368
  10    6.25  83     17046
  10    6.25  92     17315
  10    7.00   4       255
  10    7.00   5       383
  10    7.00   6       457
  10    7.00  12      1298
  10    7.00  13      1474
  10    7.00  14      1609
  10    7.00  21      2655
  10    7.00  22      2819
  10    7.00  23      3033
  10    7.00  24      3179
  10    7.00  25      3323
  10    7.00  28      3921
  10    7.00  29      4015
  10    7.00  30      4259
  10    7.00  32      4474
  10    7.00  33      4679
  10    7.00  34      4766
  10    7.00  39      5492
  10    7.00  40      5820
  10    7.00  41      5906
  10    7.00  42      6167
  10    7.00  45      6696
  10    7.00  46      6688
  10    7.00  47      6840
  10    7.00  51      7465
  10    7.00  52      7664
  10    7.00  72     10692
  10    7.00  73     11057
  10    7.00  74     11572
  10    7.00  75     11592
  10    7.00  76     12136
  10    7.00  77     12119
  10    7.00  78     12050
  10    7.00  79     12132
  10    7.00  83     12659
  10    7.00  92     12545
  10    7.60   4       173
  10    7.60   5       252
  10    7.60   6       333
  10    7.60  12       930
  10    7.60  13      1105
  10    7.60  14      1181
  10    7.60  21      1943
  10    7.60  22      2042
  10    7.60  23      2229
  10    7.60  24      2338
  10    7.60  25      2515
  10    7.60  26      2589
  10    7.60  29      2967
  10    7.60  30      3179
  10    7.60  32      3272
  10    7.60  33      3459
  10    7.60  34      3567
  10    7.60  39      4179
  10    7.60  40      4229
  10    7.60  41      4376
  10    7.60  42      4619
  10    7.60  45      4947
  10    7.60  46      5007
  10    7.60  47      5010
  10    7.60  48      5196
  10    7.60  51      5608
  10    7.60  52      5760
  10    7.60  72      7844
  10    7.60  73      8215
  10    7.60  74      8625
  10    7.60  75      8821
  10    7.60  76      9151
  10    7.60  77      9117
  10    7.60  78      9141
  10    7.60  79      8938
  10    7.60  83      9514
  10    7.60  92      9298
  10    8.00   4       134
  10    8.00   5       199
  10    8.00   6       268
  10    8.00  12       718
  10    8.00  13       846
  10    8.00  14       950
  10    8.00  21      1539
  10    8.00  22      1620
  10    8.00  23      1760
  10    8.00  24      1896
  10    8.00  25      1980
  10    8.00  26      2020
  10    8.00  27      2125
  10    8.00  30      2566
  10    8.00  32      2659
  10    8.00  33      2722
  10    8.00  34      2904
  10    8.00  39      3336
  10    8.00  40      3403
  10    8.00  41      3569
  10    8.00  42      3628
  10    8.00  45      4001
  10    8.00  46      4009
  10    8.00  47      4071
  10    8.00  48      4181
  10    8.00  51      4455
  10    8.00  52      4637
  10    8.00  74      6980
  10    8.00  75      7145
  10    8.00  76      7368
  10    8.00  77      7433
  10    8.00  78      7359
  10    8.00  79      7334
  10    8.00  83      7849
  10    8.00  92      7423
  15    1.50   4     10641
  15    1.50   6     17228
  15    1.50  21     74691
  15    1.50  22     79489
  15    1.50  23     84194
  15    1.50  24     87944
  15    1.50  25     94584
  15    1.50  26     99126
  15    1.50  27    105109
  15    1.50  28    110517
  15    1.50  29    120804
  15    1.50  30    129705
  15    1.50  45    179383
  15    1.50  46    183207
  15    1.50  51    197402
  15    1.50  52    202435
  15    1.50  83    262876
  15    2.00   4      7385
  15    2.00   5      9678
  15    2.00   6     12172
  15    2.00  13     31552
  15    2.00  21     51521
  15    2.00  22     54614
  15    2.00  23     57318
  15    2.00  24     60156
  15    2.00  25     63623
  15    2.00  26     67733
  15    2.00  27     69350
  15    2.00  28     72121
  15    2.00  29     75725
  15    2.00  30     80511
  15    2.00  32     88070
  15    2.00  33     91972
  15    2.00  34     94389
  15    2.00  46    125392
  15    2.00  47    126249
  15    2.00  65    165857
  15    2.00  92    176748
  15    2.60   4      5273
  15    2.60   5      6832
  15    2.60   6      8787
  15    2.60  13     22304
  15    2.60  14     23280
  15    2.60  21     38660
  15    2.60  23     41312
  15    2.60  24     42955
  15    2.60  25     45321
  15    2.60  26     48213
  15    2.60  27     49917
  15    2.60  28     50646
  15    2.60  29     53192
  15    2.60  30     55397
  15    2.60  32     60306
  15    2.60  33     64801
  15    2.60  34     64295
  15    2.60  39     72011
  15    2.60  51     94464
  15    2.60  52     94684
  15    2.60  65    112466
  15    2.60  66    114659
  15    2.60  73    122366
  15    2.60  74    126698
  15    3.00   4      4319
  15    3.00   5      5496
  15    3.00   6      6976
  15    3.00  12     16222
  15    3.00  14     19622
  15    3.00  21     32267
  15    3.00  22     33675
  15    3.00  24     36097
  15    3.00  25     37469
  15    3.00  26     40062
  15    3.00  27     41134
  15    3.00  28     42151
  15    3.00  29     44353
  15    3.00  30     45976
  15    3.00  32     49279
  15    3.00  33     51322
  15    3.00  34     52704
  15    3.00  39     59412
  15    3.00  40     61368
  15    3.00  41     63215
  15    3.00  52     79831
  15    3.00  65     94006
  15    3.00  66     94954
  15    3.00  72    103388
  15    3.00  73    106751
  15    3.00  74    108889
  15    3.00  76    108442
  15    3.00  77    109606
  15    3.60   4      3052
  15    3.60   5      4182
  15    3.60   6      5304
  15    3.60  12     12675
  15    3.60  13     14058
  15    3.60  22     26919
  15    3.60  23     27333
  15    3.60  25     29412
  15    3.60  26     30789
  15    3.60  27     32064
  15    3.60  28     33160
  15    3.60  29     34400
  15    3.60  30     35526
  15    3.60  32     38387
  15    3.60  33     39449
  15    3.60  34     40411
  15    3.60  39     46570
  15    3.60  40     47679
  15    3.60  41     49057
  15    3.60  42     50280
  15    3.60  45     53314
  15    3.60  65     74108
  15    3.60  66     75155
  15    3.60  72     81232
  15    3.60  73     84738
  15    3.60  74     88212
  15    3.60  75     88198
  15    3.60  76     89025
  15    3.60  77     89384
  15    3.60  78     91304
  15    3.60  79     91284
  15    3.60  83     85433
  15    4.60   4      2032
  15    4.60   5      2773
  15    4.60   6      3565
  15    4.60  12      8847
  15    4.60  13      9769
  15    4.60  14     10559
  15    4.60  24     21069
  15    4.60  25     21114
  15    4.60  27     22800
  15    4.60  28     23419
  15    4.60  29     24129
  15    4.60  30     25532
  15    4.60  32     27724
  15    4.60  33     28138
  15    4.60  34     28700
  15    4.60  40     33906
  15    4.60  41     35151
  15    4.60  42     36751
  15    4.60  45     38667
  15    4.60  46     39225
  15    4.60  47     40054
  15    4.60  48     40515
  15    4.60  66     55429
  15    4.60  72     58745
  15    4.60  73     61483
  15    4.60  74     62415
  15    4.60  75     63074
  15    4.60  76     64337
  15    4.60  77     63953
  15    4.60  78     65663
  15    4.60  79     65831
  15    4.60  83     66243
  15    6.25   4       999
  15    6.25   5      1436
  15    6.25   6      1812
  15    6.25  12      4893
  15    6.25  13      5543
  15    6.25  14      5928
  15    6.25  21      9338
  15    6.25  22      9996
  15    6.25  23     10350
  15    6.25  27     13367
  15    6.25  28     13896
  15    6.25  29     14536
  15    6.25  30     14877
  15    6.25  32     16260
  15    6.25  33     16557
  15    6.25  34     16921
  15    6.25  39     19174
  15    6.25  40     19925
  15    6.25  41     20531
  15    6.25  42     21757
  15    6.25  45     23575
  15    6.25  46     23466
  15    6.25  47     24364
  15    6.25  48     25031
  15    6.25  51     25959
  15    6.25  52     26241
  15    6.25  72     35795
  15    6.25  73     37498
  15    6.25  74     38524
  15    6.25  75     38590
  15    6.25  76     39467
  15    6.25  77     39781
  15    6.25  78     40708
  15    6.25  79     40403
  15    6.25  83     40726
  15    6.25  92     43228
  15    7.00   4       769
  15    7.00   5      1071
  15    7.00   6      1450
  15    7.00  12      3790
  15    7.00  13      4325
  15    7.00  14      4722
  15    7.00  21      7490
  15    7.00  22      7949
  15    7.00  23      8498
  15    7.00  24      8748
  15    7.00  25      9265
  15    7.00  29     11564
  15    7.00  30     11992
  15    7.00  32     12645
  15    7.00  33     13154
  15    7.00  34     13404
  15    7.00  39     15515
  15    7.00  40     16301
  15    7.00  41     16930
  15    7.00  42     17449
  15    7.00  45     18830
  15    7.00  46     19155
  15    7.00  47     19679
  15    7.00  48     18890
  15    7.00  51     20955
  15    7.00  52     21632
  15    7.00  74     31397
  15    7.00  75     31219
  15    7.00  76     32243
  15    7.00  77     32430
  15    7.00  78     33277
  15    7.00  79     33141
  15    7.00  83     33302
  15    7.00  92     35693
  15    7.60   4       623
  15    7.60   5       870
  15    7.60   6      1154
  15    7.60  12      3222
  15    7.60  13      3638
  15    7.60  14      3950
  15    7.60  21      6360
  15    7.60  22      6734
  15    7.60  23      7194
  15    7.60  24      7517
  15    7.60  25      7870
  15    7.60  26      8271
  15    7.60  29      9907
  15    7.60  30     10046
  15    7.60  32     10875
  15    7.60  33     11269
  15    7.60  34     11220
  15    7.60  39     13248
  15    7.60  40     13723
  15    7.60  41     14125
  15    7.60  42     14674
  15    7.60  45     15897
  15    7.60  46     16176
  15    7.60  47     16680
  15    7.60  48     17118
  15    7.60  51     18079
  15    7.60  52     18139
  15    7.60  73     26323
  15    7.60  77     27659
  15    7.60  78     28433
  15    7.60  79     28290
  15    7.60  83     28153
  15    7.60  92     30337
  15    8.00   4       524
  15    8.00   5       779
  15    8.00   6      1026
  15    8.00  12      2825
  15    8.00  13      3275
  15    8.00  14      3517
  15    8.00  21      5760
  15    8.00  22      5993
  15    8.00  23      6477
  15    8.00  24      6775
  15    8.00  25      7238
  15    8.00  26      7485
  15    8.00  30      9031
  15    8.00  32      9758
  15    8.00  33     10063
  15    8.00  34     10305
  15    8.00  39     12106
  15    8.00  40     12128
  15    8.00  41     12580
  15    8.00  42     13398
  15    8.00  45     14415
  15    8.00  46     14322
  15    8.00  47     14912
  15    8.00  48     15208
  15    8.00  51     16001
  15    8.00  52     16425
  15    8.00  74     24365
  15    8.00  75     24322
  15    8.00  78     25761
  15    8.00  79     25636
  15    8.00  83     25596
  15    8.00  92     26672
  15    8.70   4       432
  15    8.70   5       584
  15    8.70   6       819
  15    8.70  12      2341
  15    8.70  13      2593
  15    8.70  14      2812
  15    8.70  21      4595
  15    8.70  22      5052
  15    8.70  23      5136
  15    8.70  24      5484
  15    8.70  25      5936
  15    8.70  26      5990
  15    8.70  27      6290
  15    8.70  28      6386
  15    8.70  32      7836
  15    8.70  33      8353
  15    8.70  34      8262
  15    8.70  39      9735
  15    8.70  40      9954
  15    8.70  41     10479
  15    8.70  42     11038
  15    8.70  45     11761
  15    8.70  46     12119
  15    8.70  47     12523
  15    8.70  48     12558
  15    8.70  51     13285
  15    8.70  52     13626
  15    8.70  73     19536
  15    8.70  77     20776
  15    8.70  78     21227
  15    8.70  83     21058
  15    8.70  92     22543
  15    9.00   4       372
  15    9.00   5       526
  15    9.00   6       706
  15    9.00  12      1991
  15    9.00  13      2330
  15    9.00  14      2564
  15    9.00  21      4255
  15    9.00  22      4905
  15    9.00  23      4829
  15    9.00  24      4978
  15    9.00  25      5389
  15    9.00  26      5621
  15    9.00  27      5979
  15    9.00  28      5971
  15    9.00  32      7202
  15    9.00  33      7663
  15    9.00  34      7594
  15    9.00  39      9016
  15    9.00  40      9272
  15    9.00  41      9711
  15    9.00  42     10009
  15    9.00  45     10854
  15    9.00  46     11192
  15    9.00  47     11250
  15    9.00  48     11605
  15    9.00  51     12398
  15    9.00  52     12411
  15    9.00  65     15190
  15    9.00  74     18414
  15    9.00  75     19464
  15    9.00  78     19453
  15    9.00  79     19700
  15    9.00  83     19795
  15    9.00  92     20498
  15   10.00   4       249
  15   10.00   5       353
  15   10.00   6       485
  15   10.00  12      1489
  15   10.00  13      1766
  15   10.00  14      1825
  15   10.00  21      3155
  15   10.00  22      3382
  15   10.00  23      3630
  15   10.00  24      3963
  15   10.00  25      4011
  15   10.00  26      4181
  15   10.00  27      4356
  15   10.00  28      4363
  15   10.00  29      4658
  15   10.00  30      4734
  15   10.00  33      5765
  15   10.00  34      5719
  15   10.00  39      6719
  15   10.00  40      6929
  15   10.00  41      7365
  15   10.00  42      7516
  15   10.00  45      8284
  15   10.00  46      8332
  15   10.00  47      8772
  15   10.00  48      8507
  15   10.00  51      9380
  15   10.00  52      9397
  15   10.00  65     11504
  15   10.00  66     11510
  15   10.00  72     12548
  15   10.00  73     13237
  15   10.00  77     14457
  15   10.00  78     14810
  15   10.00  83     14641
  15   10.00  92     15690
  15   11.00   4       180
  15   11.00   5       249
  15   11.00   6       345
  15   11.00  12      1043
  15   11.00  13      1189
  15   11.00  14      1341
  15   11.00  21      2192
  15   11.00  22      2467
  15   11.00  23      2559
  15   11.00  24      2827
  15   11.00  25      2873
  15   11.00  26      3112
  15   11.00  27      3195
  15   11.00  28      3288
  15   11.00  29      3510
  15   11.00  30      3665
  15   11.00  33      4177
  15   11.00  39      4888
  15   11.00  40      5117
  15   11.00  41      5447
  15   11.00  42      5523
  15   11.00  45      6046
  15   11.00  46      6210
  15   11.00  47      6354
  15   11.00  48      6393
  15   11.00  51      6964
  15   11.00  52      7050
  15   11.00  65      8638
  15   11.00  66      8819
  15   11.00  74     10441
  15   11.00  75     10122
  15   11.00  76     10538
  15   11.00  79     11213
  15   11.00  92     11592
  15   12.00   4       113
  15   12.00   5       183
  15   12.00   6       203
  15   12.00  12       704
  15   12.00  13       796
  15   12.00  14       868
  15   12.00  21      1431
  15   12.00  22      1661
  15   12.00  23      1759
  15   12.00  24      1898
  15   12.00  25      1970
  15   12.00  26      2101
  15   12.00  27      2172
  15   12.00  28      2344
  15   12.00  29      2418
  15   12.00  30      2547
  15   12.00  32      2735
  15   12.00  34      3057
  15   12.00  39      3618
  15   12.00  40      3538
  15   12.00  41      3834
  15   12.00  42      3916
  15   12.00  45      4341
  15   12.00  46      4393
  15   12.00  47      4435
  15   12.00  48      4381
  15   12.00  51      4756
  15   12.00  52      4998
  15   12.00  65      6125
  15   12.00  66      6347
  15   12.00  72      6654
  15   12.00  73      6947
  15   12.00  74      7515
  15   12.00  77      7682
  15   12.00  78      7693
  15   12.00  83      7855
  15   12.00  92      8178
  20    1.50   4     14695
  20    1.50   5     18946
  20    1.50   6     22173
  20    1.50  21    108760
  20    1.50  22    114515
  20    1.50  23    121048
  20    1.50  24    129140
  20    1.50  25    140667
  20    1.50  26    145965
  20    1.50  27    162558
  20    1.50  28    171760
  20    1.50  29    184165
  20    1.50  30    197946
  20    1.50  46    286087
  20    1.50  51    310262
  20    1.50  52    317758
  20    2.00   4     10479
  20    2.00   5     13463
  20    2.00   6     16902
  20    2.00  12     36792
  20    2.00  21     73272
  20    2.00  22     77240
  20    2.00  23     80404
  20    2.00  24     85111
  20    2.00  25     89869
  20    2.00  26     92150
  20    2.00  27     99446
  20    2.00  28    102811
  20    2.00  29    107480
  20    2.00  30    116568
  20    2.00  32    127951
  20    2.00  33    134328
  20    2.00  34    142316
  20    2.00  46    184471
  20    2.00  66    240534
  20    2.60   4      7380
  20    2.60   5      9797
  20    2.60   6     12565
  20    2.60  13     30063
  20    2.60  14     31323
  20    2.60  23     58505
  20    2.60  24     61319
  20    2.60  25     64382
  20    2.60  26     66901
  20    2.60  27     70352
  20    2.60  28     72916
  20    2.60  29     76864
  20    2.60  30     79645
  20    2.60  32     85400
  20    2.60  34     93966
  20    2.60  39    112143
  20    2.60  51    135270
  20    2.60  52    137201
  20    2.60  65    170098
  20    2.60  66    174720
  20    2.60  73    184784
  20    2.60  74    188212
  20    3.00   4      6335
  20    3.00   6     10126
  20    3.00  12     22810
  20    3.00  14     26481
  20    3.00  21     47892
  20    3.00  22     49058
  20    3.00  24     51437
  20    3.00  25     53344
  20    3.00  26     55445
  20    3.00  27     58814
  20    3.00  28     61182
  20    3.00  29     63626
  20    3.00  30     66377
  20    3.00  32     70852
  20    3.00  33     74005
  20    3.00  34     76422
  20    3.00  39     90175
  20    3.00  40     92162
  20    3.00  41     96398
  20    3.00  52    116074
  20    3.00  65    140703
  20    3.00  66    144003
  20    3.00  72    158964
  20    3.00  73    164790
  20    3.00  74    166313
  20    3.00  75    173873
  20    3.00  76    160885
  20    3.00  77    165776
  20    3.60   4      4585
  20    3.60   5      6191
  20    3.60   6      7773
  20    3.60  12     18001
  20    3.60  13     20135
  20    3.60  22     39683
  20    3.60  23     41053
  20    3.60  25     42389
  20    3.60  26     44461
  20    3.60  27     45732
  20    3.60  28     47900
  20    3.60  29     50080
  20    3.60  30     51879
  20    3.60  32     55137
  20    3.60  33     58074
  20    3.60  34     59059
  20    3.60  39     69684
  20    3.60  40     71412
  20    3.60  41     72504
  20    3.60  42     74073
  20    3.60  45     80058
  20    3.60  65    110454
  20    3.60  66    113038
  20    3.60  72    123497
  20    3.60  73    127259
  20    3.60  74    131843
  20    3.60  75    134350
  20    3.60  76    135084
  20    3.60  77    136093
  20    3.60  78    136960
  20    4.60   4      3230
  20    4.60   5      4263
  20    4.60   6      5400
  20    4.60  13     14780
  20    4.60  14     15371
  20    4.60  24     31545
  20    4.60  25     31920
  20    4.60  27     33948
  20    4.60  28     35319
  20    4.60  29     36823
  20    4.60  30     37999
  20    4.60  33     42419
  20    4.60  34     43148
  20    4.60  42     55763
  20    4.60  45     58328
  20    4.60  46     59305
  20    4.60  66     85056
  20    4.60  72     89832
  20    4.60  74     94393
  20    4.60  75     96501
  20    4.60  76     97401
  20    4.60  77     98720
  20    4.60  78    100739
  20    6.25   4      1746
  20    6.25   5      2320
  20    6.25   6      3079
  20    6.25  12      7687
  20    6.25  13      8804
  20    6.25  14      9456
  20    6.25  21     14682
  20    6.25  22     15651
  20    6.25  23     16272
  20    6.25  27     21237
  20    6.25  28     21808
  20    6.25  29     23093
  20    6.25  32     24941
  20    6.25  33     25911
  20    6.25  34     26277
  20    6.25  39     30604
  20    6.25  40     31805
  20    6.25  41     32811
  20    6.25  42     33637
  20    6.25  45     36398
  20    6.25  46     36805
  20    6.25  47     38500
  20    6.25  48     38980
  20    6.25  51     40956
  20    6.25  52     41123
  20    6.25  72     57592
  20    6.25  73     59623
  20    6.25  74     60853
  20    6.25  75     61385
  20    6.25  76     62454
  20    6.25  77     63133
  20    6.25  78     64188
  20    7.00   4      1380
  20    7.00   5      1839
  20    7.00   6      2367
  20    7.00  12      6350
  20    7.00  13      7131
  20    7.00  14      7691
  20    7.00  21     12181
  20    7.00  22     13009
  20    7.00  23     13856
  20    7.00  24     14211
  20    7.00  25     14841
  20    7.00  29     18990
  20    7.00  30     19794
  20    7.00  32     20375
  20    7.00  33     21298
  20    7.00  34     21945
  20    7.00  39     25425
  20    7.00  40     26179
  20    7.00  41     27333
  20    7.00  42     28175
  20    7.00  45     30526
  20    7.00  46     31224
  20    7.00  47     31589
  20    7.00  48     31907
  20    7.00  51     33762
  20    7.00  52     34005
  20    7.00  74     51490
  20    7.00  76     52744
  20    7.00  77     52398
  20    7.00  78     54113
  20    7.60   4      1131
  20    7.60   5      1555
  20    7.60   6      2043
  20    7.60  12      5487
  20    7.60  13      6086
  20    7.60  14      6673
  20    7.60  21     10460
  20    7.60  22     11264
  20    7.60  23     11918
  20    7.60  24     12573
  20    7.60  25     13253
  20    7.60  26     13300
  20    7.60  30     16773
  20    7.60  32     17624
  20    7.60  33     18473
  20    7.60  34     18667
  20    7.60  39     22297
  20    7.60  40     22754
  20    7.60  41     23250
  20    7.60  42     24323
  20    7.60  45     26578
  20    7.60  46     27164
  20    7.60  47     27211
  20    7.60  48     28195
  20    7.60  51     29997
  20    7.60  52     30486
  20    7.60  73     44325
  20    7.60  77     47299
  20    7.60  78     48005
  20    8.00   4       979
  20    8.00   5      1356
  20    8.00   6      1778
  20    8.00  12      4897
  20    8.00  13      5416
  20    8.00  14      6038
  20    8.00  21      9958
  20    8.00  22     10230
  20    8.00  23     10885
  20    8.00  24     11439
  20    8.00  25     11748
  20    8.00  26     12550
  20    8.00  27     12828
  20    8.00  30     15576
  20    8.00  32     16404
  20    8.00  33     16651
  20    8.00  34     17272
  20    8.00  39     20102
  20    8.00  40     20686
  20    8.00  41     21811
  20    8.00  42     22319
  20    8.00  45     24110
  20    8.00  46     25237
  20    8.00  47     25858
  20    8.00  48     25727
  20    8.00  51     27354
  20    8.00  52     27746
  20    8.00  74     42248
  20    8.00  75     42407
  20    8.00  78     44655
  20    8.70   4       795
  20    8.70   5      1142
  20    8.70   6      1480
  20    8.70  12      4011
  20    8.70  13      4668
  20    8.70  14      5021
  20    8.70  21      8224
  20    8.70  22      8782
  20    8.70  23      9445
  20    8.70  24      9731
  20    8.70  25     10080
  20    8.70  26     10678
  20    8.70  27     11058
  20    8.70  28     11438
  20    8.70  32     13927
  20    8.70  33     14669
  20    8.70  34     14820
  20    8.70  39     17340
  20    8.70  40     17873
  20    8.70  41     18782
  20    8.70  42     19212
  20    8.70  45     21043
  20    8.70  46     21341
  20    8.70  47     21633
  20    8.70  48     21716
  20    8.70  51     23155
  20    8.70  52     23600
  20    8.70  73     35378
  20    8.70  77     37930
  20    8.70  78     38179
  20    9.00   4       750
  20    9.00   5      1073
  20    9.00   6      1382
  20    9.00  12      3732
  20    9.00  13      4275
  20    9.00  14      4696
  20    9.00  21      7830
  20    9.00  22      8701
  20    9.00  23      8681
  20    9.00  24      9189
  20    9.00  25      9749
  20    9.00  26      9909
  20    9.00  27     10321
  20    9.00  28     10934
  20    9.00  32     13174
  20    9.00  33     13494
  20    9.00  34     13910
  20    9.00  39     15814
  20    9.00  40     16922
  20    9.00  41     17303
  20    9.00  42     17885
  20    9.00  45     19598
  20    9.00  46     19922
  20    9.00  47     20186
  20    9.00  48     20480
  20    9.00  51     21867
  20    9.00  52     21874
  20    9.00  65     27264
  20    9.00  74     33495
  20    9.00  78     36126
  20   10.00   4       532
  20   10.00   5       815
  20   10.00   6      1033
  20   10.00  12      3045
  20   10.00  13      3491
  20   10.00  14      3648
  20   10.00  21      6334
  20   10.00  22      6657
  20   10.00  23      7373
  20   10.00  24      7382
  20   10.00  25      7741
  20   10.00  26      8259
  20   10.00  27      8569
  20   10.00  28      8876
  20   10.00  29      9152
  20   10.00  30      9285
  20   10.00  33     11192
  20   10.00  34     11059
  20   10.00  39     13000
  20   10.00  40     13452
  20   10.00  41     13853
  20   10.00  42     14508
  20   10.00  45     15903
  20   10.00  46     16041
  20   10.00  47     16407
  20   10.00  48     16822
  20   10.00  51     17665
  20   10.00  52     18087
  20   10.00  65     22648
  20   10.00  66     23252
  20   10.00  72     25040
  20   10.00  77     29053
  20   10.00  78     31381
  20   11.00   4       432
  20   11.00   5       615
  20   11.00   6       798
  20   11.00  12      2298
  20   11.00  13      2661
  20   11.00  14      2894
  20   11.00  21      4914
  20   11.00  22      5322
  20   11.00  23      5699
  20   11.00  24      6161
  20   11.00  25      6310
  20   11.00  26      6572
  20   11.00  27      6720
  20   11.00  28      7297
  20   11.00  29      7302
  20   11.00  30      7744
  20   11.00  33      9302
  20   11.00  39     10625
  20   11.00  40     11134
  20   11.00  41     11204
  20   11.00  42     11770
  20   11.00  45     13027
  20   11.00  46     13425
  20   11.00  47     13199
  20   11.00  48     13581
  20   11.00  51     14362
  20   11.00  52     14691
  20   11.00  65     18719
  20   11.00  66     19300
  20   11.00  74     23128
  20   11.00  75     21829
  20   12.00   4       312
  20   12.00   5       490
  20   12.00   6       642
  20   12.00  12      1884
  20   12.00  13      2129
  20   12.00  14      2283
  20   12.00  21      3917
  20   12.00  22      4235
  20   12.00  23      4522
  20   12.00  24      4832
  20   12.00  25      5055
  20   12.00  26      5273
  20   12.00  27      5514
  20   12.00  28      5866
  20   12.00  29      6096
  20   12.00  30      6099
  20   12.00  32      6738
  20   12.00  34      7662
  20   12.00  39      8510
  20   12.00  40      8910
  20   12.00  41      9140
  20   12.00  42      9678
  20   12.00  45     10474
  20   12.00  46     10645
  20   12.00  47     10909
  20   12.00  48     11090
  20   12.00  51     11707
  20   12.00  52     12042
  20   12.00  65     15283
  20   12.00  66     15579
  20   12.00  72     16988
  20   12.00  73     16950
  20   12.00  74     18874
  20   12.00  78     18616
  20   13.00   4       243
  20   13.00   5       364
  20   13.00   6       482
  20   13.00  12      1480
  20   13.00  13      1716
  20   13.00  14      1836
  20   13.00  21      3170
  20   13.00  22      3374
  20   13.00  23      3531
  20   13.00  24      3826
  20   13.00  25      4006
  20   13.00  26      4317
  20   13.00  27      4449
  20   13.00  28      4579
  20   13.00  29      4823
  20   13.00  30      4969
  20   13.00  32      5531
  20   13.00  33      5680
  20   13.00  34      5548
  20   13.00  39      6895
  20   13.00  40      7058
  20   13.00  41      7343
  20   13.00  42      7551
  20   13.00  45      8273
  20   13.00  46      8634
  20   13.00  47      8838
  20   13.00  48      9035
  20   13.00  51      9639
  20   13.00  52      9700
  20   13.00  65     12477
  20   13.00  66     12927
  20   13.00  72     13544
  20   13.00  73     14026
  20   13.00  74     14682
  20   13.00  75     14609
  20   14.00   4       178
  20   14.00   5       267
  20   14.00   6       363
  20   14.00  12      1104
  20   14.00  13      1270
  20   14.00  14      1401
  20   14.00  21      2485
  20   14.00  22      2659
  20   14.00  23      2907
  20   14.00  24      3016
  20   14.00  25      3374
  20   14.00  26      3388
  20   14.00  27      3633
  20   14.00  28      3687
  20   14.00  29      3932
  20   14.00  30      4104
  20   14.00  32      4496
  20   14.00  33      4502
  20   14.00  34      4642
  20   14.00  39      5665
  20   14.00  40      5741
  20   14.00  41      6034
  20   14.00  42      6072
  20   14.00  45      6874
  20   14.00  46      7154
  20   14.00  47      7146
  20   14.00  48      7375
  20   14.00  51      7745
  20   14.00  52      8070
  20   14.00  65     10303
  20   14.00  66     10383
  20   14.00  72     11195
  20   14.00  73     11766
  20   14.00  74     12162
  20   14.00  75     11913
  20   14.00  76     12171
  20   14.00  77     12488
  20   15.00   4       122
  20   15.00   5       194
  20   15.00   6       254
  20   15.00  12       812
  20   15.00  13       984
  20   15.00  14      1046
  20   15.00  21      2019
  20   15.00  22      1978
  20   15.00  23      2303
  20   15.00  24      2370
  20   15.00  25      2510
  20   15.00  26      2701
  20   15.00  27      2782
  20   15.00  28      3158
  20   15.00  29      3067
  20   15.00  30      3152
  20   15.00  32      3569
  20   15.00  33      3383
  20   15.00  34      3683
  20   15.00  40      4559
  20   15.00  41      4656
  20   15.00  42      4906
  20   15.00  45      5384
  20   15.00  46      5463
  20   15.00  47      5649
  20   15.00  48      5667
  20   15.00  51      6030
  20   15.00  52      6140
  20   15.00  65      8050
  20   15.00  66      8369
  20   15.00  72      8963
  20   15.00  73      9214
  20   15.00  74      9288
  20   15.00  75      9506
  20   15.00  76      9709
  20   15.00  77      9946
  20   15.00  78     10419
  20   16.00   4        97
  20   16.00   5       139
  20   16.00   6       214
  20   16.00  12       616
  20   16.00  13       688
  20   16.00  14       766
  20   16.00  21      1425
  20   16.00  22      1520
  20   16.00  23      1578
  20   16.00  24      1762
  20   16.00  25      1842
  20   16.00  26      2011
  20   16.00  27      2051
  20   16.00  28      2199
  20   16.00  29      2377
  20   16.00  30      2377
  20   16.00  32      2597
  20   16.00  33      2724
  20   16.00  34      2823
  20   16.00  39      3227
  20   16.00  41      3529
  20   16.00  42      3626
  20   16.00  45      4052
  20   16.00  46      4132
  20   16.00  47      4254
  20   16.00  48      4190
  20   16.00  51      4563
  20   16.00  52      4763
  20   16.00  65      6075
  20   16.00  66      6321
  20   16.00  72      6756
  20   16.00  73      7118
  20   16.00  74      7284
  20   16.00  75      7429
  20   16.00  76      7527
  20   16.00  77      7569
  20   16.00  78      7759
  25    1.50   4     18535
  25    1.50   5     22796
  25    1.50   6     27240
  25    1.50  21    149107
  25    1.50  22    158840
  25    1.50  23    170645
  25    1.50  24    184479
  25    1.50  25    199232
  25    1.50  26    213197
  25    1.50  27    229385
  25    1.50  28    251322
  25    1.50  29    274585
  25    1.50  30    289516
  25    1.50  32    366086
  25    1.50  45    400899
  25    1.50  46    426969
  25    1.50  51    457433
  25    1.50  52    472517
  25    2.00   4     13271
  25    2.00   5     17229
  25    2.00   6     21162
  25    2.00  12     45816
  25    2.00  13     56189
  25    2.00  21     97301
  25    2.00  22    101541
  25    2.00  23    106736
  25    2.00  24    112242
  25    2.00  25    118949
  25    2.00  26    122337
  25    2.00  27    131480
  25    2.00  28    137159
  25    2.00  29    144806
  25    2.00  30    156731
  25    2.00  32    175496
  25    2.00  33    193430
  25    2.00  47    255182
  25    2.00  48    251242
  25    2.00  66    337885
  25    2.00  92    401125
  25    2.60   5     12818
  25    2.60   6     15875
  25    2.60  13     38102
  25    2.60  14     40764
  25    2.60  23     76339
  25    2.60  24     80172
  25    2.60  26     89207
  25    2.60  27     92011
  25    2.60  28     96517
  25    2.60  29    101585
  25    2.60  30    105450
  25    2.60  32    115557
  25    2.60  33    126712
  25    2.60  34    130518
  25    2.60  51    180889
  25    2.60  65    231165
  25    2.60  66    237275
  25    2.60  72    287912
  25    2.60  73    254761
  25    2.60  74    266206
  25    3.00   4      8189
  25    3.00   5     10589
  25    3.00   6     12816
  25    3.00  12     28618
  25    3.00  14     34178
  25    3.00  21     64050
  25    3.00  24     68196
  25    3.00  25     70536
  25    3.00  26     75101
  25    3.00  27     75986
  25    3.00  28     81131
  25    3.00  29     83267
  25    3.00  30     87244
  25    3.00  32     94455
  25    3.00  33    100252
  25    3.00  39    125557
  25    3.00  40    128916
  25    3.00  41    135447
  25    3.00  52    156585
  25    3.00  65    190543
  25    3.00  66    190013
  25    3.00  72    222994
  25    3.00  73    225616
  25    3.00  74    231505
  25    3.00  76    222798
  25    3.00  77    226273
  25    3.00  78    206030
  25    3.60   4      5926
  25    3.60   5      8242
  25    3.60   6     10095
  25    3.60  12     22673
  25    3.60  13     25573
  25    3.60  22     53993
  25    3.60  23     54760
  25    3.60  25     56414
  25    3.60  26     59468
  25    3.60  27     60783
  25    3.60  28     64397
  25    3.60  29     66055
  25    3.60  30     68615
  25    3.60  32     74261
  25    3.60  33     77040
  25    3.60  34     80157
  25    3.60  39     96537
  25    3.60  40     98780
  25    3.60  41    101409
  25    3.60  42    100777
  25    3.60  65    145929
  25    3.60  66    148340
  25    3.60  72    166405
  25    3.60  73    172955
  25    3.60  74    178972
  25    3.60  75    179229
  25    3.60  76    183339
  25    3.60  77    181332
  25    3.60  78    187430
  25    3.60  79    199025
  25    4.60   4      4254
  25    4.60   6      7332
  25    4.60  12     16994
  25    4.60  14     20633
  25    4.60  25     43316
  25    6.25   4      2442
  25    6.25   5      3350
  25    6.25   6      4325
  25    6.25  12     10471
  25    6.25  13     11747
  25    6.25  14     12653
  25    6.25  21     20375
  25    6.25  22     21571
  25    6.25  23     22486
  25    6.25  27     29777
  25    6.25  30     32133
  25    6.25  32     34304
  25    6.25  33     35772
  25    6.25  34     37044
  25    6.25  39     42664
  25    6.25  40     44634
  25    6.25  41     45950
  25    6.25  42     46718
  25    6.25  45     51015
  25    6.25  46     51513
  25    6.25  47     53199
  25    6.25  48     53885
  25    6.25  51     56280
  25    6.25  52     57466
  25    6.25  72     79641
  25    6.25  73     82300
  25    6.25  74     81875
  25    6.25  75     82890
  25    6.25  76     84967
  25    6.25  77     85448
  25    6.25  78     87134
  25    6.25  79     91888
  25    6.25  83     94850
  25    6.25  92    105394
  25    7.00   4      1911
  25    7.00   5      2619
  25    7.00   6      3419
  25    7.00  12      8813
  25    7.00  13      9823
  25    7.00  14     10657
  25    7.00  21     17211
  25    7.00  22     17862
  25    7.00  23     19262
  25    7.00  24     20351
  25    7.00  25     19965
  25    7.00  29     26638
  25    7.00  30     28092
  25    7.00  32     28968
  25    7.00  33     29945
  25    7.00  34     30936
  25    7.00  39     35846
  25    7.00  40     36699
  25    7.00  41     38613
  25    7.00  42     39771
  25    7.00  45     43570
  25    7.00  46     43837
  25    7.00  47     45394
  25    7.00  48     44864
  25    7.00  51     46849
  25    7.00  52     49174
  25    7.00  74     70420
  25    7.00  75     70819
  25    7.00  76     71716
  25    7.00  77     72310
  25    7.00  78     74064
  25    7.00  79     77304
  25    7.00  83     79472
  25    7.00  92     89045
  25    7.60   5      2275
  25    7.60   4      1650
  25    7.60   6      2893
  25    7.60  12      7606
  25    7.60  13      8626
  25    7.60  14      9120
  25    7.60  21     15149
  25    7.60  22     16052
  25    7.60  23     16288
  25    7.60  24     17494
  25    7.60  25     18231
  25    7.60  26     19319
  25    7.60  30     23904
  25    7.60  32     25201
  25    7.60  33     25922
  25    7.60  34     27141
  25    7.60  39     31495
  25    7.60  40     32446
  25    7.60  41     33636
  25    7.60  42     35204
  25    7.60  45     38372
  25    7.60  46     38304
  25    7.60  47     39768
  25    7.60  48     38325
  25    7.60  51     42437
  25    7.60  52     43255
  25    7.60  73     62852
  25    7.60  77     64400
  25    7.60  78     65991
  25    7.60  79     67631
  25    7.60  83     69986
  25    7.60  92     77826
  25    8.00   4      1506
  25    8.00   5      2048
  25    8.00   6      2667
  25    8.00  12      6858
  25    8.00  13      7932
  25    8.00  14      8520
  25    8.00  22     14432
  25    8.00  23     15488
  25    8.00  24     16245
  25    8.00  25     17127
  25    8.00  26     18350
  25    8.00  33     23990
  25    8.00  34     25273
  25    8.00  39     29121
  25    8.00  40     29954
  25    8.00  41     31022
  25    8.00  42     32317
  25    8.00  45     35468
  25    8.00  46     35828
  25    8.00  47     37325
  25    8.00  48     36390
  25    8.00  51     38802
  25    8.00  52     39086
  25    8.00  75     58503
  25    8.00  79     63744
  25    8.00  83     65783
  25    8.00  92     71299
  25    8.70   4      1261
  25    8.70   5      1825
  25    8.70   6      2307
  25    8.70  12      6029
  25    8.70  13      6821
  25    8.70  14      7266
  25    8.70  21     12284
  25    8.70  22     12590
  25    8.70  23     13621
  25    8.70  24     14176
  25    8.70  25     15119
  25    8.70  26     15809
  25    8.70  27     16053
  25    8.70  32     20297
  25    8.70  34     22032
  25    8.70  39     25461
  25    8.70  40     26162
  25    8.70  41     27218
  25    8.70  42     28278
  25    8.70  45     31115
  25    8.70  46     31373
  25    8.70  47     32037
  25    8.70  48     31710
  25    8.70  51     34196
  25    8.70  52     35041
  25    8.70  73     50111
  25    8.70  77     53889
  25    8.70  78     54756
  25    8.70  83     58406
  25    8.70  92     62848
  25    9.00   4      1168
  25    9.00   5      1597
  25    9.00   6      2112
  25    9.00  12      5500
  25    9.00  13      6353
  25    9.00  14      6768
  25    9.00  21     11183
  25    9.00  23     12781
  25    9.00  24     13532
  25    9.00  25     14058
  25    9.00  26     14356
  25    9.00  27     15220
  25    9.00  28     15912
  25    9.00  34     20312
  25    9.00  39     23632
  25    9.00  40     24341
  25    9.00  41     25389
  25    9.00  42     26426
  25    9.00  45     29354
  25    9.00  46     29283
  25    9.00  47     30208
  25    9.00  48     30125
  25    9.00  51     32109
  25    9.00  52     33050
  25    9.00  65     40024
  25    9.00  78     52334
  25    9.00  79     53196
  25    9.00  83     55125
  25    9.00  92     59617
  25   10.00   4       957
  25   10.00   5      1245
  25   10.00   6      1665
  25   10.00  12      4483
  25   10.00  13      5188
  25   10.00  14      5601
  25   10.00  21      9349
  25   10.00  22      9804
  25   10.00  24     11273
  25   10.00  25     11424
  25   10.00  26     12648
  25   10.00  27     12690
  25   10.00  28     13501
  25   10.00  29     13527
  25   10.00  34     17224
  25   10.00  39     19825
  25   10.00  40     20562
  25   10.00  41     21621
  25   10.00  42     22337
  25   10.00  45     24164
  25   10.00  46     24138
  25   10.00  47     24762
  25   10.00  48     24908
  25   10.00  51     26741
  25   10.00  52     26970
  25   10.00  65     33981
  25   10.00  66     34245
  25   10.00  83     46318
  25   10.00  92     50207
  25   11.00   4       735
  25   11.00   5       996
  25   11.00   6      1360
  25   11.00  12      3718
  25   11.00  13      4220
  25   11.00  14      4733
  25   11.00  21      7688
  25   11.00  22      8260
  25   11.00  23      8851
  25   11.00  24      9746
  25   11.00  25      9763
  25   11.00  26     10151
  25   11.00  27     10731
  25   11.00  28     11534
  25   11.00  29     11610
  25   11.00  30     11822
  25   11.00  39     16241
  25   11.00  40     17004
  25   11.00  41     17873
  25   11.00  42     18433
  25   11.00  45     20169
  25   11.00  46     20640
  25   11.00  47     21019
  25   11.00  48     21254
  25   11.00  51     22446
  25   11.00  52     22960
  25   11.00  65     28802
  25   11.00  66     28961
  25   11.00  92     42486
  25   12.00   4       623
  25   12.00   5       830
  25   12.00   6      1054
  25   12.00  12      3022
  25   12.00  13      3565
  25   12.00  14      3847
  25   12.00  21      6577
  25   12.00  22      6818
  25   12.00  23      7297
  25   12.00  24      7759
  25   12.00  25      8298
  25   12.00  26      8851
  25   12.00  27      9051
  25   12.00  28      9697
  25   12.00  29      9867
  25   12.00  30     10159
  25   12.00  32     11024
  25   12.00  39     13975
  25   12.00  40     14498
  25   12.00  41     15220
  25   12.00  42     15649
  25   12.00  45     17206
  25   12.00  46     17487
  25   12.00  47     17885
  25   12.00  48     17857
  25   12.00  51     18880
  25   12.00  52     19306
  25   12.00  65     24596
  25   12.00  66     24897
  25   12.00  72     26851
  25   12.00  73     27230
  25   12.00  77     29739
  25   12.00  78     29823
  25   12.00  83     33073
  25   12.00  92     36564
  25   13.00   4       479
  25   13.00   5       691
  25   13.00   6       786
  25   13.00  12      2418
  25   13.00  13      2874
  25   13.00  14      3158
  25   13.00  21      5390
  25   13.00  22      5653
  25   13.00  23      6248
  25   13.00  24      6444
  25   13.00  25      6752
  25   13.00  26      7332
  25   13.00  27      7319
  25   13.00  28      8071
  25   13.00  29      8263
  25   13.00  30      8685
  25   13.00  32      9346
  25   13.00  33      9814
  25   13.00  39     11766
  25   13.00  40     12455
  25   13.00  41     12690
  25   13.00  42     13317
  25   13.00  45     14315
  25   13.00  46     14990
  25   13.00  47     15117
  25   13.00  48     15018
  25   13.00  51     16199
  25   13.00  52     16434
  25   13.00  65     21110
  25   13.00  66     21459
  25   13.00  72     22436
  25   13.00  73     23960
  25   13.00  74     24095
  25   13.00  75     24271
  25   13.00  79     28039
  25   13.00  92     31649
  25   14.00   4       373
  25   14.00   5       474
  25   14.00   6       661
  25   14.00  12      2099
  25   14.00  13      2286
  25   14.00  14      2580
  25   14.00  21      4480
  25   14.00  22      4681
  25   14.00  23      5084
  25   14.00  24      5490
  25   14.00  25      5808
  25   14.00  26      6012
  25   14.00  27      6583
  25   14.00  28      6720
  25   14.00  29      7176
  25   14.00  30      7257
  25   14.00  32      8023
  25   14.00  33      8214
  25   14.00  34      8396
  25   14.00  39     10273
  25   14.00  40     10415
  25   14.00  41     10679
  25   14.00  42     11302
  25   14.00  45     12311
  25   14.00  46     12604
  25   14.00  47     12996
  25   14.00  48     12794
  25   14.00  51     13917
  25   14.00  52     14079
  25   14.00  65     18127
  25   14.00  66     18149
  25   14.00  72     19664
  25   14.00  73     20243
  25   14.00  74     20539
  25   14.00  75     21061
  25   14.00  76     21272
  25   14.00  77     21314
  25   14.00  83     23575
  25   14.00  92     27037
  25   15.00   4       312
  25   15.00   5       398
  25   15.00   6       554
  25   15.00  12      1761
  25   15.00  13      1978
  25   15.00  14      2235
  25   15.00  21      3723
  25   15.00  22      4174
  25   15.00  23      4339
  25   15.00  24      4476
  25   15.00  25      4786
  25   15.00  26      5077
  25   15.00  27      5310
  25   15.00  28      5942
  25   15.00  29      6008
  25   15.00  30      6301
  25   15.00  32      6922
  25   15.00  33      6771
  25   15.00  34      7308
  25   15.00  40      8990
  25   15.00  41      9102
  25   15.00  42      9483
  25   15.00  45     10272
  25   15.00  46     10711
  25   15.00  47     10756
  25   15.00  48     10727
  25   15.00  51     11472
  25   15.00  52     12039
  25   15.00  65     15533
  25   15.00  66     15826
  25   15.00  72     16818
  25   15.00  73     17340
  25   15.00  74     17526
  25   15.00  75     17771
  25   15.00  76     18056
  25   15.00  77     18287
  25   15.00  78     19207
  25   15.00  79     19589
  25   15.00  92     22411
  25   16.00   4       204
  25   16.00   5       336
  25   16.00   6       447
  25   16.00  12      1360
  25   16.00  13      1563
  25   16.00  14      1732
  25   16.00  21      3140
  25   16.00  22      3262
  25   16.00  23      3546
  25   16.00  24      3812
  25   16.00  25      4120
  25   16.00  26      4301
  25   16.00  27      4349
  25   16.00  28      4690
  25   16.00  30      5006
  25   16.00  32      5626
  25   16.00  33      5784
  25   16.00  34      6023
  25   16.00  39      7273
  25   16.00  42      8104
  25   16.00  45      8621
  25   16.00  46      8736
  25   16.00  47      9235
  25   16.00  48      9034
  25   16.00  51      9818
  25   16.00  52     10192
  25   16.00  65     13073
  25   16.00  66     13279
  25   16.00  73     14563
  25   16.00  74     15237
  25   16.00  75     15047
  25   16.00  76     15156
  25   16.00  77     15620
  25   16.00  78     15728
  25   16.00  79     16477
  25   16.00  83     17215
  25   17.00   4       198
  25   17.00   5       279
  25   17.00   6       344
  25   17.00  12      1105
  25   17.00  13      1340
  25   17.00  14      1346
  25   17.00  21      2489
  25   17.00  22      2731
  25   17.00  23      3008
  25   17.00  24      2972
  25   17.00  25      3334
  25   17.00  26      3578
  25   17.00  27      3604
  25   17.00  28      3899
  25   17.00  29      4023
  25   17.00  30      4267
  25   17.00  32      4655
  25   17.00  33      4799
  25   17.00  34      4933
  25   17.00  40      6130
  25   17.00  45      7264
  25   17.00  46      7374
  25   17.00  47      7681
  25   17.00  48      7445
  25   17.00  51      8031
  25   17.00  52      8200
  25   17.00  65     10711
  25   17.00  66     10992
  25   17.00  72     12015
  25   17.00  73     12127
  25   17.00  74     12457
  25   17.00  75     12776
  25   17.00  76     12936
  25   17.00  77     13079
  25   17.00  78     13372
  25   17.00  79     13677
  25   17.00  83     14026
  25   18.00   4       144
  25   18.00   5       185
  25   18.00   6       272
  25   18.00  12       855
  25   18.00  13      1090
  25   18.00  14      1129
  25   18.00  21      2040
  25   18.00  22      2230
  25   18.00  23      2358
  25   18.00  24      2532
  25   18.00  25      2722
  25   18.00  26      2854
  25   18.00  27      2939
  25   18.00  28      3219
  25   18.00  29      3281
  25   18.00  30      3420
  25   18.00  32      3750
  25   18.00  33      4043
  25   18.00  34      4120
  25   18.00  39      4770
  25   18.00  41      5526
  25   18.00  42      5569
  25   18.00  45      6031
  25   18.00  46      6060
  25   18.00  47      6272
  25   18.00  48      6277
  25   18.00  51      6963
  25   18.00  52      7242
  25   18.00  65      9026
  25   18.00  66      9168
  25   18.00  72      9990
  25   18.00  73     10435
  25   18.00  74     10697
  25   18.00  75     10749
  25   18.00  76     10803
  25   18.00  77     11021
  25   18.00  78     11005
  25   18.00  79     11709
  25   18.00  83     12031
  25   18.00  92     12993
  25   19.00   4       121
  25   19.00   5       132
  25   19.00   6       207
  25   19.00  12       652
  25   19.00  13       800
  25   19.00  14       842
  25   19.00  21      1556
  25   19.00  22      1724
  25   19.00  23      1859
  25   19.00  24      1941
  25   19.00  25      2195
  25   19.00  26      2227
  25   19.00  27      2262
  25   19.00  28      2500
  25   19.00  29      2537
  25   19.00  30      2823
  25   19.00  32      3010
  25   19.00  33      3228
  25   19.00  34      3302
  25   19.00  39      3825
  25   19.00  40      3876
  25   19.00  42      4380
  25   19.00  45      5042
  25   19.00  46      4931
  25   19.00  47      4970
  25   19.00  48      5075
  25   19.00  51      5502
  25   19.00  52      5676
  25   19.00  65      7279
  25   19.00  66      7745
  25   19.00  72      7925
  25   19.00  73      8513
  25   19.00  74      8745
  25   19.00  75      8613
  25   19.00  76      8670
  25   19.00  77      9155
  25   19.00  78      9176
  25   19.00  79      9346
  25   19.00  83      9913
  25   19.00  92     10472
  25   20.00   4        74
  25   20.00   5       103
  25   20.00   6       138
  25   20.00  12       533
  25   20.00  13       556
  25   20.00  14       626
  25   20.00  21      1158
  25   20.00  22      1263
  25   20.00  23      1389
  25   20.00  24      1529
  25   20.00  25      1529
  25   20.00  26      1722
  25   20.00  27      1805
  25   20.00  28      1882
  25   20.00  29      2049
  25   20.00  30      2100
  25   20.00  32      2357
  25   20.00  33      2317
  25   20.00  34      2586
  25   20.00  39      2916
  25   20.00  40      3043
  25   20.00  41      3179
  25   20.00  46      3905
  25   20.00  47      3954
  25   20.00  48      4031
  25   20.00  51      4351
  25   20.00  52      4450
  25   20.00  65      5796
  25   20.00  66      5768
  25   20.00  72      6334
  25   20.00  73      6729
  25   20.00  74      6850
  25   20.00  75      6956
  25   20.00  76      7058
  25   20.00  77      6915
  25   20.00  78      7486
  25   20.00  79      7386
  25   20.00  83      7905
