JERRY STENBAKKEN ELECTRICAL INSTRUMENTATION
A TO D 13-BIT DATA CONVERTER TESTING.
SET # 7
NUMBER OF OBSERVATIONS = 8192
NUMBER OF VARIABLES PER LINE IMAGE = 1
RESPONSE VARIABLE = VOLTAGE
NOVEMBER 1989
NOTE--IF THE DATA ARE CONSIDERED TO BE IN STANDARD YATES ORDER
      WITH FACTOR 1 OSCILLATING FASTEST
      AND FACTOR 13 OSCILLATING SLOWEST
      THEN FACTOR 1 =  FAR RIGHT BIT      (LEAST SIGNIFICANT BIT)
           FACTOR 2 =  NEXT FAR RIGHT BIT (NEXT LEAST SIGNFICANT BIT)
           ...
           FACTOR 13 = FAR LEFT BIT       (MOST SIGNIFICANT BIT)
TO READ THIS INTO DATAPLOT--
   DIMENSION 20 VARIABLES
   SET READ FORMAT F7.4 (NOTE: SOME ROWS NOT FORMATTED CORRECTLY!!!!)
   READ STENBAKKEN1.DAT Y
 
 
 
 
 
VOLTAGE
--------
 0.0
 0.0
-0.3344
-0.1684
-0.2318
-0.1284
-0.2334
-0.0883
-0.2768
-0.0899
-0.1950
0.0544
-0.1132
0.0111
-0.0731
0.0929
-0.1790
-0.0547
-0.1807
-0.0147
-0.1614
0.0254
-0.0380
0.0029
-0.0187
0.0847
-0.0204
0.1665
0.1031
0.1648
0.0806
0.2049
-0.1504
-0.0678
-0.0477
0.0140
-0.0494
0.1166
0.0533
0.1567
-0.0318
0.1551
0.0500
0.2160
0.0901
0.2769
0.1718
0.2961
-0.0383
0.1485
0.1060
0.3137
0.0836
0.2287
0.2279
0.3522
0.1011
0.2463
0.1829
0.3698
0.2021
0.3473
0.3048
0.4707
0.0946
0.3023
0.1555
0.2590
0.1956
0.3199
0.2357
0.3808
0.2341
0.4000
0.2950
0.3984
0.2934
0.4593
0.3751
0.5203
0.2484
0.3518
0.2468
0.4336
0.2868
0.4945
0.3895
0.5763
0.3044
0.5747
0.3862
0.5730
0.5097
0.6131
0.6331
0.6740
0.4022
0.4847
0.2963
0.5040
0.3989
0.5857
0.4598
0.6675
0.4790
0.5616
0.4983
0.6226
0.6009
0.7460
0.5576
0.7235
0.4725
0.5760
0.5334
0.6369
0.5318
0.7604
0.7387
0.7796
0.6120
0.7779
0.6729
0.8597
0.6713
0.8372
0.8156
0.8773
0.3761
0.6255
0.5204
0.6030
0.6022
0.7265
0.7048
0.8291
0.5364
0.7441
0.7015
0.8050
0.7208
0.9076
0.8025
0.9060
0.5716
0.7584
0.6742
0.7985
0.7143
0.8802
0.7543
1.0037
0.7527
0.8353
0.8553
0.9171
0.8537
1.0197
0.9355
1.1014
0.6836
0.7871
0.7654
0.8480
0.7429
0.9506
0.8664
1.0949
0.8231
0.9890
0.9048
1.0500
0.8824
1.0483
1.0475
1.1510
0.8582
0.9408
0.8566
1.0643
0.9175
1.0210
0.9368
1.1653
0.9977
1.0594
1.0586
1.1412
1.1404
1.2438
1.1387
1.2839
0.9495
1.0946
0.9687
1.0930
1.0713
1.1539
1.0905
1.2565
1.0889
1.1298
1.2124
1.3158
1.1899
1.3559
1.2717
1.4793
1.0407
1.2484
1.1433
1.3301
1.2251
1.2868
1.3068
1.4728
1.2427
1.3252
1.3453
1.3862
1.3645
1.5096
1.4671
1.5706
1.1944
1.3604
1.2137
1.4005
1.3580
1.4406
1.3355
1.4806
1.3130
1.4582
1.3531
1.4982
1.4140
1.6217
1.5166
1.7035
1.3899
1.4933
1.4091
1.5543
1.4492
1.5526
1.5518
1.6761
1.4876
1.6328
1.5486
1.7146
1.5886
1.7755
1.5870
1.7738
-0.6665
-0.6673
-0.7932
-0.5438
-0.7114
-0.5246
-0.6088
-0.5054
-0.6730
-0.5070
-0.5912
-0.5086
-0.6345
-0.4060
-0.4902
-0.3868
-0.6378
-0.5969
-0.5977
-0.4317
-0.4951
-0.4542
-0.4133
-0.3933
-0.4984
-0.3324
-0.4374
-0.3131
-0.3557
-0.3356
-0.3364
-0.2122
-0.6508
-0.5265
-0.4857
-0.3822
-0.5707
-0.3421
-0.4472
-0.2812
-0.5531
-0.3037
-0.3671
-0.1802
-0.2853
-0.2653
-0.2035
-0.1418
-0.4137
-0.4145
-0.3736
-0.2701
-0.2918
-0.2509
-0.2934
-0.0441
-0.2325
-0.1708
-0.2550
-0.1307
-0.2149
-0.0906
-0.2166
0.0120
-0.2807
-0.1356
-0.3032
-0.1998
-0.2631
-0.0763
-0.2439
-0.0779
-0.1830
-0.1004
-0.1429
-0.0187
-0.1446
0.0006
-0.0211
0.1032
-0.2521
-0.0652
-0.1703
-0.0460
-0.1302
0.0149
0.0141
0.0758
-0.1335
-0.0301
-0.0100
0.0934
0.0509
0.1543
0.1535
0.2570
-0.2026
0.0051
-0.0582
0.0661
-0.0599
0.1478
0.0219
0.1253
-0.0214
0.0612
0.0604
0.1846
0.1004
0.2456
0.1822
0.3273
0.0555
0.1380
0.0955
0.1990
0.0939
0.2807
0.1965
0.3417
0.1949
0.2566
0.1933
0.3593
0.3167
0.4202
0.2734
0.4602
-0.0201
0.1250
0.1033
0.2693
0.1434
0.2677
0.1209
0.2869
0.1193
0.2436
0.1802
0.3254
0.2829
0.4071
0.3229
0.4472
0.1336
0.2788
0.1529
0.3188
0.2346
0.3589
0.3164
0.4824
0.2731
0.4182
0.2923
0.4374
0.3741
0.4775
0.4767
0.5801
0.2249
0.3491
0.3483
0.4518
0.3258
0.4293
0.3868
0.5111
0.4060
0.4052
0.4252
0.5286
0.5070
0.6104
0.5054
0.7130
0.3995
0.4612
0.4812
0.5638
0.4796
0.5831
0.5614
0.7274
0.5598
0.6632
0.5164
0.7241
0.6399
0.7016
0.6800
0.8251
0.4907
0.5941
0.5308
0.6550
0.5708
0.7994
0.6526
0.7977
0.5884
0.7336
0.6493
0.8570
0.7103
0.8763
0.8546
0.9372
0.6236
0.6645
0.7471
0.8714
0.7663
0.8280
0.8272
0.9724
0.8464
0.8248
0.7823
0.9274
0.8432
1.0092
0.9667
1.0909
0.7982
0.9225
0.7549
0.9417
0.7533
0.9401
0.8767
0.9593
0.9168
0.9577
0.9152
1.0812
0.9344
1.1004
1.0787
1.1822
0.8269
0.9512
0.9295
0.9912
0.9487
1.1564
1.0305
1.1965
1.0497
1.1949
1.1106
1.2141
1.0882
1.2750
1.1908
1.2734
0.1466
-0.0001
-0.2303
-0.1060
-0.1694
-0.0868
-0.1710
0.0158
-0.1935
-0.0066
-0.0492
-0.0083
-0.0716
0.0527
-0.0316
0.1553
-0.2000
-0.0340
-0.1391
0.0269
-0.0782
0.0461
0.0036
0.1071
-0.0397
0.1054
0.0212
0.1246
0.1238
0.2690
0.1639
0.3924
-0.1088
0.0364
-0.0270
0.0973
0.0339
0.1582
0.1365
0.1983
-0.0110
0.1966
0.1124
0.1950
0.1316
0.2351
0.2343
0.2752
0.0658
0.1276
0.1268
0.2927
0.1460
0.3120
0.2069
0.4354
0.2678
0.3087
0.2870
0.4113
0.3480
0.4306
0.3880
0.5749
0.0945
0.2188
0.1971
0.3631
0.3623
0.3406
0.3398
0.4016
0.3173
0.4625
0.3157
0.4817
0.3558
0.4801
0.4584
0.6452
0.2900
0.4768
0.4343
0.4543
0.3910
0.4736
0.5561
0.5553
0.3877
0.5328
0.5112
0.5938
0.5512
0.6130
0.5288
0.6739
0.3395
0.4638
0.4213
0.6081
0.4613
0.6065
0.6057
0.6882
0.4789
0.6866
0.4981
0.7475
0.6216
0.8085
0.7242
0.8485
0.4933
0.6384
0.5333
0.7619
0.6568
0.7602
0.7177
0.8212
0.6535
0.8404
0.7145
0.8387
0.7545
0.8997
0.7738
0.9397
0.4594
0.6879
0.5411
0.7280
0.6229
0.7681
0.7047
0.8081
0.6405
0.8065
0.7014
0.9091
0.7415
0.9283
0.8024
0.9893
0.5923
0.7374
0.7158
0.8609
0.7141
0.9218
0.8168
0.9827
0.8151
0.9186
0.8552
1.0212
0.9161
1.0613
0.9562
1.1013
0.7252
0.8286
0.8278
0.9104
0.8053
0.9713
0.9497
1.0323
0.8229
1.0098
0.8839
1.0707
0.9865
1.0482
1.0891
1.1717
0.9624
1.0241
0.9816
1.0642
0.9800
1.1043
1.0826
1.1652
1.0184
1.1427
1.0376
1.2662
1.1819
1.3271
1.1803
1.2629
0.9702
1.0319
0.9894
1.0720
1.0503
1.2372
1.1321
1.3606
1.1096
1.2339
1.2122
1.3365
1.2106
1.3766
1.3132
1.4792
1.1240
1.2899
1.2057
1.3300
1.1832
1.3701
1.3484
1.4102
1.3051
1.3460
1.2618
1.4903
1.4269
1.5095
1.5087
1.5704
1.2360
1.3603
1.3386
1.4629
1.2953
1.4822
1.3562
1.5014
1.3755
1.4372
1.4364
1.5815
1.4764
1.5382
1.5165
1.6825
1.3689
1.4307
1.4299
1.5541
1.4282
1.5942
1.5726
1.6551
1.5292
1.5701
1.5276
1.6727
1.5885
1.7545
1.7328
1.7529
-0.5832
-0.6257
-0.7725
-0.5439
-0.6490
-0.5455
-0.5255
-0.3804
-0.6314
-0.4654
-0.5705
-0.3628
-0.5304
-0.4061
-0.4069
-0.2826
-0.6379
-0.4928
-0.5978
-0.4736
-0.4535
-0.3709
-0.4760
-0.3309
-0.4776
-0.2908
-0.4167
-0.3550
-0.3975
-0.1898
-0.2323
-0.0246
-0.4633
-0.3599
-0.4858
-0.4032
-0.4666
-0.2380
-0.2805
-0.1979
-0.3447
-0.2413
-0.3463
-0.1387
-0.2020
-0.0986
-0.2245
-0.0585
-0.3721
-0.2686
-0.3320
-0.2077
-0.2502
-0.0634
-0.2102
-0.0650
-0.2118
-0.1501
-0.2134
-0.0891
-0.1525
-0.0074
-0.0707
0.0536
-0.3643
-0.1357
-0.3450
-0.0957
-0.2007
-0.0556
-0.1398
-0.0155
-0.1623
-0.0797
-0.0597
-0.0605
-0.1030
0.0839
0.0413
0.2282
-0.1688
-0.0237
-0.1079
0.0164
-0.0678
0.1190
-0.0069
0.1800
-0.0919
0.0949
0.0316
0.1141
0.0508
0.3002
0.1743
0.3611
-0.1401
-0.0158
-0.0792
0.0868
0.0026
0.1269
0.0843
0.1461
0.0410
0.2070
0.0811
0.2262
0.2254
0.2246
0.1821
0.3898
0.0553
0.2839
0.1163
0.1988
0.1563
0.3640
0.1964
0.3832
0.2573
0.3399
0.2765
0.3591
0.3166
0.4409
0.3984
0.5227
0.0632
0.1874
0.0407
0.2484
0.2058
0.2676
0.2459
0.3285
0.2443
0.2643
0.2427
0.3878
0.3661
0.3862
0.3437
0.5096
0.1961
0.3829
0.2153
0.3813
0.3388
0.4213
0.4414
0.5031
0.3772
0.4181
0.3964
0.5416
0.4990
0.6233
0.5183
0.6843
0.2873
0.4533
0.3065
0.4516
0.3883
0.5126
0.4701
0.5943
0.4476
0.4885
0.5085
0.6119
0.5277
0.6312
0.6095
0.7546
0.3994
0.5653
0.4394
0.6263
0.4795
0.7080
0.6030
0.7690
0.5388
0.7048
0.6206
0.7031
0.6398
0.8266
0.8258
0.9709
0.5740
0.6149
0.5723
0.7175
0.6750
0.7992
0.7150
0.7976
0.7343
0.7751
0.7118
0.8778
0.7935
0.9178
0.8336
0.9579
0.6860
0.7895
0.8304
0.8295
0.7453
0.9113
0.8480
0.9305
0.8046
0.8247
0.8864
1.0107
0.8639
1.0091
0.8831
1.0908
0.7564
0.8390
0.8173
0.9208
0.8574
1.0859
0.8975
1.0843
0.9584
0.9784
0.9151
1.1227
1.0177
1.1420
1.0369
1.1195
0.9102
0.9719
0.9919
1.0745
1.0112
1.1354
1.0304
1.2172
1.0288
1.0905
1.1105
1.2140
1.2131
1.2540
1.2532
1.3567
-0.4164
-0.5841
-0.6683
-0.5648
-0.6073
-0.5039
-0.5464
-0.4221
-0.6940
-0.4655
-0.5497
-0.4462
-0.5305
-0.3645
-0.3861
-0.2827
-0.6171
-0.4511
-0.6188
-0.4111
-0.4327
-0.3501
-0.4135
-0.3101
-0.3943
-0.3534
-0.3959
-0.2299
-0.3767
-0.2316
-0.2741
-0.1081
-0.5259
-0.4016
-0.4441
-0.4032
-0.4041
-0.2798
-0.3223
-0.1563
-0.3865
-0.2205
-0.2838
-0.2221
-0.1812
-0.2237
-0.2037
-0.1003
-0.3721
-0.1853
-0.3112
-0.1661
-0.3754
-0.1052
-0.1685
-0.0651
-0.1702
-0.1710
-0.2135
-0.0684
-0.1526
-0.0283
-0.0499
0.0118
-0.3226
-0.1358
-0.2409
-0.1791
-0.2216
-0.0556
-0.0982
0.0261
-0.1415
-0.0589
-0.1223
0.0437
-0.0405
0.0421
0.0204
0.1656
-0.1272
-0.0446
-0.1288
-0.0045
-0.0887
0.1398
0.0765
0.1173
-0.0503
0.0740
0.0524
0.1975
0.1133
0.2584
0.1533
0.3193
-0.0359
0.0675
0.0667
0.1701
0.0651
0.1476
0.1885
0.2711
0.0826
0.1861
0.1436
0.2262
0.1211
0.3288
0.2654
0.3897
0.0553
0.1587
0.0954
0.3030
0.2188
0.3223
0.3006
0.4457
0.1947
0.3815
0.2973
0.4008
0.3166
0.4200
0.3566
0.5852
-0.0203
0.1457
0.1032
0.2483
0.1849
0.3301
0.2042
0.3076
0.2025
0.2851
0.2426
0.3460
0.2618
0.4904
0.4061
0.4887
0.1960
0.2786
0.2569
0.3812
0.3387
0.4421
0.3788
0.5031
0.3146
0.5223
0.4381
0.5624
0.4781
0.5816
0.4557
0.6008
0.3289
0.3698
0.3273
0.4099
0.3882
0.5959
0.4283
0.6151
0.3850
0.5301
0.4667
0.6536
0.5485
0.6728
0.6303
0.7546
0.4201
0.5861
0.5019
0.6054
0.5420
0.7080
0.5612
0.7063
0.5804
0.7464
0.5996
0.7656
0.6814
0.8474
0.7840
0.8875
0.4280
0.6773
0.6348
0.6966
0.6332
0.6949
0.6524
0.8393
0.6508
0.7125
0.7326
0.9194
0.7518
0.8761
0.7919
0.9370
0.6443
0.7686
0.7052
0.7669
0.8078
0.9113
0.9104
0.9096
0.8046
0.9080
0.8446
1.0315
0.9681
0.9881
0.8622
1.1325
0.7355
0.8389
0.8173
0.8998
0.8573
0.9816
0.8974
1.0842
0.9166
1.0409
0.9567
1.1018
0.9759
1.1419
1.0785
1.1403
1.0144
1.0344
0.9919
1.0953
1.0320
1.1562
1.0929
1.2589
1.0495
1.1321
1.1522
1.2348
1.2131
1.2957
1.1698
1.3774
-1.0003
-0.9803
-1.0853
-0.9402
-1.0661
-0.9210
-0.9426
-0.8601
-1.0068
-0.9659
-0.9876
-0.8425
-0.9892
-0.8858
-0.8866
-0.7415
-1.0759
-0.8474
-0.9941
-0.8073
-0.8706
-0.7672
-0.8931
-0.7688
-0.9156
-0.7705
-0.8338
-0.7095
-0.7521
-0.6278
-0.6911
-0.5877
-0.9847
-0.7978
-0.9655
-0.7786
-0.8628
-0.7594
-0.7811
-0.6776
-0.8661
-0.7418
-0.7635
-0.5766
-0.7442
-0.5783
-0.6833
-0.4756
-0.7892
-0.7066
-0.7491
-0.6248
-0.6674
-0.5014
-0.7107
-0.4613
-0.6915
-0.5463
-0.6514
-0.5271
-0.5488
-0.4245
-0.4879
-0.3844
-0.7605
-0.5529
-0.6162
-0.5753
-0.5970
-0.4102
-0.5986
-0.4118
-0.6211
-0.4760
-0.5393
-0.3942
-0.5201
-0.3541
-0.4383
-0.3141
-0.5651
-0.4825
-0.4833
-0.3590
-0.5266
-0.3398
-0.4657
-0.2789
-0.4465
-0.3639
-0.3647
-0.3030
-0.4080
-0.2212
-0.3054
-0.1394
-0.5156
-0.4121
-0.4546
-0.3720
-0.4146
-0.3111
-0.3745
-0.2294
-0.4387
-0.2727
-0.3152
-0.1701
-0.3168
-0.1508
-0.1934
-0.0691
-0.4035
-0.2792
-0.2383
-0.1766
-0.2608
-0.1574
-0.1165
-0.0756
-0.3058
-0.1815
-0.1823
-0.0580
-0.1631
0.0238
-0.0813
0.0847
-0.3331
-0.2714
-0.3973
-0.1688
-0.3155
-0.1078
-0.2338
-0.0052
-0.3396
-0.1737
-0.1536
-0.0502
-0.1552
-0.0310
-0.0943
0.0925
-0.2211
-0.1385
-0.2227
-0.0984
-0.0992
-0.0166
-0.0383
0.0651
-0.0816
0.0844
-0.0207
0.0619
0.0194
0.1645
-0.0031
0.1837
-0.1298
-0.0056
-0.0898
-0.0072
-0.0497
0.0746
0.0321
0.1564
0.0096
0.1339
0.0705
0.1740
0.0897
0.2140
0.1298
0.2332
0.0239
0.0440
-0.0194
0.1674
0.0624
0.2075
0.1650
0.2267
0.0591
0.2668
0.2034
0.3069
0.1601
0.2844
0.3253
0.4287
0.0526
0.2186
0.1135
0.2169
0.2161
0.3404
0.1937
0.3596
0.1712
0.2538
0.2321
0.3772
0.2513
0.4382
0.3748
0.4574
0.2481
0.3723
0.2256
0.3499
0.3699
0.3899
0.4100
0.4717
0.3041
0.4492
0.4067
0.4684
0.4676
0.5502
0.5286
0.6737
0.2976
0.4219
0.3585
0.5036
0.3986
0.5020
0.4386
0.6255
0.4579
0.6238
0.5188
0.6848
0.5589
0.7248
0.5781
0.7649
0.4722
0.5339
0.5331
0.6157
0.5940
0.6141
0.6758
0.7167
0.6116
0.6734
0.6517
0.7551
0.7126
0.8161
0.7527
0.8770
-0.2289
-0.5633
-0.6684
-0.5233
-0.5032
-0.4832
-0.5674
-0.4014
-0.6524
-0.4447
-0.5290
-0.4672
-0.5097
-0.2603
-0.3863
-0.2411
-0.6172
-0.4096
-0.4938
-0.4946
-0.4954
-0.2669
-0.4970
-0.3310
-0.4153
-0.2910
-0.3543
-0.2718
-0.3560
-0.2108
-0.2950
-0.1291
-0.5260
-0.3809
-0.4860
-0.2991
-0.3833
-0.1965
-0.3224
-0.1981
-0.3866
-0.1998
-0.3257
-0.1805
-0.2856
-0.1405
-0.1830
0.0039
-0.3723
-0.2063
-0.2905
-0.1454
-0.2504
-0.0636
-0.1478
0.0182
-0.1911
-0.1294
-0.0885
-0.0268
-0.1318
-0.0284
-0.0501
0.0742
-0.2810
-0.0942
-0.2201
-0.1584
-0.0967
0.0485
-0.0357
0.0260
-0.0999
-0.0382
0.0236
0.1478
-0.0615
0.1045
-0.0005
0.1446
-0.1273
-0.0447
-0.1081
0.1205
-0.0054
0.1189
0.0138
0.1798
-0.0087
0.0530
0.0939
0.1765
0.0715
0.2583
0.1324
0.2567
-0.1403
0.0674
-0.0168
0.1074
0.0649
0.1892
0.1676
0.2293
0.0825
0.2277
0.1017
0.1843
0.1418
0.2870
0.3070
0.4313
0.1177
0.2003
0.2203
0.2195
0.2395
0.3013
0.3005
0.3205
0.2363
0.3397
0.2972
0.4215
0.3164
0.4199
0.4399
0.6059
0.0421
0.2081
0.1239
0.3316
0.1848
0.3508
0.3291
0.4534
0.2233
0.3892
0.3050
0.4502
0.3242
0.4485
0.4269
0.5303
0.1959
0.4036
0.2777
0.4436
0.4428
0.5046
0.4621
0.5238
0.4187
0.4388
0.4379
0.5622
0.5197
0.6023
0.5389
0.6841
0.2871
0.3697
0.3689
0.4515
0.4506
0.5958
0.4907
0.5942
0.4474
0.5925
0.4875
0.6326
0.6109
0.7352
0.5885
0.7336
0.4200
0.5026
0.4809
0.6261
0.5210
0.6870
0.5819
0.7271
0.6220
0.7671
0.6621
0.7655
0.6396
0.8473
0.7631
0.8665
0.5738
0.6772
0.6139
0.7590
0.6122
0.8408
0.7983
0.7557
0.6715
0.7750
0.7533
0.8359
0.8142
0.9594
0.8334
0.9577
0.7067
0.8310
0.7676
0.9336
0.7660
1.0154
0.9103
0.9929
0.8461
0.9913
0.9279
0.9896
1.0097
0.9672
0.9664
1.1115
0.9022
0.9222
0.9005
0.9623
0.9198
1.0232
1.0641
1.1050
0.9165
1.0199
0.8940
1.0809
1.0175
1.2252
1.0993
1.2027
0.9517
1.0760
0.9084
1.1369
1.0318
1.1353
1.1553
1.1545
1.0286
1.1946
1.1103
1.2346
1.2130
1.3373
1.1696
1.3773
-0.8753
-1.0012
-1.0855
-0.9195
-1.0454
-0.9837
-0.9428
-0.8393
-1.0486
-0.8618
-0.9460
-0.8009
-0.9268
-0.7817
-0.7408
-0.7207
-1.0135
-0.8892
-1.0151
-0.8283
-0.8916
-0.6839
-0.8098
-0.6439
-0.8949
-0.7706
-0.7714
-0.5637
-0.7522
-0.5236
-0.6496
-0.5253
-0.9431
-0.8605
-0.8613
-0.7579
-0.8213
-0.5927
-0.7186
-0.5526
-0.7828
-0.5960
-0.7010
-0.6602
-0.6401
-0.5367
-0.6209
-0.3924
-0.7059
-0.6025
-0.8118
-0.6041
-0.6883
-0.5432
-0.5857
-0.4614
-0.6707
-0.5048
-0.5473
-0.4438
-0.4864
-0.4663
-0.5088
-0.3428
-0.6981
-0.5530
-0.6372
-0.4921
-0.5346
-0.4728
-0.4319
-0.4119
-0.5378
-0.4135
-0.5395
-0.4152
-0.4785
-0.3751
-0.5219
-0.3350
-0.6486
-0.5035
-0.4626
-0.3800
-0.5268
-0.3399
-0.3824
-0.2373
-0.4466
-0.3640
-0.3023
-0.3031
-0.2622
-0.2005
-0.2221
-0.1813
-0.5365
-0.4122
-0.4131
-0.2888
-0.3938
-0.2904
-0.2912
-0.1044
-0.3762
-0.1894
-0.3362
-0.1910
-0.3170
-0.1718
-0.1726
-0.0275
-0.3411
-0.1542
-0.3427
-0.1142
-0.2401
-0.0949
-0.1583
-0.0757
-0.1808
-0.0356
-0.1199
-0.0373
-0.0381
0.0237
-0.0397
0.1054
-0.2915
-0.2507
-0.2723
-0.1689
-0.2740
-0.1080
-0.2130
-0.0471
-0.2147
-0.1112
-0.1746
0.0123
-0.1762
-0.0519
-0.0319
0.0507
-0.2420
-0.0969
-0.2437
-0.0360
-0.1410
-0.0168
0.0033
0.0233
-0.1026
0.0008
-0.0208
0.1243
0.0401
0.1435
0.0593
0.1628
-0.1717
-0.0891
-0.0899
0.1178
0.0127
0.0745
0.0528
0.1145
0.0095
0.1963
0.0078
0.1947
0.0896
0.2765
0.1297
0.2957
0.0655
0.0855
0.0222
0.1882
0.1039
0.2282
0.1857
0.2892
0.1632
0.2667
0.1825
0.3067
0.3685
0.3885
0.3043
0.4286
0.1776
0.2185
0.1551
0.2794
0.2160
0.4237
0.2978
0.4012
0.2545
0.3162
0.2945
0.4814
0.3137
0.3963
0.4372
0.4781
0.3313
0.4139
0.3089
0.4748
0.3906
0.5358
0.3890
0.6175
0.3248
0.4491
0.5317
0.6143
0.4675
0.6126
0.6118
0.6527
0.3600
0.4634
0.4626
0.4827
0.4401
0.5019
0.4594
0.6254
0.4160
0.6029
0.5395
0.6846
0.5796
0.7247
0.6405
0.7439
0.4721
0.5964
0.5330
0.6156
0.5522
0.7390
0.6131
0.7791
0.6115
0.6941
0.6516
0.8593
0.7959
0.8576
0.7734
0.9394
-1.7719
-1.7936
-1.7944
-1.6284
-1.7335
-1.6301
-1.6726
-1.5483
-1.7785
-1.6333
-1.7175
-1.5933
-1.6566
-1.5740
-1.5749
-1.4089
-1.7433
-1.6607
-1.6198
-1.5581
-1.7048
-1.5180
-1.5188
-1.4154
-1.6664
-1.5213
-1.5638
-1.4186
-1.5237
-1.3369
-1.4211
-1.3385
-1.7355
-1.5695
-1.5911
-1.4252
-1.5719
-1.3642
-1.5110
-1.3659
-1.4918
-1.4092
-1.4726
-1.3066
-1.4325
-1.2665
-1.3716
-1.2056
-1.4983
-1.3949
-1.4791
-1.2505
-1.3765
-1.2730
-1.3989
-1.2121
-1.4006
-1.3388
-1.3605
-1.2154
-1.2787
-1.1336
-1.2178
-1.0310
-1.4488
-1.2828
-1.4504
-1.2427
-1.3269
-1.1610
-1.1826
-1.1417
-1.3094
-1.1225
-1.2693
-1.1033
-1.2084
-1.0215
-1.1057
-1.0440
-1.4201
-1.1499
-1.2341
-1.1724
-1.1732
-1.0489
-1.1540
-1.0088
-1.1764
-1.0938
-1.0947
-0.9912
-1.0754
-0.9512
-0.9937
-0.9319
-1.2038
-1.0587
-1.0595
-1.0186
-1.0611
-0.9368
-1.0627
-0.8759
-1.0644
-1.0026
-1.0243
-0.8792
-1.0259
-0.8391
-0.9025
-0.8199
-1.0917
-0.8840
-1.0725
-0.9274
-0.9490
-0.8873
-0.9298
-0.7638
-0.8897
-0.8906
-0.8705
-0.7045
-0.8305
-0.7479
-0.7695
-0.6244
-1.0422
-0.9805
-1.0438
-0.9196
-1.0246
-0.7752
-0.9429
-0.8394
-1.0279
-0.8410
-0.8836
-0.7593
-0.8226
-0.7192
-0.8034
-0.7000
-0.9093
-0.9101
-0.9526
-0.7449
-0.8292
-0.7049
-0.7682
-0.6648
-0.8116
-0.7290
-0.7506
-0.6681
-0.6897
-0.6071
-0.6080
-0.6088
-0.9015
-0.7355
-0.7780
-0.6954
-0.7171
-0.6554
-0.7396
-0.5319
-0.7412
-0.5961
-0.7220
-0.6394
-0.6194
-0.5368
-0.6001
-0.4550
-0.7686
-0.6234
-0.6868
-0.5417
-0.5633
-0.5224
-0.5441
-0.3990
-0.5457
-0.4840
-0.5891
-0.3605
-0.4447
-0.3622
-0.4047
-0.3012
-0.6148
-0.4697
-0.5956
-0.4921
-0.5347
-0.4104
-0.4737
-0.3703
-0.4962
-0.3511
-0.4561
-0.3944
-0.3327
-0.2292
-0.3760
-0.2309
-0.4610
-0.3576
-0.4418
-0.2967
-0.3392
-0.2149
-0.3408
-0.1748
-0.3216
-0.2390
-0.3024
-0.1364
-0.2623
-0.1797
-0.1805
-0.0563
-0.3073
-0.2872
-0.3714
-0.3723
-0.3314
-0.1028
-0.2496
-0.1879
-0.2929
-0.1269
-0.1903
-0.1077
-0.1294
0.0157
-0.1310
0.0141
-0.3620
-0.1752
-0.3011
-0.0725
-0.1985
-0.0742
-0.0958
0.0285
-0.0766
-0.0983
-0.0783
-0.0165
-0.0173
0.1070
0.0228
0.1679
-2.1265
-2.1690
-2.1906
-2.0455
-2.1923
-2.0680
-2.1314
-1.9862
-2.1747
-2.0295
-2.1763
-1.9686
-2.0528
-1.9494
-1.9711
-1.8468
-2.1812
-1.9944
-2.0994
-1.9960
-2.0594
-1.9559
-1.9567
-1.8950
-2.0626
-1.8966
-1.9600
-1.8357
-1.8782
-1.7748
-1.9007
-1.7139
-2.0483
-2.0074
-1.9874
-1.9256
-1.9681
-1.8856
-1.9489
-1.7829
-1.8880
-1.8054
-1.7854
-1.7653
-1.8079
-1.7253
-1.7678
-1.7060
-1.9571
-1.8745
-1.9170
-1.7302
-1.8978
-1.7735
-1.7326
-1.6500
-1.8176
-1.7142
-1.7567
-1.6116
-1.6749
-1.5715
-1.6557
-1.6148
-1.8033
-1.6999
-1.8675
-1.6598
-1.8274
-1.6406
-1.7456
-1.6214
-1.7890
-1.6647
-1.6655
-1.6038
-1.7297
-1.5011
-1.6062
-1.4402
-1.7538
-1.6295
-1.6929
-1.5477
-1.6111
-1.4034
-1.5710
-1.4467
-1.6144
-1.5109
-1.5326
-1.4708
-1.4717
-1.3682
-1.4316
-1.3490
-1.6209
-1.4757
-1.5808
-1.4982
-1.5407
-1.3956
-1.4798
-1.3347
-1.4814
-1.4197
-1.4622
-1.3796
-1.4430
-1.3187
-1.3612
-1.2369
-1.5297
-1.4054
-1.4687
-1.3236
-1.4704
-1.3044
-1.3052
-1.2852
-1.3485
-1.1617
-1.2667
-1.2884
-1.3309
-1.2066
-1.2283
-1.0623
-1.5218
-1.4184
-1.4818
-1.3783
-1.4625
-1.2757
-1.2974
-1.2356
-1.4241
-1.2790
-1.3215
-1.2389
-1.2606
-1.1571
-1.1996
-1.1588
-1.4515
-1.3272
-1.3280
-1.2454
-1.2879
-1.1428
-1.2062
-1.1653
-1.2912
-1.2086
-1.2094
-1.0434
-1.1068
-1.0659
-1.0876
-0.9841
-1.2977
-1.1943
-1.2993
-1.1125
-1.2384
-1.0516
-1.0941
-1.0115
-1.2208
-1.0965
-1.1390
-1.0148
-1.1198
-0.9121
-0.9755
-0.9346
-1.1856
-1.0822
-1.1039
-1.0421
-1.0429
-0.8561
-0.9612
-0.8786
-1.0671
-0.9219
-1.0478
-0.9235
-0.9452
-0.8209
-0.8217
-0.7600
-1.0527
-0.9701
-0.9918
-0.8675
-0.9100
-0.7649
-0.9117
-0.7874
-0.9133
-0.8515
-0.9149
-0.7698
-0.7914
-0.7089
-0.8348
-0.7313
-1.0241
-0.8164
-0.8589
-0.7763
-0.8814
-0.6945
-0.7370
-0.6336
-0.7804
-0.7186
-0.7194
-0.6577
-0.7419
-0.5551
-0.6393
-0.4525
-0.8286
-0.8086
-0.7885
-0.7268
-0.7484
-0.5825
-0.7292
-0.5632
-0.7309
-0.6274
-0.6282
-0.5039
-0.6299
-0.5473
-0.5481
-0.4238
-0.7165
-0.5714
-0.6973
-0.5105
-0.6155
-0.4912
-0.5129
-0.3469
-0.5354
-0.5153
-0.5579
-0.4336
-0.4969
-0.4144
-0.3943
-0.3326
-1.2925
-1.3142
-1.3358
-1.2741
-1.2541
-1.1923
-1.1306
-1.1314
-1.2573
-1.2164
-1.2173
-1.1138
-1.2814
-0.9903
-1.1580
-1.0128
-1.2430
-1.1396
-1.2238
-1.0995
-1.1837
-1.0594
-1.1228
-0.9568
-1.1244
-1.0418
-1.0843
-0.9809
-1.0443
-0.9408
-0.9416
-0.9008
-1.2352
-1.0066
-1.0909
-1.0291
-1.1133
-0.9891
-1.0941
-0.8864
-1.0332
-0.9715
-1.0557
-0.9105
-0.9739
-0.8079
-0.8296
-0.7887
-1.0814
-0.8946
-1.0205
-0.8128
-1.0013
-0.8353
-0.9612
-0.7952
-0.9837
-0.8385
-0.9019
-0.7359
-0.8410
-0.7167
-0.8218
-0.6141
-1.0319
-0.9076
-0.9918
-0.8050
-0.8058
-0.7858
-0.8074
-0.7040
-0.8299
-0.7682
-0.7898
-0.6656
-0.7289
-0.6046
-0.6680
-0.5229
-0.8781
-0.7121
-0.7964
-0.6512
-0.7980
-0.5486
-0.6537
-0.5294
-0.6970
-0.6144
-0.6361
-0.4492
-0.5543
-0.4509
-0.5142
-0.4316
-0.7869
-0.6835
-0.6843
-0.6643
-0.6859
-0.5616
-0.6042
-0.3756
-0.6266
-0.5023
-0.5657
-0.5248
-0.4839
-0.4014
-0.4439
-0.3404
-0.6331
-0.4672
-0.6765
-0.4896
-0.4488
-0.4496
-0.4504
-0.2844
-0.5146
-0.3486
-0.4536
-0.2877
-0.3719
-0.3310
-0.3526
-0.2075
-0.6045
-0.5427
-0.6478
-0.4401
-0.5243
-0.4418
-0.5677
-0.3808
-0.5276
-0.4659
-0.5084
-0.3632
-0.4058
-0.2606
-0.3448
-0.2414
-0.5550
-0.3890
-0.4732
-0.2864
-0.3289
-0.3088
-0.3305
-0.2271
-0.3947
-0.2495
-0.3338
-0.2303
-0.2728
-0.1069
-0.1494
-0.0876
-0.4429
-0.2978
-0.4028
-0.2577
-0.3628
-0.2385
-0.3018
-0.1358
-0.3452
-0.2000
-0.2634
-0.2017
-0.2442
-0.0365
-0.0999
-0.0173
-0.2474
-0.2274
-0.2074
-0.2082
-0.1256
-0.0430
-0.1064
-0.0029
-0.1288
-0.0880
-0.1513
0.0147
-0.0487
0.0130
0.0122
0.1365
-0.1562
-0.0945
-0.1578
-0.0336
-0.1178
0.0691
-0.0777
0.0466
-0.1627
0.0867
0.0650
0.1059
0.0425
0.2293
0.1243
0.2069
-0.1067
0.0801
-0.0458
0.1411
0.0151
0.2228
0.1595
0.2212
0.0536
0.1570
0.1562
0.2179
0.1754
0.3414
0.1321
0.3815
0.0054
0.1714
0.0871
0.1906
0.1689
0.2306
0.1464
0.2499
0.1448
0.2482
0.2057
0.3926
0.2458
0.3492
0.3693
0.4310
0.2008
0.2626
0.1575
0.4069
0.2393
0.3844
0.3210
0.4662
0.3194
0.4437
0.4012
0.5046
0.3996
0.5864
0.4396
0.6265
-1.6679
-1.7312
-1.7321
-1.6078
-1.7337
-1.5469
-1.6311
-1.5276
-1.6952
-1.6127
-1.7177
-1.5517
-1.6360
-1.5117
-1.5125
-1.3465
-1.6809
-1.5566
-1.5991
-1.5166
-1.5591
-1.4973
-1.5607
-1.3530
-1.5206
-1.4797
-1.4806
-1.4397
-1.4405
-1.3996
-1.4421
-1.3178
-1.6731
-1.4863
-1.5913
-1.4670
-1.5513
-1.4270
-1.4278
-1.3452
-1.5128
-1.3260
-1.4102
-1.2442
-1.3284
-1.2875
-1.3092
-1.2475
-1.4568
-1.4576
-1.4793
-1.3550
-1.3558
-1.2941
-1.2740
-1.2123
-1.4007
-1.2556
-1.3190
-1.1947
-1.1955
-1.1546
-1.1971
-1.0103
-1.3239
-1.2413
-1.3880
-1.2429
-1.3271
-1.2028
-1.2454
-1.1419
-1.2678
-1.1644
-1.2278
-1.1452
-1.1877
-1.0426
-1.1476
-0.9816
-1.2952
-1.1292
-1.2343
-1.1308
-1.1734
-1.0074
-1.0916
-1.0298
-1.1141
-1.0732
-1.0948
-0.9706
-1.0339
-0.9096
-0.9521
-0.8070
-1.2040
-1.1005
-1.1639
-1.0813
-1.0821
-1.0621
-1.0629
-0.9178
-1.0228
-0.9611
-1.0036
-0.9627
-0.9427
-0.8393
-0.9652
-0.7783
-1.0294
-0.9676
-1.0518
-0.8650
-0.9075
-0.8666
-0.9300
-0.7849
-1.0150
-0.8907
-0.9541
-0.7464
-0.8306
-0.7272
-0.8323
-0.6871
-0.9173
-1.0015
-1.0649
-0.8363
-0.8789
-0.7963
-0.8388
-0.7979
-0.9864
-0.8412
-0.9254
-0.7803
-0.8645
-0.7402
-0.8245
-0.6585
-0.9303
-0.8686
-0.8903
-0.7451
-0.8502
-0.6217
-0.7684
-0.6441
-0.7909
-0.6875
-0.7717
-0.6891
-0.6691
-0.5656
-0.6498
-0.5047
-0.9225
-0.7357
-0.8199
-0.6539
-0.7590
-0.6347
-0.6981
-0.5946
-0.7414
-0.6588
-0.6388
-0.5353
-0.6195
-0.5161
-0.5586
-0.4969
-0.6645
-0.6236
-0.6244
-0.5418
-0.5635
-0.5226
-0.5651
-0.4617
-0.6085
-0.5050
-0.4641
-0.4233
-0.4449
-0.3623
-0.4883
-0.2389
-0.5941
-0.5532
-0.5749
-0.5132
-0.4931
-0.4314
-0.4948
-0.3913
-0.4964
-0.3513
-0.4563
-0.3112
-0.3954
-0.2920
-0.4179
-0.2102
-0.5238
-0.3995
-0.4420
-0.3803
-0.3811
-0.2359
-0.3619
-0.2376
-0.3843
-0.3017
-0.3651
-0.1991
-0.2833
-0.1382
-0.2016
-0.2024
-0.3700
-0.3500
-0.3508
-0.2056
-0.2690
-0.1447
-0.2081
-0.1672
-0.2514
-0.1688
-0.2530
-0.1288
-0.1921
-0.1304
-0.0687
0.0348
-0.2579
-0.1962
-0.2179
-0.1561
-0.0735
-0.1161
-0.0752
-0.0760
-0.1810
-0.0776
-0.2035
-0.0375
-0.0592
0.1068
0.0434
0.1469
-1.4803
-1.5437
-1.6070
-1.4619
-1.5878
-1.5469
-1.5477
-1.3817
-1.5494
-1.4251
-1.5301
-1.3850
-1.4901
-1.2824
-1.3457
-1.2423
-1.5767
-1.4316
-1.4950
-1.4124
-1.4966
-1.2680
-1.3731
-1.2905
-1.3956
-1.3339
-1.4181
-1.1687
-1.3780
-1.2329
-1.2962
-1.2345
-1.4647
-1.3404
-1.4454
-1.2586
-1.4054
-1.3019
-1.3444
-1.2827
-1.3252
-1.2009
-1.3477
-1.1400
-1.1825
-1.0582
-1.1425
-1.0390
-1.3734
-1.2075
-1.2291
-1.1674
-1.2099
-1.1899
-1.1907
-1.0664
-1.2132
-1.0889
-1.1731
-1.0905
-1.1122
-0.9462
-1.0721
-0.9061
-1.2405
-1.1579
-1.2839
-1.1179
-1.1812
-1.0361
-1.0161
-0.9126
-1.1636
-0.9977
-1.0819
-0.9576
-1.0209
-0.8758
-0.9600
-0.8566
-1.0659
-1.0459
-1.1092
-0.8598
-1.1109
-0.9032
-0.9457
-0.8840
-0.9473
-0.8647
-0.9281
-0.8247
-0.8463
-0.7637
-0.8688
-0.6194
-1.0789
-0.9547
-1.0180
-0.9563
-0.9779
-0.8745
-0.8753
-0.7302
-0.8353
-0.7735
-0.8786
-0.7126
-0.8177
-0.7351
-0.7359
-0.7159
-0.9877
-0.7383
-0.9060
-0.7400
-0.8033
-0.7207
-0.7841
-0.6598
-0.8066
-0.6823
-0.7248
-0.6422
-0.6847
-0.6439
-0.6655
-0.4787
-0.9799
-0.8348
-0.8981
-0.7947
-0.8164
-0.7963
-0.7554
-0.6729
-0.8196
-0.7162
-0.8213
-0.6344
-0.6769
-0.5735
-0.6160
-0.5334
-0.7427
-0.6602
-0.7027
-0.6201
-0.7460
-0.5592
-0.5600
-0.5191
-0.6659
-0.5833
-0.6258
-0.5015
-0.5857
-0.4823
-0.5665
-0.3797
-0.6515
-0.6315
-0.6115
-0.5706
-0.6965
-0.5096
-0.5313
-0.4696
-0.5329
-0.4921
-0.4929
-0.4520
-0.4528
-0.2660
-0.4544
-0.3718
-0.4978
-0.5403
-0.5411
-0.4377
-0.4802
-0.2933
-0.4401
-0.3158
-0.4626
-0.2966
-0.3808
-0.2565
-0.3616
-0.2998
-0.2798
-0.1972
-0.4482
-0.3865
-0.4707
-0.3881
-0.4098
-0.2855
-0.3489
-0.2037
-0.3505
-0.2262
-0.3313
-0.1861
-0.2912
-0.2086
-0.1886
-0.1060
-0.3362
-0.2536
-0.2753
-0.2135
-0.2352
-0.1317
-0.2368
-0.1125
-0.2176
-0.1142
-0.2401
-0.1366
-0.0749
0.0077
-0.0974
0.0686
-0.2241
-0.2249
-0.2257
-0.1015
-0.2065
-0.0822
-0.1664
-0.0422
-0.1055
-0.0438
-0.0446
-0.0037
-0.0254
0.0781
0.0147
0.1181
-0.1537
-0.1129
-0.1137
0.0315
-0.0528
0.0924
0.0916
0.0908
-0.0352
0.0683
-0.1202
0.1918
0.0241
0.1901
0.1476
0.2927
-1.8974
-2.0024
-2.0241
-1.8998
-2.0674
-1.8806
-1.9439
-1.8405
-2.0081
-1.8630
-1.8638
-1.8438
-1.8654
-1.6994
-1.8254
-1.7219
-2.0146
-1.8278
-1.9746
-1.7877
-1.8719
-1.7268
-1.7693
-1.7284
-1.8752
-1.6884
-1.7934
-1.6691
-1.7951
-1.5457
-1.6716
-1.5056
-1.8817
-1.8200
-1.8208
-1.6965
-1.8016
-1.6356
-1.6781
-1.5538
-1.7631
-1.7223
-1.7022
-1.6822
-1.6413
-1.5796
-1.6638
-1.4769
-1.8531
-1.6662
-1.6670
-1.6053
-1.6895
-1.5444
-1.5869
-1.4626
-1.6302
-1.5685
-1.5067
-1.4659
-1.5709
-1.4049
-1.4683
-1.3649
-1.6784
-1.6167
-1.6592
-1.5975
-1.5566
-1.3698
-1.5165
-1.4339
-1.5807
-1.4773
-1.5198
-1.3329
-1.4172
-1.3763
-1.4188
-1.2528
-1.6081
-1.4629
-1.5472
-1.4229
-1.4237
-1.3619
-1.4045
-1.2385
-1.3852
-1.3652
-1.3660
-1.2626
-1.2842
-1.2017
-1.2650
-1.1824
-1.4960
-1.3717
-1.4559
-1.2274
-1.3742
-1.3124
-1.3132
-1.2307
-1.3149
-1.3157
-1.3999
-1.1297
-1.2556
-1.1521
-1.2155
-1.0495
-1.3631
-1.2180
-1.2605
-1.1153
-1.2829
-1.1587
-1.1386
-1.0769
-1.2445
-1.1619
-1.1836
-1.0176
-1.1435
-1.0192
-1.0409
-1.0626
-1.2510
-1.2310
-1.2318
-1.1492
-1.2543
-1.1300
-1.2768
-1.1108
-1.2575
-1.1124
-1.1758
-1.0306
-1.1357
-1.0740
-1.0748
-1.0130
-1.3058
-1.1189
-1.2031
-1.0788
-1.1422
-1.0179
-1.0813
-0.9153
-1.0621
-1.0420
-1.0637
-0.9811
-0.9402
-0.8785
-0.9627
-0.7759
-1.1520
-1.0903
-1.0494
-1.0502
-1.0301
-0.9059
-1.0318
-0.9075
-1.0751
-0.9300
-0.9725
-0.8899
-0.9950
-0.7873
-0.9340
-0.7681
-1.0191
-0.9365
-0.9582
-0.8130
-0.9389
-0.7938
-0.8363
-0.7537
-0.8796
-0.7554
-0.9021
-0.7778
-0.7369
-0.6961
-0.7803
-0.6768
-0.8236
-0.8453
-0.9295
-0.7844
-0.8269
-0.7234
-0.7868
-0.6625
-0.7884
-0.6641
-0.7484
-0.7075
-0.7291
-0.6257
-0.6265
-0.5231
-0.8158
-0.7332
-0.6923
-0.7140
-0.7565
-0.6322
-0.6122
-0.5087
-0.6764
-0.5938
-0.6988
-0.5537
-0.5754
-0.4719
-0.5144
-0.3902
-0.6620
-0.6211
-0.6637
-0.5811
-0.5819
-0.5201
-0.5627
-0.4384
-0.6268
-0.4817
-0.6076
-0.4208
-0.4633
-0.3599
-0.4232
-0.3406
-0.5500
-0.4882
-0.5724
-0.4065
-0.4490
-0.3455
-0.4297
-0.3680
-0.4731
-0.3696
-0.4330
-0.3087
-0.3095
-0.2269
-0.2903
-0.2286
-1.0217
-1.1685
-1.2944
-1.1075
-1.1501
-1.1092
-1.0683
-1.0274
-1.2367
-1.0499
-1.0924
-0.9473
-1.1357
-0.9697
-1.0957
-0.9505
-1.2015
-1.1190
-1.1823
-0.9955
-1.1214
-0.8303
-0.9979
-0.8945
-1.0204
-0.9378
-0.9803
-0.9603
-0.9194
-0.8368
-0.9419
-0.7551
-1.0686
-1.1111
-0.9868
-0.8834
-0.9676
-0.8850
-0.9276
-0.8450
-0.9709
-0.8257
-0.9725
-0.8065
-0.8699
-0.7248
-0.8507
-0.7264
-0.9149
-0.8114
-0.9373
-0.7922
-0.8139
-0.7521
-0.7946
-0.7329
-0.8380
-0.7137
-0.7145
-0.6111
-0.6744
-0.6544
-0.6135
-0.5101
-0.9487
-0.7202
-0.8253
-0.8052
-0.7643
-0.5984
-0.7660
-0.6000
-0.7885
-0.6850
-0.7484
-0.6241
-0.6875
-0.5006
-0.6265
-0.4606
-0.7324
-0.6498
-0.6506
-0.5681
-0.7774
-0.5697
-0.6122
-0.4879
-0.6764
-0.5521
-0.6363
-0.5120
-0.5337
-0.4511
-0.3894
-0.3902
-0.6204
-0.4961
-0.6845
-0.5394
-0.6236
-0.4993
-0.5627
-0.3342
-0.6060
-0.4400
-0.4825
-0.4000
-0.4425
-0.3807
-0.3607
-0.2364
-0.5917
-0.3840
-0.4891
-0.4273
-0.4490
-0.3664
-0.3881
-0.3263
-0.3897
-0.3488
-0.4539
-0.2670
-0.2887
-0.2270
-0.3112
-0.1869
-0.5005
-0.4804
-0.5438
-0.3987
-0.4829
-0.3794
-0.3803
-0.3185
-0.4236
-0.3410
-0.4461
-0.3009
-0.3017
-0.2817
-0.2825
-0.2208
-0.4301
-0.3058
-0.3692
-0.2449
-0.3500
-0.2465
-0.2890
-0.1022
-0.3324
-0.1455
-0.2298
-0.2097
-0.2105
-0.1279
-0.1705
-0.0670
-0.3806
-0.3606
-0.3197
-0.1954
-0.2587
-0.1553
-0.1770
-0.1152
-0.2203
-0.2003
-0.2219
-0.0560
-0.1819
-0.0576
-0.0792
0.0659
-0.2060
-0.1234
-0.2076
-0.0416
-0.1258
-0.0432
-0.1275
0.0594
-0.0874
0.0369
-0.0056
0.0144
0.0136
0.1796
0.0328
0.1988
-0.0939
-0.0530
-0.1581
0.0705
-0.0763
0.0897
0.0263
0.1089
-0.0379
0.0656
0.0231
0.1473
0.1048
0.2708
0.0823
0.2692
-0.0444
0.0799
0.0374
0.1825
0.0566
0.2226
0.1592
0.2627
0.1159
0.2610
0.1351
0.3011
0.2586
0.2786
0.2361
0.3812
0.0468
0.1711
0.0869
0.1695
0.1687
0.2930
0.1670
0.3956
0.2488
0.3105
0.2263
0.3923
0.2664
0.3698
0.3065
0.4516
0.1172
0.2623
0.2198
0.3024
0.2807
0.3842
0.3625
0.4868
0.3817
0.4852
0.3592
0.4418
0.4202
0.5236
0.5019
0.6054
-1.4805
-1.6272
-1.7115
-1.5038
-1.5880
-1.5262
-1.5688
-1.4653
-1.5912
-1.4670
-1.5303
-1.3643
-1.4277
-1.4077
-1.3876
-1.2842
-1.6603
-1.4318
-1.4951
-1.4334
-1.3717
-1.3725
-1.3733
-1.3116
-1.4583
-1.2923
-1.4182
-1.2106
-1.4616
-1.2122
-1.3381
-1.1721
-1.5065
-1.4448
-1.4665
-1.3839
-1.3847
-1.3647
-1.3446
-1.1786
-1.3880
-1.2637
-1.3479
-1.2653
-1.3078
-1.1418
-1.3094
-1.1018
-1.4362
-1.3327
-1.3336
-1.2301
-1.2518
-1.1900
-1.1909
-1.1083
-1.3176
-1.1099
-1.2358
-1.1115
-1.1749
-1.0923
-1.1557
-0.9271
-1.2616
-1.2207
-1.2006
-1.1597
-1.2648
-1.2031
-1.1622
-1.0379
-1.1847
-1.1021
-1.1446
-1.0412
-1.1462
-1.0219
-1.0019
-0.8776
-1.1703
-0.9835
-1.1303
-1.0477
-1.0693
-0.9242
-1.0293
-0.9884
-1.0726
-0.9692
-1.0325
-0.8665
-0.9716
-0.8265
-0.9107
-0.7447
-1.1208
-1.0174
-1.0391
-1.0190
-0.9990
-0.8747
-0.9589
-0.8138
-0.9188
-0.8363
-0.9413
-0.7336
-0.9012
-0.8395
-0.7986
-0.7577
-0.9879
-0.8636
-0.9061
-0.7818
-0.8035
-0.8669
-0.8468
-0.7851
-0.8902
-0.8076
-0.8710
-0.7884
-0.7475
-0.6857
-0.7491
-0.6248
-0.9175
-0.8975
-0.8775
-0.9200
-0.9416
-0.7757
-0.9224
-0.6730
-0.8615
-0.7998
-0.8214
-0.7597
-0.7397
-0.6779
-0.6996
-0.6379
-0.8889
-0.7854
-0.8280
-0.6620
-0.7879
-0.6636
-0.6853
-0.6027
-0.7911
-0.6877
-0.7719
-0.5851
-0.6276
-0.5450
-0.6084
-0.4841
-0.6517
-0.7359
-0.7576
-0.6541
-0.6758
-0.5724
-0.6357
-0.4698
-0.6791
-0.5756
-0.6182
-0.5564
-0.6198
-0.5997
-0.5380
-0.3929
-0.6230
-0.6030
-0.6664
-0.5212
-0.6054
-0.4186
-0.5028
-0.3785
-0.5670
-0.4219
-0.5686
-0.3401
-0.4660
-0.3209
-0.3634
-0.2600
-0.5318
-0.4701
-0.5543
-0.4509
-0.5142
-0.3274
-0.3699
-0.3707
-0.4341
-0.3515
-0.4566
-0.3114
-0.3748
-0.2922
-0.2930
-0.1270
-0.3989
-0.3372
-0.4422
-0.3180
-0.3605
-0.2570
-0.3412
-0.1961
-0.3637
-0.1769
-0.3028
-0.1785
-0.2836
-0.0967
-0.1810
-0.0984
-0.3077
-0.2877
-0.2885
-0.2476
-0.2901
-0.2284
-0.2500
-0.1466
-0.2725
-0.1065
-0.1699
-0.1290
-0.1924
-0.0055
-0.0897
0.0554
-0.1539
-0.0922
-0.1347
-0.1147
-0.1363
-0.0538
-0.1380
-0.0137
-0.1604
-0.0779
-0.0995
0.0456
-0.0803
0.1065
0.0223
0.1675
-1.0218
-0.9809
-1.0652
-1.0868
-1.0876
-1.0050
-1.0684
-0.9024
-1.0283
-0.9458
-1.0091
-0.8640
-1.0107
-0.8448
-0.9707
-0.7421
-1.1391
-0.9731
-1.0782
-0.9122
-0.9130
-0.8304
-0.9355
-0.7904
-0.9580
-0.8337
-0.8971
-0.7936
-0.8987
-0.7744
-0.9003
-0.7135
-1.0479
-0.8819
-0.9661
-0.8210
-0.9469
-0.7601
-0.8026
-0.7408
-0.8876
-0.7216
-0.8475
-0.7024
-0.8075
-0.7040
-0.6840
-0.5389
-0.8524
-0.7698
-0.8958
-0.7715
-0.7723
-0.5437
-0.7531
-0.5037
-0.8172
-0.5887
-0.6729
-0.5695
-0.6120
-0.5086
-0.6136
-0.4893
-0.8655
-0.6578
-0.7628
-0.6177
-0.6394
-0.6193
-0.5993
-0.4542
-0.7260
-0.6017
-0.5817
-0.5617
-0.5208
-0.4590
-0.5641
-0.3981
-0.6908
-0.6083
-0.6508
-0.4848
-0.6107
-0.4656
-0.5081
-0.3629
-0.5514
-0.4063
-0.5113
-0.3870
-0.4504
-0.3470
-0.3686
-0.2652
-0.6413
-0.4545
-0.6221
-0.4353
-0.4986
-0.4160
-0.4377
-0.2926
-0.5227
-0.3151
-0.4618
-0.2750
-0.3800
-0.2975
-0.2774
-0.1740
-0.4250
-0.3633
-0.4266
-0.2815
-0.4700
-0.1997
-0.3673
-0.2431
-0.3690
-0.2447
-0.3498
-0.1838
-0.2888
-0.1645
-0.2279
-0.0619
-0.5423
-0.4180
-0.3771
-0.3362
-0.3162
-0.2545
-0.2761
-0.1310
-0.2986
-0.1952
-0.3002
-0.1343
-0.2602
-0.1567
-0.1992
-0.0333
-0.3468
-0.2225
-0.3485
-0.2450
-0.2458
-0.0590
-0.2683
-0.0606
-0.2491
-0.1665
-0.1882
-0.0639
-0.1690
0.0387
-0.0872
-0.0880
-0.3807
-0.1939
-0.2364
-0.1121
-0.2589
-0.0512
-0.1145
-0.0111
-0.1579
-0.0336
-0.0970
-0.0144
-0.0360
0.0466
0.0040
0.1075
-0.2269
-0.0401
-0.1035
0.0208
-0.0426
0.0817
-0.0859
0.1635
-0.1292
0.0576
-0.0057
0.0977
0.1177
0.2003
0.0953
0.2821
-0.1149
0.0303
0.0503
0.1329
-0.0347
0.1521
0.0679
0.1922
0.0246
0.2322
0.0855
0.1889
0.0839
0.2707
0.2073
0.2482
-0.0237
0.1215
0.0998
0.1824
0.1607
0.2850
0.2008
0.3251
0.1992
0.2818
0.1975
0.3635
0.3002
0.3828
0.3402
0.4228
0.1301
0.2127
0.1493
0.3153
0.2519
0.3554
0.2503
0.3955
0.3321
0.3730
0.3096
0.4130
0.3705
0.4531
0.4523
0.5349
0.2422
0.2831
0.2197
0.4274
0.3640
0.4675
0.3832
0.5492
0.4025
0.4225
0.4425
0.5668
0.4826
0.5443
0.4601
0.6470
-1.6057
-1.4814
-1.5448
-1.3579
-1.4838
-1.2970
-1.5063
-1.3403
-1.4871
-1.3837
-1.3845
-1.3019
-1.4487
-1.2410
-1.3252
-1.1801
-1.5353
-1.3276
-1.3285
-1.3293
-1.4343
-1.2266
-1.3109
-1.1866
-1.3125
-1.2508
-1.2933
-1.1273
-1.2740
-1.1081
-1.2131
-1.0471
-1.4024
-1.3615
-1.2998
-1.2172
-1.3431
-1.2188
-1.2613
-1.1996
-1.3255
-1.1595
-1.2438
-1.1612
-1.1203
-1.1419
-1.1845
-1.0393
-1.2903
-1.1661
-1.2294
-1.0634
-1.2310
-1.1485
-1.1076
-0.9624
-1.1509
-1.0475
-1.0066
-1.0282
-1.0499
-0.9048
-0.9264
-0.8647
-1.2408
-1.0540
-1.1382
-1.0348
-1.1398
-0.9947
-1.0581
-0.9546
-1.1639
-0.9980
-1.0405
-0.9370
-1.0212
-0.8553
-0.9812
-0.8152
-1.1288
-1.0045
-1.0053
-0.9853
-1.0278
-0.8618
-0.9043
-0.7800
-0.9893
-0.8442
-0.9701
-0.7833
-0.7841
-0.7640
-0.8274
-0.7031
-1.0167
-0.8716
-0.9766
-0.8732
-0.9574
-0.8540
-0.8756
-0.7513
-0.9607
-0.8572
-0.8580
-0.6920
-0.8180
-0.6728
-0.7362
-0.6536
-0.9046
-0.7803
-0.8646
-0.6986
-0.8245
-0.6376
-0.7844
-0.5767
-0.8069
-0.6618
-0.6626
-0.6008
-0.7059
-0.5816
-0.6241
-0.4373
-0.8551
-0.7725
-0.8776
-0.7533
-0.8792
-0.6924
-0.7974
-0.6106
-0.9033
-0.6748
-0.6965
-0.6139
-0.6981
-0.5112
-0.6580
-0.4712
-0.7639
-0.6396
-0.6821
-0.6621
-0.7463
-0.5803
-0.5186
-0.5194
-0.6870
-0.5627
-0.6052
-0.4184
-0.5443
-0.4200
-0.5042
-0.4008
-0.7352
-0.5901
-0.6952
-0.5292
-0.6342
-0.5516
-0.5525
-0.4073
-0.6166
-0.5341
-0.5140
-0.4523
-0.5365
-0.4331
-0.4339
-0.3304
-0.5815
-0.4572
-0.5414
-0.4380
-0.5013
-0.4187
-0.3570
-0.3161
-0.4420
-0.3386
-0.4437
-0.2985
-0.3202
-0.2167
-0.3010
-0.2184
-0.4902
-0.4077
-0.4502
-0.3467
-0.3476
-0.2858
-0.3700
-0.2457
-0.3717
-0.2891
-0.3107
-0.2490
-0.2915
-0.2089
-0.2306
-0.1272
-0.3365
-0.2747
-0.3381
-0.2555
-0.3189
-0.1946
-0.1954
-0.1337
-0.3013
-0.0936
-0.1987
-0.1161
-0.2212
-0.0969
-0.0977
0.0475
-0.2870
-0.2461
-0.2886
-0.1226
-0.1860
-0.1242
-0.1876
-0.0425
-0.2309
-0.0649
-0.1283
-0.0457
-0.1091
-0.0056
-0.0273
0.0761
-0.2166
-0.0923
-0.0723
-0.1148
-0.1365
0.0087
0.0287
0.0696
-0.0355
0.0471
-0.0996
0.0664
0.0447
0.1064
0.1056
0.1882
-0.8134
-0.7100
-0.7734
-0.6282
-0.6707
-0.6090
-0.7141
-0.5272
-0.6740
-0.5497
-0.6548
-0.5513
-0.5522
-0.4279
-0.4912
-0.4712
-0.7222
-0.5354
-0.6822
-0.5370
-0.6004
-0.4969
-0.5186
-0.3943
-0.5411
-0.4585
-0.4802
-0.3767
-0.4818
-0.3784
-0.4209
-0.3174
-0.7144
-0.4859
-0.4867
-0.5083
-0.5509
-0.4057
-0.5108
-0.4699
-0.5750
-0.4298
-0.4515
-0.3064
-0.4740
-0.2871
-0.3714
-0.2888
-0.5189
-0.3947
-0.3955
-0.2712
-0.3971
-0.2728
-0.3987
-0.1910
-0.3378
-0.2552
-0.3186
-0.2360
-0.3411
-0.1334
-0.1759
-0.1142
-0.5320
-0.2826
-0.3668
-0.3259
-0.3267
-0.2233
-0.2241
-0.1624
-0.2466
-0.2057
-0.2691
-0.1448
-0.1664
-0.0630
-0.1055
-0.0021
-0.3365
-0.2331
-0.2130
-0.1513
-0.1938
-0.1529
-0.1120
-0.0503
-0.1971
-0.0936
-0.1362
-0.0119
-0.0961
0.0282
0.0274
0.1517
-0.2244
-0.0793
-0.1844
-0.0809
-0.0818
-0.0617
-0.1042
0.0618
-0.1059
-0.0024
-0.1075
-0.0041
0.0160
0.0777
-0.0065
0.2012
-0.0915
-0.0298
-0.0932
0.0103
-0.0322
0.0921
0.0078
0.1530
0.0271
0.0471
0.0671
0.2331
0.1072
0.2940
0.1681
0.3133
-0.1880
-0.0845
-0.1270
0.1015
-0.0661
0.0999
0.0365
0.0774
-0.0485
0.0549
0.1375
0.1992
0.1150
0.1768
0.1342
0.2794
0.0492
0.0901
0.0893
0.1719
0.0460
0.2119
0.1277
0.2729
0.0427
0.1878
0.1453
0.2696
0.2479
0.3722
0.1629
0.4123
0.0779
0.2230
0.1388
0.2422
0.1580
0.2823
0.1981
0.3224
0.1548
0.2790
0.1948
0.3608
0.2974
0.4426
0.2958
0.4410
0.1899
0.3559
0.2717
0.3543
0.2909
0.3735
0.2893
0.4344
0.3294
0.3703
0.3694
0.4729
0.3887
0.5547
0.4079
0.5322
0.3020
0.3637
0.3212
0.4455
0.4238
0.4439
0.4222
0.5674
0.3163
0.5032
0.4815
0.5641
0.4799
0.6250
0.5408
0.7068
0.4349
0.5801
0.4333
0.5367
0.4942
0.5142
0.4509
0.7628
0.5118
0.6152
0.5936
0.6345
0.6336
0.6954
0.6737
0.7146
0.4636
0.5670
0.5037
0.5862
0.5229
0.6889
0.6464
0.7706
0.6030
0.7273
0.6639
0.7674
0.6623
0.7241
0.8275
0.8684
0.5548
0.7208
0.6366
0.7609
0.6975
0.8843
0.6750
0.8202
0.6942
0.7560
0.7969
0.9003
0.8369
0.9195
0.9396
0.9596
-1.1888
-1.0645
-1.1696
-1.0036
-1.1712
-1.0678
-1.0269
-0.9235
-1.1119
-0.9876
-1.0093
-0.8850
-0.9901
-0.8866
-0.9709
-0.8257
-1.0767
-0.9525
-1.0575
-0.9124
-0.9549
-0.9140
-0.9357
-0.8322
-0.9999
-0.7922
-0.8764
-0.7938
-0.9197
-0.7954
-0.8796
-0.6720
-1.0898
-0.9029
-1.0289
-0.7586
-0.9471
-0.7394
-0.8862
-0.7827
-0.8044
-0.8469
-0.8060
-0.7860
-0.8702
-0.7042
-0.7884
-0.6641
-0.9152
-0.8743
-0.8542
-0.7091
-0.7516
-0.6899
-0.7949
-0.6915
-0.7757
-0.6306
-0.7357
-0.6322
-0.6330
-0.6130
-0.5930
-0.5312
-0.8656
-0.6997
-0.7839
-0.6804
-0.7021
-0.5987
-0.7037
-0.5586
-0.6845
-0.6228
-0.6444
-0.5201
-0.6252
-0.4801
-0.5434
-0.3983
-0.7536
-0.5250
-0.6093
-0.5058
-0.5483
-0.4240
-0.5291
-0.4465
-0.5307
-0.4899
-0.5741
-0.3872
-0.5131
-0.3680
-0.4522
-0.3071
-0.5998
-0.5589
-0.6223
-0.5814
-0.5614
-0.3745
-0.5004
-0.3762
-0.4604
-0.4612
-0.4829
-0.3794
-0.5053
-0.3602
-0.3819
-0.3201
-0.6337
-0.4469
-0.4685
-0.3442
-0.4076
-0.3250
-0.4092
-0.2641
-0.4109
-0.3283
-0.3708
-0.2465
-0.2890
-0.2064
-0.2698
-0.1664
-0.4799
-0.4599
-0.4816
-0.3156
-0.4415
-0.2963
-0.3806
-0.2354
-0.5281
-0.2788
-0.3630
-0.2387
-0.3646
-0.2612
-0.3037
-0.2211
-0.4304
-0.3061
-0.3486
-0.3078
-0.3294
-0.2051
-0.2059
-0.0817
-0.2284
-0.2292
-0.2092
-0.1058
-0.1900
-0.1282
-0.1082
-0.0048
-0.3600
-0.2566
-0.2991
-0.2165
-0.2591
-0.1765
-0.1356
-0.0113
-0.1789
-0.0963
-0.2431
-0.0563
-0.0779
0.0047
-0.0170
0.0239
-0.1646
-0.1445
-0.1037
-0.0211
-0.1261
-0.1270
-0.0652
0.1008
-0.1294
-0.0260
-0.1102
0.0350
0.0967
0.0542
0.1159
0.0943
-0.0525
-0.0533
-0.1167
0.0076
-0.1183
0.0268
0.0469
0.1711
-0.0173
0.0444
-0.0190
0.1262
0.0420
0.2497
0.1029
0.2480
0.0179
0.1004
-0.0255
0.1822
0.1188
0.2014
0.1589
0.1998
0.1364
0.1773
0.1140
0.2799
0.2166
0.3200
0.3192
0.4018
0.0465
0.1291
0.0449
0.2109
0.1058
0.2301
0.2501
0.2910
0.1860
0.3102
0.2469
0.3086
0.2452
0.3070
0.2853
0.3888
0.1794
0.3037
0.1361
0.3021
0.2804
0.3839
0.3622
0.4239
0.2772
0.4432
0.3172
0.4415
0.3573
0.3982
0.4808
0.6468
-0.9178
-0.8352
-0.8360
-0.7952
-0.9002
-0.7551
-0.7559
-0.7150
-0.8618
-0.6749
-0.8009
-0.6349
-0.7399
-0.6157
-0.7207
-0.5547
-0.8057
-0.6606
-0.8282
-0.6622
-0.7256
-0.6013
-0.6438
-0.5404
-0.7497
-0.6046
-0.6888
-0.5645
-0.6070
-0.4827
-0.5670
-0.5052
-0.7979
-0.6319
-0.6745
-0.5919
-0.6969
-0.4267
-0.5943
-0.4075
-0.6168
-0.5134
-0.5767
-0.4733
-0.5367
-0.4124
-0.4757
-0.4140
-0.6859
-0.5824
-0.6249
-0.5215
-0.5432
-0.3563
-0.4823
-0.3580
-0.5881
-0.3804
-0.4438
-0.3404
-0.3412
-0.2586
-0.3428
-0.2602
-0.5947
-0.4287
-0.5129
-0.3052
-0.4520
-0.3068
-0.3702
-0.2250
-0.4344
-0.3309
-0.3526
-0.2700
-0.3751
-0.2508
-0.2933
-0.1690
-0.5034
-0.2957
-0.3383
-0.2557
-0.3190
-0.1948
-0.3207
-0.1547
-0.3848
-0.2606
-0.2614
-0.1371
-0.2630
-0.0970
-0.1812
-0.0570
-0.3914
-0.3088
-0.3304
-0.1645
-0.2487
-0.2078
-0.2086
-0.1052
-0.2728
-0.1068
-0.2536
-0.0459
-0.1092
-0.0684
-0.0692
0.0343
-0.2585
-0.1133
-0.2392
-0.0941
-0.1575
-0.0332
-0.1382
-0.0140
-0.1190
-0.0156
-0.0789
-0.0381
-0.0389
0.1063
0.0429
0.0838
-0.3132
-0.1263
-0.2106
-0.1071
-0.1705
-0.0671
-0.0679
-0.0478
-0.1321
-0.0495
-0.0503
-0.0094
-0.0519
0.0307
-0.0118
0.0708
-0.1594
0.0274
-0.0568
0.0466
-0.0584
0.1076
-0.0809
0.0642
-0.0617
0.1043
-0.0425
0.1027
0.0810
0.1844
0.1211
0.3288
-0.0265
0.0144
-0.0490
0.1379
0.0328
0.1988
0.0103
0.1137
0.0087
0.1747
0.0488
0.2147
0.1305
0.2548
0.2123
0.2949
0.0439
0.1682
0.0631
0.2291
0.2074
0.2900
0.2683
0.3301
0.1416
0.2867
0.2234
0.3685
0.3260
0.3877
0.2618
0.4278
0.1142
0.2385
0.1543
0.2369
0.1944
0.3604
0.2553
0.4421
0.2328
0.3988
0.3354
0.5014
0.3130
0.4164
0.3947
0.5816
0.2680
0.2672
0.3081
0.3698
0.3481
0.4933
0.4716
0.5125
0.4074
0.5109
0.4058
0.5718
0.5293
0.5076
0.5068
0.6311
0.3384
0.3792
0.3159
0.4402
0.3560
0.5219
0.5003
0.6037
0.4152
0.5187
0.4762
0.6630
0.6205
0.5780
0.6189
0.6597
0.4087
0.5956
0.5114
0.5522
0.5306
0.6549
0.6540
0.6532
0.5065
0.6516
0.6091
0.7334
0.6492
0.7943
0.7101
0.8761
-1.3140
-1.1897
-1.2948
-1.1914
-1.2547
-1.1096
-1.1521
-1.0904
-1.2163
-1.1129
-1.1345
-1.0728
-1.0945
-1.0327
-1.1169
-0.9718
-1.2437
-1.1402
-1.1827
-1.0585
-1.1010
-1.0184
-0.9983
-0.9366
-1.1042
-1.0008
-1.0433
-0.9816
-0.9615
-0.9207
-0.9632
-0.8597
-1.2567
-1.0490
-1.1124
-0.9672
-1.0932
-0.9480
-0.9697
-0.9079
-1.0547
-0.8887
-0.9729
-0.8695
-0.9954
-0.7877
-0.8928
-0.8102
-1.0612
-0.9369
-0.9378
-0.8135
-0.9602
-0.8777
-0.8576
-0.7750
-0.9009
-0.7975
-0.9026
-0.7783
-0.8208
-0.6965
-0.7807
-0.6564
-0.9492
-0.8666
-0.9299
-0.8057
-0.8899
-0.7656
-0.8290
-0.7255
-0.8306
-0.7063
-0.7071
-0.6662
-0.7921
-0.6470
-0.6895
-0.5861
-0.8371
-0.7337
-0.7762
-0.6102
-0.7987
-0.6744
-0.6960
-0.5717
-0.7394
-0.6776
-0.6784
-0.5542
-0.5967
-0.4307
-0.5775
-0.4115
-0.7250
-0.6216
-0.7267
-0.6441
-0.6866
-0.5832
-0.6257
-0.4805
-0.6273
-0.4822
-0.6706
-0.4838
-0.5680
-0.4437
-0.5488
-0.3619
-0.7172
-0.5929
-0.6563
-0.5529
-0.4911
-0.4502
-0.5345
-0.3685
-0.4318
-0.4535
-0.4335
-0.3926
-0.4768
-0.3108
-0.4159
-0.2916
-0.5843
-0.6268
-0.6902
-0.4825
-0.5667
-0.4633
-0.5266
-0.4024
-0.5491
-0.4248
-0.5716
-0.4265
-0.4690
-0.3238
-0.3872
-0.2838
-0.6182
-0.4105
-0.5364
-0.3704
-0.4546
-0.3721
-0.4354
-0.2903
-0.4579
-0.3962
-0.3970
-0.2727
-0.3361
-0.1909
-0.2543
-0.1509
-0.4227
-0.3193
-0.3826
-0.3626
-0.3634
-0.2183
-0.3234
-0.2199
-0.3875
-0.2424
-0.3266
-0.2649
-0.2865
-0.1831
-0.2465
-0.1013
-0.3315
-0.2698
-0.2706
-0.2297
-0.2097
-0.1896
-0.0862
-0.1704
-0.2546
-0.1303
-0.2145
-0.1320
-0.1745
-0.0502
-0.1136
-0.0310
-0.3028
-0.1786
-0.2002
-0.1385
-0.2227
-0.0567
-0.1409
-0.0583
-0.1426
-0.0600
-0.1859
0.0635
-0.0833
-0.0424
-0.0432
0.1228
-0.1491
-0.0456
-0.1090
-0.0473
-0.1106
0.0137
0.0128
0.1371
-0.0096
0.0104
-0.0530
0.1547
0.0497
0.1531
0.0689
0.1932
-0.1204
0.0664
-0.1220
0.0648
-0.0194
0.0840
0.0415
0.2075
0.0607
0.0599
0.0174
0.2251
0.2034
0.2026
0.0975
0.2218
-0.0292
0.1159
0.0109
0.2186
0.0927
0.2586
0.1536
0.2779
0.1311
0.1511
0.1712
0.3163
0.1904
0.3772
0.2930
0.3756
-0.4175
-0.4183
-0.4817
-0.3783
-0.4625
-0.2340
-0.3182
-0.2356
-0.3823
-0.2789
-0.3631
-0.2180
-0.3439
-0.1571
-0.2621
-0.2421
-0.4514
-0.3063
-0.4113
-0.1828
-0.2879
-0.2470
-0.2061
-0.1235
-0.2703
-0.1877
-0.2511
-0.1268
-0.1693
-0.0450
-0.1709
-0.0258
-0.3810
-0.2568
-0.2576
-0.1541
-0.3009
-0.0724
-0.2400
-0.0949
-0.2625
-0.1382
-0.1598
-0.0356
-0.1198
-0.0163
-0.0589
0.0654
-0.1856
-0.0613
-0.2289
-0.0838
-0.1263
-0.0229
-0.1488
0.1006
-0.1712
0.0156
-0.0269
0.0557
0.0132
0.0957
0.0324
0.1150
-0.1152
-0.0326
-0.0543
-0.0551
-0.0559
0.0892
-0.0159
0.1710
-0.0800
0.0860
0.0017
0.1052
0.1044
0.2078
0.0819
0.2479
-0.0031
0.0586
-0.0256
0.1195
0.1604
0.1179
0.1379
0.1997
0.1571
0.2606
0.1972
0.2589
0.1747
0.3199
0.2565
0.2974
0.0881
0.1498
0.0656
0.2107
0.1474
0.2299
0.1457
0.2909
0.0816
0.2267
0.2676
0.3502
0.2659
0.3694
0.3477
0.4303
0.2210
0.2410
0.1568
0.3228
0.2594
0.3837
0.2995
0.4238
0.2979
0.3596
0.2962
0.4205
0.3572
0.4189
0.4806
0.5215
0.2288
0.2071
0.1855
0.3306
0.1838
0.3498
0.2656
0.4525
0.2640
0.4300
0.3249
0.4492
0.4067
0.4476
0.3633
0.5293
0.2575
0.3818
0.3184
0.4010
0.3585
0.5036
0.3985
0.5437
0.2926
0.5420
0.3953
0.6655
0.3936
0.5179
0.5380
0.5997
0.2861
0.4104
0.4096
0.4922
0.4080
0.5114
0.4689
0.5932
0.3839
0.5916
0.4865
0.5691
0.5266
0.6508
0.5458
0.7118
0.5441
0.5225
0.5425
0.6251
0.5826
0.6026
0.5601
0.6427
0.5793
0.6619
0.5986
0.7020
0.6386
0.7421
0.7204
0.8864
0.5311
0.6554
0.5086
0.7372
0.6113
0.7147
0.6930
0.8590
0.6080
0.7740
0.7106
0.8349
0.7715
0.8750
0.7699
0.8942
0.6223
0.7466
0.6416
0.7658
0.7442
0.8476
0.7842
0.9294
0.8035
0.9486
0.8227
0.9470
0.7794
0.9453
0.9237
1.0063
0.7552
0.7961
0.7328
0.8362
0.7728
0.8554
0.8755
0.9997
0.7904
0.8522
0.8514
0.9756
0.8914
0.9949
0.8898
1.0141
0.8256
0.8873
0.8240
1.0317
0.9683
1.0717
0.9667
1.1535
0.8816
1.0685
1.0260
1.0877
1.0243
1.1486
1.0853
1.2721
-0.7303
-0.8563
-0.8571
-0.7328
-0.8379
-0.7136
-0.7769
-0.6526
-0.7786
-0.6960
-0.7802
-0.6142
-0.6567
-0.6158
-0.7001
-0.5341
-0.7851
-0.7233
-0.7450
-0.6624
-0.6632
-0.5807
-0.6649
-0.5406
-0.7082
-0.5839
-0.7098
-0.5230
-0.6489
-0.5038
-0.5463
-0.4011
-0.6939
-0.6530
-0.7163
-0.5921
-0.5929
-0.5311
-0.5945
-0.4285
-0.6170
-0.5761
-0.5769
-0.4318
-0.5160
-0.4126
-0.4968
-0.3725
-0.6443
-0.4992
-0.6460
-0.4591
-0.5434
-0.4608
-0.5241
-0.2956
-0.5049
-0.4223
-0.4231
-0.3197
-0.4665
-0.3213
-0.4264
-0.2187
-0.5740
-0.4080
-0.4714
-0.3471
-0.4730
-0.3487
-0.4329
-0.2878
-0.4554
-0.3103
-0.3945
-0.2702
-0.3544
-0.2301
-0.3352
-0.1275
-0.4202
-0.2125
-0.3801
-0.2559
-0.3609
-0.2575
-0.2792
-0.1340
-0.3016
-0.1773
-0.2407
-0.1998
-0.1798
-0.0764
-0.1814
-0.0571
-0.3707
-0.2256
-0.3723
-0.2689
-0.2489
-0.1663
-0.2296
-0.0428
-0.2938
-0.1487
-0.2746
-0.0878
-0.0886
-0.0477
-0.0694
-0.0493
-0.1752
-0.1552
-0.1769
-0.0734
-0.1576
0.0083
-0.1176
-0.0141
-0.0775
-0.0575
-0.1000
-0.0591
-0.0391
0.0852
0.0010
0.1462
-0.1466
-0.1682
-0.2316
-0.0865
-0.1915
-0.0464
-0.1306
-0.0272
-0.1114
-0.0288
-0.0922
-0.0513
-0.0312
0.0096
-0.0329
0.1123
-0.1596
-0.1396
-0.0987
0.0673
-0.0169
0.0448
0.0649
0.0224
0.0215
0.1250
0.0199
0.1025
0.0600
0.1426
0.2043
0.2660
-0.0684
-0.0692
-0.0492
0.1168
-0.0091
0.2194
0.0727
0.2178
0.0085
0.1328
0.1111
0.1729
0.1095
0.2546
0.1496
0.2738
0.0228
0.1888
0.0838
0.1663
0.1655
0.1439
0.1430
0.3507
0.1206
0.2449
0.2440
0.3058
0.2216
0.3875
0.2199
0.4068
0.1974
0.2175
0.1750
0.2993
0.2359
0.2976
0.1926
0.3377
0.2743
0.4195
0.3144
0.4178
0.3545
0.4579
0.3737
0.4980
0.2470
0.2670
0.2245
0.3279
0.3480
0.4305
0.3255
0.5123
0.3447
0.4064
0.4056
0.5299
0.4248
0.5074
0.4232
0.6309
0.3799
0.3999
0.3157
0.4608
0.3558
0.5426
0.3958
0.6244
0.3942
0.4976
0.4134
0.5169
0.4952
0.5361
0.5561
0.5970
0.4502
0.5328
0.4486
0.5729
0.5721
0.6338
0.5496
0.7156
0.5271
0.5680
0.5881
0.6706
0.6281
0.7733
0.6473
0.8133
-1.5436
-1.6069
-1.6494
-1.5252
-1.5260
-1.4642
-1.5276
-1.4659
-1.6335
-1.4466
-1.5100
-1.4274
-1.4699
-1.3665
-1.4507
-1.3473
-1.6609
-1.4740
-1.5374
-1.3922
-1.4556
-1.2688
-1.4155
-1.3121
-1.4172
-1.3554
-1.4188
-1.2945
-1.4830
-1.2544
-1.3178
-1.2144
-1.5488
-1.4037
-1.4879
-1.3636
-1.4269
-1.3027
-1.3660
-1.2626
-1.3885
-1.3268
-1.3693
-1.2658
-1.2875
-1.2258
-1.2474
-1.1023
-1.4576
-1.3333
-1.3758
-1.2515
-1.2940
-1.1489
-1.2748
-1.0880
-1.2973
-1.1522
-1.2155
-1.0912
-1.2797
-1.0929
-1.1354
-1.0528
-1.4289
-1.1378
-1.2846
-1.1186
-1.1820
-1.0577
-1.1002
-1.0385
-1.1852
-1.1235
-1.1243
-0.9583
-1.0634
-0.9808
-1.0025
-0.9616
-1.3168
-1.0675
-1.1725
-1.0274
-1.1533
-0.9873
-1.0507
-0.9055
-1.0732
-0.9697
-1.0331
-0.9922
-0.8679
-0.9521
-0.9946
-0.8912
-1.1839
-1.0388
-1.0813
-0.9987
-1.0204
-0.9169
-1.0220
-0.8769
-1.0862
-0.9411
-0.9836
-0.8593
-0.8601
-0.7567
-0.8409
-0.7791
-1.0302
-0.9267
-0.9275
-0.9075
-0.9917
-0.7632
-0.9725
-0.7440
-0.9116
-0.7664
-0.8924
-0.7264
-0.8314
-0.6654
-0.7497
-0.6671
-1.1057
-0.8981
-1.0240
-0.8788
-0.9630
-0.7971
-0.8813
-0.7361
-0.9663
-0.8003
-0.8845
-0.7811
-0.8028
-0.7202
-0.8044
-0.6384
-1.0562
-0.7651
-0.8494
-0.8293
-0.7676
-0.7475
-0.7901
-0.6032
-0.8751
-0.7091
-0.6891
-0.6690
-0.6907
-0.5873
-0.6506
-0.5055
-0.8608
-0.7990
-0.8207
-0.6547
-0.7181
-0.6355
-0.6780
-0.6163
-0.7630
-0.6179
-0.6396
-0.5570
-0.5995
-0.5169
-0.6011
-0.4768
-0.6861
-0.6453
-0.6044
-0.5218
-0.7103
-0.5651
-0.5868
-0.4416
-0.5884
-0.6101
-0.5483
-0.4032
-0.4874
-0.4882
-0.4890
-0.3439
-0.6575
-0.5540
-0.6174
-0.5140
-0.5982
-0.4739
-0.5790
-0.4547
-0.5806
-0.4563
-0.5197
-0.3537
-0.4379
-0.3136
-0.3353
-0.2318
-0.5871
-0.4420
-0.5053
-0.4228
-0.4027
-0.2993
-0.4252
-0.2384
-0.4477
-0.3651
-0.4076
-0.2625
-0.3884
-0.2015
-0.2441
-0.1615
-0.4542
-0.3925
-0.3933
-0.3315
-0.3532
-0.3332
-0.3340
-0.2097
-0.3773
-0.2739
-0.3372
-0.2547
-0.2138
-0.1103
-0.2154
-0.0911
-0.3213
-0.2595
-0.2812
-0.1986
-0.3037
-0.1168
-0.2428
-0.1393
-0.2444
-0.0993
-0.1835
-0.0383
-0.1434
0.0017
-0.0616
0.0001
-2.0857
-1.9823
-2.1082
-1.8797
-2.0890
-1.8813
-1.9447
-1.9455
-2.0506
-1.8429
-1.9688
-1.8236
-1.8662
-1.7419
-1.7844
-1.6810
-1.9320
-1.8702
-1.9753
-1.8510
-1.9561
-1.7275
-1.8952
-1.7292
-1.8134
-1.8142
-1.8776
-1.6907
-1.7541
-1.6298
-1.7349
-1.6523
-1.9659
-1.8207
-1.8632
-1.7806
-1.8857
-1.6780
-1.8039
-1.6797
-1.7639
-1.7021
-1.6821
-1.6621
-1.7463
-1.5594
-1.6437
-1.5611
-1.7704
-1.6670
-1.8346
-1.6894
-1.7111
-1.6285
-1.6293
-1.5467
-1.5893
-1.6318
-1.6743
-1.5917
-1.5925
-1.4265
-1.5733
-1.4907
-1.6375
-1.5549
-1.7851
-1.5774
-1.6824
-1.5164
-1.6424
-1.4972
-1.6023
-1.5197
-1.6248
-1.4379
-1.5013
-1.3770
-1.5029
-1.3578
-1.6922
-1.4428
-1.6104
-1.4236
-1.5287
-1.4878
-1.4469
-1.2809
-1.4694
-1.4076
-1.4710
-1.3259
-1.3475
-1.3066
-1.3283
-1.2040
-1.6010
-1.4559
-1.5192
-1.3741
-1.4791
-1.4174
-1.4182
-1.3356
-1.4824
-1.3373
-1.3589
-1.2972
-1.3397
-1.1946
-1.2788
-1.1962
-1.4055
-1.3229
-1.4072
-1.3454
-1.4296
-1.2428
-1.3062
-1.2236
-1.3078
-1.2461
-1.2469
-1.2268
-1.2068
-1.1659
-1.1667
-1.0007
-1.3977
-1.3360
-1.4410
-1.2959
-1.3176
-1.2350
-1.2775
-1.1949
-1.3625
-1.2382
-1.2808
-1.1356
-1.1990
-1.0538
-1.2006
-1.0972
-1.3065
-1.1405
-1.3290
-1.1421
-1.2472
-1.1855
-1.2071
-1.0828
-1.2922
-1.1262
-1.2312
-0.9610
-1.1495
-1.1086
-1.1094
-0.9226
-1.3195
-1.1535
-1.1961
-1.1552
-1.1143
-1.0108
-1.0742
-1.0125
-1.1384
-1.0558
-1.1400
-0.9532
-1.0999
-0.8923
-0.9973
-0.8522
-1.1866
-1.0415
-1.1257
-0.9388
-1.1273
-0.8988
-1.0247
-0.8587
-1.0680
-0.9437
-0.9863
-0.8620
-0.9253
-0.8844
-0.8644
-0.8652
-1.0328
-0.9920
-1.0970
-0.8685
-0.9318
-0.8910
-0.9752
-0.7883
-0.9560
-0.7900
-0.9367
-0.8333
-0.8758
-0.7307
-0.8149
-0.7532
-0.9625
-0.8173
-0.9224
-0.7773
-0.8406
-0.7580
-0.8840
-0.6971
-0.8647
-0.7822
-0.8247
-0.6170
-0.7637
-0.6395
-0.6820
-0.5994
-0.8713
-0.7887
-0.8312
-0.7903
-0.8120
-0.6668
-0.7510
-0.6685
-0.7735
-0.6909
-0.6918
-0.6300
-0.7142
-0.6108
-0.6325
-0.5082
-0.7592
-0.7183
-0.6774
-0.6782
-0.6582
-0.5131
-0.6390
-0.5355
-0.6615
-0.5789
-0.6214
-0.4345
-0.5605
-0.4570
-0.5412
-0.4587
-1.2518
-1.2109
-1.3160
-1.1708
-1.2342
-1.1099
-1.1316
-1.0907
-1.2166
-1.1549
-1.1348
-0.9897
-1.0948
-1.0747
-1.0755
-0.9304
-1.2648
-1.1822
-1.1830
-1.1005
-1.0804
-0.9561
-1.0821
-0.9369
-1.0628
-0.9802
-1.0436
-0.8985
-0.9827
-0.8793
-0.9843
-0.8392
-1.1111
-1.0285
-1.1127
-0.9675
-1.0518
-0.9692
-1.0951
-0.9500
-1.0342
-0.9307
-1.0358
-0.8907
-0.9332
-0.8089
-0.8723
-0.7063
-0.9990
-0.8747
-0.9798
-0.8555
-0.9605
-0.8154
-0.8579
-0.7128
-0.8804
-0.8604
-0.8195
-0.7369
-0.8211
-0.6551
-0.6976
-0.6359
-0.9912
-0.8252
-0.8885
-0.8477
-0.8693
-0.7450
-0.8918
-0.6633
-0.8726
-0.7483
-0.7283
-0.6665
-0.7299
-0.6056
-0.6690
-0.5030
-0.9000
-0.6714
-0.8182
-0.7147
-0.6947
-0.5913
-0.6963
-0.6138
-0.7397
-0.6362
-0.6579
-0.5336
-0.5970
-0.5144
-0.4527
-0.4743
-0.7670
-0.7053
-0.7687
-0.5401
-0.7494
-0.6043
-0.5843
-0.5434
-0.6276
-0.5659
-0.6292
-0.5049
-0.5475
-0.4440
-0.4657
-0.3831
-0.5924
-0.5515
-0.5523
-0.4906
-0.5540
-0.4505
-0.5139
-0.4105
-0.5364
-0.4330
-0.5172
-0.3720
-0.5188
-0.2694
-0.4370
-0.2293
-0.6889
-0.5020
-0.6279
-0.5245
-0.5670
-0.3802
-0.5061
-0.3818
-0.5494
-0.3834
-0.4885
-0.3642
-0.4276
-0.3241
-0.4084
-0.2424
-0.5559
-0.4108
-0.5367
-0.3499
-0.5175
-0.3307
-0.3732
-0.3323
-0.4999
-0.3548
-0.3556
-0.2938
-0.3572
-0.2329
-0.3171
-0.2137
-0.5064
-0.3821
-0.4664
-0.3004
-0.3637
-0.2603
-0.3237
-0.1577
-0.4712
-0.2427
-0.3269
-0.1818
-0.2243
-0.2251
-0.2885
-0.1016
-0.3735
-0.2701
-0.2917
-0.2091
-0.3142
-0.1899
-0.2324
-0.1082
-0.2132
-0.1723
-0.1940
-0.0906
-0.1331
-0.0505
-0.0722
0.0104
-0.3031
-0.1580
-0.2631
-0.1388
-0.1813
-0.1196
-0.1412
-0.0378
-0.2263
-0.0603
-0.1862
-0.0411
-0.1044
0.0824
0.0608
0.1433
-0.0868
-0.0042
-0.1093
-0.0267
-0.0275
0.0342
-0.0709
0.0951
-0.0933
0.0727
0.0510
0.1544
0.0285
0.1528
-0.0148
0.1929
-0.1207
-0.0381
-0.1223
0.0019
-0.0197
0.0420
0.0621
0.1655
-0.0021
0.1013
0.1005
0.1831
0.0989
0.2023
0.1806
0.2632
0.0539
0.0948
0.0314
0.1140
0.1132
0.2375
0.1741
0.2359
0.1099
0.2551
0.1709
0.3369
0.2109
0.3769
0.2510
0.3961
-1.6480
-1.6071
-1.6705
-1.5879
-1.6513
-1.5687
-1.6112
-1.5286
-1.6128
-1.5302
-1.5727
-1.4485
-1.5744
-1.4084
-1.3884
-1.3683
-1.6819
-1.4742
-1.5167
-1.4133
-1.5600
-1.3941
-1.4991
-1.3540
-1.5008
-1.3973
-1.4815
-1.3364
-1.4206
-1.2755
-1.2971
-1.2354
-1.5490
-1.4247
-1.4672
-1.3429
-1.4480
-1.4279
-1.3454
-1.2836
-1.3887
-1.3061
-1.3903
-1.3077
-1.3294
-1.2260
-1.3310
-1.1233
-1.3952
-1.3335
-1.4385
-1.2725
-1.2942
-1.2325
-1.3167
-1.1716
-1.2766
-1.1732
-1.2782
-1.1540
-1.1965
-1.1139
-1.1773
-1.0947
-1.3665
-1.1588
-1.3890
-1.2230
-1.3072
-1.0579
-1.2255
-1.1012
-1.2063
-1.1654
-1.2496
-1.0210
-1.1678
-1.0644
-1.0860
-0.9618
-1.1919
-1.1719
-1.1935
-1.0693
-1.1535
-1.0500
-1.1134
-1.0100
-1.0942
-1.0533
-1.0958
-0.9715
-1.0140
-0.9106
-1.0157
-0.8914
-1.1633
-1.1224
-1.1232
-0.9780
-1.1248
-0.9588
-1.0847
-0.8562
-1.0655
-0.9204
-1.0046
-0.8595
-0.9437
-0.9028
-0.9662
-0.7793
-0.9678
-0.9895
-0.9694
-0.9285
-0.9502
-0.8468
-1.0144
-0.7858
-0.8701
-0.8083
-0.8717
-0.8099
-0.8108
-0.6656
-0.7915
-0.6673
-1.0017
-1.0025
-1.0867
-0.8999
-0.9841
-0.8598
-0.9023
-0.7989
-0.9665
-0.8422
-0.9473
-0.7813
-0.7821
-0.7204
-0.8046
-0.7428
-0.9313
-0.7862
-0.9746
-0.8503
-0.8720
-0.7269
-0.7902
-0.7285
-0.8127
-0.7301
-0.8561
-0.7109
-0.6700
-0.6500
-0.7342
-0.5682
-0.7984
-0.7575
-0.9251
-0.7174
-0.7808
-0.7191
-0.7407
-0.6790
-0.7424
-0.6598
-0.6814
-0.5988
-0.6831
-0.6005
-0.6430
-0.4979
-0.7697
-0.7705
-0.7505
-0.6262
-0.5853
-0.5653
-0.6495
-0.5044
-0.6720
-0.6103
-0.6111
-0.4659
-0.6127
-0.4884
-0.5518
-0.4275
-0.6160
-0.6168
-0.6384
-0.4099
-0.5150
-0.5575
-0.5583
-0.4549
-0.6016
-0.5399
-0.6033
-0.4790
-0.4381
-0.3138
-0.4814
-0.3363
-0.5664
-0.5256
-0.5055
-0.4646
-0.4863
-0.4037
-0.4671
-0.2385
-0.4270
-0.3653
-0.4286
-0.3460
-0.3886
-0.2434
-0.2859
-0.2242
-0.5169
-0.3926
-0.4977
-0.3317
-0.4159
-0.2916
-0.3133
-0.2933
-0.3149
-0.3158
-0.4000
-0.2965
-0.3390
-0.1314
-0.2781
-0.1330
-0.4049
-0.3014
-0.3856
-0.1988
-0.3456
-0.2213
-0.2846
-0.1187
-0.3071
-0.2037
-0.2045
-0.1011
-0.2061
-0.0819
-0.1452
-0.0835
-1.4187
-1.4612
-1.5871
-1.4837
-1.4637
-1.4019
-1.5070
-1.3202
-1.5086
-1.4260
-1.3852
-1.3443
-1.3659
-1.2833
-1.3259
-1.2433
-1.4109
-1.3909
-1.4542
-1.3508
-1.3933
-1.2482
-1.3532
-1.1872
-1.2715
-1.2931
-1.2314
-1.2114
-1.2747
-1.1504
-1.2138
-1.0478
-1.4031
-1.2788
-1.3422
-1.2387
-1.3229
-1.1778
-1.2829
-1.2003
-1.3053
-1.2019
-1.2027
-1.1410
-1.1418
-1.1009
-1.1643
-1.0608
-1.3119
-1.1876
-1.2301
-1.1058
-1.2317
-1.0866
-1.1499
-1.0257
-1.2141
-1.0898
-1.1532
-1.0498
-1.1131
-1.0305
-0.9897
-0.9696
-1.2832
-1.1172
-1.1180
-1.0771
-1.1405
-0.9954
-1.0379
-0.9344
-1.1438
-0.9361
-0.9994
-0.8960
-1.0011
-0.8768
-0.9818
-0.8367
-1.0877
-1.0468
-1.0477
-0.9651
-1.0701
-0.9041
-0.9675
-0.9475
-0.9900
-0.8866
-0.9082
-0.7839
-0.8890
-0.7856
-0.7864
-0.7455
-1.0382
-0.9139
-1.0398
-0.9781
-0.9164
-0.8129
-0.8554
-0.7520
-0.9196
-0.7953
-0.8796
-0.7970
-0.8186
-0.6735
-0.8411
-0.6126
-0.9261
-0.8227
-0.8652
-0.7826
-0.8877
-0.7217
-0.7434
-0.6191
-0.8076
-0.6833
-0.7883
-0.6641
-0.7066
-0.6448
-0.6665
-0.5422
-0.9183
-0.8149
-0.8783
-0.7957
-0.8173
-0.6931
-0.7773
-0.6321
-0.7789
-0.7172
-0.7805
-0.6562
-0.6779
-0.6370
-0.7004
-0.5135
-0.8063
-0.7445
-0.7245
-0.6211
-0.7053
-0.6435
-0.6861
-0.5618
-0.6877
-0.6259
-0.6893
-0.5442
-0.6075
-0.5041
-0.5258
-0.4432
-0.7150
-0.6950
-0.7792
-0.6758
-0.6558
-0.5523
-0.6157
-0.5331
-0.6590
-0.5973
-0.6189
-0.4738
-0.5789
-0.4337
-0.5180
-0.3728
-0.6238
-0.6246
-0.6046
-0.5220
-0.5020
-0.3777
-0.4619
-0.4627
-0.5678
-0.4644
-0.4860
-0.3409
-0.4251
-0.3008
-0.4059
-0.2816
-0.5952
-0.4292
-0.4717
-0.4100
-0.4525
-0.3073
-0.4124
-0.2673
-0.4557
-0.3731
-0.4574
-0.2914
-0.3964
-0.2930
-0.3355
-0.1278
-0.4205
-0.3797
-0.4013
-0.2145
-0.3196
-0.2787
-0.3003
-0.1760
-0.2603
-0.2194
-0.2827
-0.2002
-0.2010
-0.1809
-0.2235
-0.1200
-0.3502
-0.2467
-0.4144
-0.2901
-0.2492
-0.1458
-0.2717
-0.0848
-0.2525
-0.1907
-0.3166
-0.0881
-0.1723
-0.0480
-0.1739
-0.0288
-0.2381
-0.1555
-0.2189
-0.1155
-0.1997
-0.1171
-0.1596
-0.0353
-0.1612
-0.0995
-0.1629
0.0240
0.0440
0.0015
-0.0410
0.0833
-1.9609
-1.8991
-2.0042
-1.8591
-1.9224
-1.7564
-1.8824
-1.7789
-1.9048
-1.7806
-1.8856
-1.7613
-1.7830
-1.7421
-1.7638
-1.5978
-1.9114
-1.7871
-1.7879
-1.7470
-1.7895
-1.6652
-1.7494
-1.6877
-1.7928
-1.6893
-1.7319
-1.6910
-1.6709
-1.5466
-1.7143
-1.5483
-1.7993
-1.7584
-1.8009
-1.6558
-1.7400
-1.5740
-1.8250
-1.6382
-1.7433
-1.6398
-1.6823
-1.5581
-1.6631
-1.5180
-1.6022
-1.4571
-1.6872
-1.5838
-1.6889
-1.5437
-1.5654
-1.5036
-1.5253
-1.4427
-1.6312
-1.5486
-1.5911
-1.4668
-1.5302
-1.3851
-1.4484
-1.3450
-1.6169
-1.5968
-1.6185
-1.5151
-1.4742
-1.4958
-1.4341
-1.3515
-1.5191
-1.4991
-1.5208
-1.4173
-1.4390
-1.3772
-1.3572
-1.2746
-1.5465
-1.4431
-1.4230
-1.3821
-1.4455
-1.2795
-1.4054
-1.2394
-1.3862
-1.3036
-1.3878
-1.3053
-1.3061
-1.1818
-1.2034
-1.1417
-1.5178
-1.3727
-1.4361
-1.3743
-1.3334
-1.2509
-1.3142
-1.2942
-1.3784
-1.2958
-1.3383
-1.1932
-1.2774
-1.1948
-1.2582
-1.0922
-1.3432
-1.2815
-1.3240
-1.1997
-1.2631
-1.1596
-1.2230
-1.0987
-1.2663
-1.1420
-1.1429
-1.0811
-1.1653
-1.0202
-1.1253
-1.0010
-1.2103
-1.2528
-1.2953
-1.1919
-1.2553
-1.1727
-1.2152
-1.1117
-1.1960
-1.1342
-1.1559
-1.1359
-1.1367
-1.0541
-1.0549
-0.9723
-1.1608
-1.0573
-1.2041
-1.0798
-1.1849
-1.0815
-1.1031
-0.9788
-1.0839
-1.0013
-1.1689
-1.0029
-1.0663
-0.8169
-0.9845
-0.8394
-1.1530
-1.0704
-1.1129
-1.0303
-1.0937
-0.9694
-1.0536
-0.8876
-1.0135
-0.9726
-0.9943
-0.9951
-1.0168
-0.8925
-0.9350
-0.8107
-1.0409
-1.0000
-0.9800
-0.9182
-0.9608
-0.8573
-0.9624
-0.8381
-0.9432
-0.8606
-0.8822
-0.8205
-0.8630
-0.7387
-0.8021
-0.7404
-0.9914
-0.8879
-0.9513
-0.7853
-0.8904
-0.8495
-0.8086
-0.7052
-0.8936
-0.7902
-0.7910
-0.7084
-0.7927
-0.7101
-0.7109
-0.6283
-0.8168
-0.7133
-0.8392
-0.6941
-0.7992
-0.6749
-0.7383
-0.6557
-0.7816
-0.6156
-0.6790
-0.6172
-0.6597
-0.5355
-0.6197
-0.5371
-0.8507
-0.7055
-0.8314
-0.6654
-0.7288
-0.6879
-0.6053
-0.5853
-0.6904
-0.5869
-0.6711
-0.5260
-0.6311
-0.5276
-0.5910
-0.4667
-0.7177
-0.6351
-0.6568
-0.5951
-0.5959
-0.5342
-0.6184
-0.5566
-0.5783
-0.5374
-0.5174
-0.4348
-0.4773
-0.3530
-0.3955
-0.3129
-1.0644
-1.0652
-1.1911
-1.0877
-1.1510
-1.0267
-1.0693
-0.9867
-1.1751
-1.0092
-1.0308
-0.9274
-0.9490
-0.9499
-0.9924
-0.8472
-1.0983
-0.9948
-1.0165
-0.9339
-0.9764
-0.9355
-0.9989
-0.8329
-0.9797
-0.8762
-0.9605
-0.8153
-0.8578
-0.7544
-0.9012
-0.7143
-1.0070
-0.9036
-1.0921
-0.8844
-0.9478
-0.8443
-0.9285
-0.7625
-0.9510
-0.8059
-0.9109
-0.7867
-0.7875
-0.6632
-0.7474
-0.6231
-0.9367
-0.8124
-0.8549
-0.6889
-0.7940
-0.7531
-0.7748
-0.6713
-0.7764
-0.7147
-0.7780
-0.7163
-0.6962
-0.6554
-0.6562
-0.5527
-0.7621
-0.7212
-0.7845
-0.6811
-0.7028
-0.6410
-0.6418
-0.5384
-0.7060
-0.5817
-0.7285
-0.6042
-0.5842
-0.5016
-0.6067
-0.4615
-0.7334
-0.6091
-0.6725
-0.5899
-0.6324
-0.5498
-0.5506
-0.4472
-0.6148
-0.6365
-0.5539
-0.4713
-0.4930
-0.3895
-0.4737
-0.3286
-0.6213
-0.5804
-0.6647
-0.5195
-0.5829
-0.4169
-0.5011
-0.4394
-0.5653
-0.5036
-0.5252
-0.4426
-0.4643
-0.2775
-0.4451
-0.3208
-0.5301
-0.4684
-0.5317
-0.3241
-0.5125
-0.3465
-0.4307
-0.2231
-0.3490
-0.3498
-0.3506
-0.2889
-0.2271
-0.1862
-0.2496
-0.0836
-0.3972
-0.3980
-0.4614
-0.3371
-0.4630
-0.2970
-0.3812
-0.2569
-0.4246
-0.3837
-0.3636
-0.2602
-0.3236
-0.1784
-0.3043
-0.0967
-0.4311
-0.2651
-0.4119
-0.2876
-0.3926
-0.2684
-0.3526
-0.1449
-0.3959
-0.3133
-0.2933
-0.1690
-0.2324
-0.1289
-0.1506
-0.0471
-0.4441
-0.2156
-0.2998
-0.2589
-0.2389
-0.2188
-0.1779
-0.1371
-0.2421
-0.0970
-0.2229
-0.1820
-0.1203
-0.1211
-0.1636
 0.0024
-0.2486
-0.0827
-0.2086
-0.1677
-0.1477
-0.1276
-0.1284
0.0376
-0.1301
-0.0058
-0.0691
0.0343
-0.0291
0.0118
-0.0307
0.1353
-0.0740
-0.0748
-0.0965
-0.1182
-0.0981
0.0262
0.0253
0.0871
-0.0389
-0.0188
-0.0405
0.0421
0.1038
0.1656
0.0397
0.2265
-0.0245
0.0581
-0.0053
0.1398
-0.0069
0.1591
0.1165
0.3034
0.0107
0.2184
0.0924
0.2376
0.1117
0.2151
0.1517
0.2343
0.0042
0.1076
0.0442
0.1477
0.1677
0.1669
0.1661
0.2487
0.0810
0.2470
0.1420
0.2454
0.2446
0.3272
0.2012
0.3672
0.1162
0.2614
0.1563
0.2180
0.1964
0.2789
0.2573
0.3816
0.2974
0.2757
0.3166
0.3992
0.3566
0.4601
0.3759
0.4793
-1.4814
-1.5865
-1.6290
-1.4839
-1.5264
-1.3604
-1.5280
-1.3620
-1.5088
-1.4054
-1.4479
-1.3236
-1.4495
-1.3669
-1.3677
-1.2435
-1.5153
-1.4744
-1.4544
-1.3301
-1.3726
-1.3109
-1.3951
-1.2917
-1.3550
-1.2725
-1.3775
-1.2532
-1.2749
-1.2132
-1.2557
-1.2148
-1.4450
-1.3415
-1.4466
-1.3015
-1.3440
-1.3031
-1.3664
-1.2630
-1.3264
-1.3063
-1.2863
-1.2663
-1.2671
-1.0594
-1.1645
-1.0193
-1.3329
-1.2295
-1.2720
-1.2102
-1.2528
-1.1702
-1.2752
-1.0258
-1.2769
-1.0900
-1.2159
-1.0917
-1.1342
-1.0307
-1.0941
-0.9490
-1.1791
-1.2425
-1.2225
-1.0565
-1.1615
-1.1206
-1.1423
-1.0597
-1.1439
-1.0405
-1.0830
-0.9587
-1.0012
-0.9187
-1.0029
-0.8994
-1.1713
-1.0887
-1.1521
-0.9653
-1.1120
-0.9460
-0.9468
-0.9685
-1.0319
-0.9284
-0.9710
-0.9509
-0.9517
-0.7857
-0.8491
-0.7874
-1.0175
-0.9975
-1.1026
-0.8532
-1.0417
-0.9591
-0.9599
-0.8773
-0.9407
-0.9623
-0.9840
-0.8180
-0.8605
-0.7571
-0.9038
-0.6962
-0.9472
-0.9271
-0.9488
-0.8454
-0.8670
-0.8261
-0.8478
-0.7652
-0.8494
-0.7252
-0.7885
-0.8102
-0.7693
-0.6867
-0.7292
-0.6258
-0.8143
-0.8776
-0.8993
-0.8584
-0.8384
-0.8183
-0.8191
-0.6740
-0.8833
-0.7173
-0.8850
-0.7607
-0.7823
-0.6580
-0.7006
-0.6597
-0.8690
-0.7030
-0.7872
-0.7255
-0.7889
-0.6854
-0.6862
-0.6453
-0.7504
-0.6470
-0.6686
-0.5444
-0.6703
-0.5668
-0.6302
-0.5268
-0.7986
-0.6952
-0.6960
-0.6760
-0.7393
-0.5942
-0.6576
-0.6375
-0.6383
-0.5766
-0.6608
-0.5365
-0.6208
-0.4548
-0.5598
-0.4772
-0.5823
-0.5623
-0.6882
-0.5431
-0.6273
-0.4613
-0.5247
-0.4629
-0.5471
-0.4645
-0.4862
-0.4036
-0.4461
-0.3844
-0.3852
-0.3443
-0.5328
-0.4502
-0.5761
-0.4101
-0.5569
-0.4118
-0.4751
-0.3300
-0.4351
-0.4359
-0.4575
-0.4167
-0.3758
-0.3349
-0.4400
-0.2114
-0.4416
-0.4215
-0.4432
-0.3189
-0.4031
-0.2789
-0.3005
-0.2179
-0.3647
-0.2821
-0.3872
-0.2837
-0.3054
-0.1394
-0.2236
-0.0785
-0.3921
-0.3512
-0.3937
-0.2277
-0.2911
-0.2293
-0.3553
-0.1893
-0.3360
-0.2743
-0.3168
-0.0883
-0.2142
-0.1525
-0.1741
-0.0290
-0.2800
-0.1974
-0.2608
-0.1990
-0.2624
-0.1590
-0.1806
-0.0564
-0.2031
-0.1622
-0.1422
-0.0388
-0.0604
 0.0222
-0.0829
-0.0003
