JERRY STENBAKKEN ELECTRICAL INSTRUMENTATION
A TO D 13-BIT DATA CONVERTER TESTING.
A ONE-EIGHTH SUBSET OF SET #7
NUMBER OF OBSERVATIONS = 1024
RESPONSE VARIABLE = VOLTAGE
NUMBER OF IMPLICIT FACTORS = 10 (OUT OF 13)
NUMBER OF VARIABLES PER LINE IMAGE = 1
NOVEMBER 1989
NOTE--IF THE DATA ARE CONSIDERED TO BE IN STANDARD YATES ORDER
      WITH FACTOR 1 OSCILLATING FASTEST
      AND FACTOR 10 OSCILLATING SLOWEST
      THEN FACTOR 1 =  FAR RIGHT BIT      (FOURTH LEAST SIGNIFICANT BIT)
           FACTOR 2 =  NEXT FAR RIGHT BIT (FOURTH LEAST SIGNFICANT BIT)
           ...
           FACTOR 13 = FAR LEFT BIT       (MOST SIGNIFICANT BIT)
TO READ THIS INTO DATAPLOT--
   DIMENSION 20 VARIABLES
   SET READ FORMAT F10.0
   READ STENBAKKEN2.DAT Y




VOLTAGE
--------
-0.08830
 0.09290
 0.00290
 0.20490
 0.15670
 0.29610
 0.35220
 0.47070
 0.38080
 0.52030
 0.57630
 0.67400
 0.66750
 0.72350
 0.77960
 0.87730
 0.82910
 0.90600
 1.00370
 1.10140
 1.09490
 1.15100
 1.16530
 1.28390
 1.25650
 1.47930
 1.47280
 1.57060
 1.48060
 1.70350
 1.67610
 1.77380
-0.50540
-0.38680
-0.39330
-0.21220
-0.28120
-0.14180
-0.04410
 0.01200
-0.07790
 0.10320
 0.07580
 0.25700
 0.12530
 0.32730
 0.34170
 0.46020
 0.28690
 0.44720
 0.48240
 0.58010
 0.51110
 0.71300
 0.72740
 0.82510
 0.79770
 0.93720
 0.97240
 1.09090
 0.95930
 1.18220
 1.19650
 1.27340
 0.01580
 0.15530
 0.10710
 0.39240
 0.19830
 0.27520
 0.43540
 0.57490
 0.40160
 0.64520
 0.55530
 0.67390
 0.68820
 0.84850
 0.82120
 0.93970
 0.80810
 0.98930
 0.98270
 1.10130
 1.03230
 1.17170
 1.16520
 1.26290
 1.36060
 1.47920
 1.41020
 1.57040
 1.50140
 1.68250
 1.65510
 1.75290
-0.38040
-0.28260
-0.33090
-0.02460
-0.19790
-0.05850
-0.06500
 0.05360
-0.01550
 0.22820
 0.18000
 0.36110
 0.14610
 0.38980
 0.38320
 0.52270
 0.32850
 0.50960
 0.50310
 0.68430
 0.59430
 0.75460
 0.76900
 0.97090
 0.79760
 0.95790
 0.93050
 1.09080
 1.08430
 1.11950
 1.21720
 1.35670
-0.42210
-0.28270
-0.31010
-0.10810
-0.15630
-0.10030
-0.06510
 0.01180
 0.02610
 0.16560
 0.11730
 0.31930
 0.27110
 0.38970
 0.44570
 0.58520
 0.30760
 0.48870
 0.50310
 0.60080
 0.61510
 0.75460
 0.70630
 0.88750
 0.83930
 0.93700
 0.90960
 1.13250
 1.08420
 1.14030
 1.25890
 1.37740
-0.86010
-0.74150
-0.76880
-0.58770
-0.67760
-0.47560
-0.46130
-0.38440
-0.41180
-0.31410
-0.27890
-0.13940
-0.22940
-0.06910
-0.07560
 0.08470
-0.00520
 0.09250
 0.06510
 0.18370
 0.15640
 0.23320
 0.22670
 0.42870
 0.35960
 0.45740
 0.47170
 0.67370
 0.62550
 0.76490
 0.71670
 0.87700
-0.40140
-0.24110
-0.33100
-0.12910
-0.19810
 0.00390
 0.01820
 0.07420
 0.02600
 0.14460
 0.17980
 0.25670
 0.22930
 0.43130
 0.32050
 0.60590
 0.45340
 0.53030
 0.52380
 0.68410
 0.59420
 0.73360
 0.72710
 0.86650
 0.75570
 0.95770
 0.99290
 1.11150
 1.10500
 1.20270
 1.15450
 1.37730
-0.83930
-0.72070
-0.64390
-0.52530
-0.55260
-0.39240
-0.46140
-0.34280
-0.41190
-0.33500
-0.23730
-0.18130
-0.10440
-0.02750
-0.07570
 0.10540
-0.04710
 0.05070
 0.02330
 0.16280
 0.11450
 0.29570
 0.28920
 0.42860
 0.40120
 0.47810
 0.61750
 0.65270
 0.62540
 0.74390
 0.77910
 0.93940
-1.54830
-1.40890
-1.41540
-1.33850
-1.36590
-1.20560
-1.21210
-1.03100
-1.14170
-1.04400
-1.00880
-0.93190
-0.87590
-0.81990
-0.76380
-0.62440
-0.83940
-0.70000
-0.66480
-0.60880
-0.53190
-0.45500
-0.39900
-0.30120
-0.37030
-0.23090
-0.17480
-0.05630
-0.18790
 0.01410
 0.02850
 0.16790
-1.98620
-1.84680
-1.89500
-1.71390
-1.78290
-1.70600
-1.65000
-1.61480
-1.62140
-1.44020
-1.44670
-1.34900
-1.33470
-1.23690
-1.28520
-1.06230
-1.23560
-1.15880
-1.16530
-0.98410
-1.01150
-0.93460
-0.87860
-0.76000
-0.78740
-0.73130
-0.63360
-0.45250
-0.56320
-0.42380
-0.34690
-0.33260
-1.13140
-1.01280
-0.95680
-0.90080
-0.88640
-0.78870
-0.79520
-0.61410
-0.70400
-0.52290
-0.52940
-0.43160
-0.37560
-0.34040
-0.28440
-0.20750
-0.38080
-0.24140
-0.22710
-0.08760
-0.13580
-0.01730
-0.00290
 0.13650
 0.04660
 0.20690
 0.22120
 0.38150
 0.24990
 0.43100
 0.46620
 0.62650
-1.52760
-1.34650
-1.35300
-1.31780
-1.34520
-1.24750
-1.21230
-1.01030
-1.14190
-0.98160
-1.02980
-0.80700
-0.91780
-0.77830
-0.78490
-0.68710
-0.79790
-0.65850
-0.64410
-0.50470
-0.59460
-0.49690
-0.46170
-0.23890
-0.39130
-0.21020
-0.23760
-0.20240
-0.16720
 0.03480
-0.07600
 0.14690
-1.38170
-1.24230
-1.29050
-1.23450
-1.28270
-1.03900
-1.06640
-0.90610
-0.91260
-0.85660
-0.88400
-0.61940
-0.73020
-0.71590
-0.65980
-0.47870
-0.67290
-0.53340
-0.51910
-0.37970
-0.46960
-0.37180
-0.31580
-0.19720
-0.20370
-0.10600
-0.11250
 0.06860
-0.04220
 0.11810
 0.09080
 0.29270
-1.84050
-1.72190
-1.72840
-1.50560
-1.55380
-1.47690
-1.46260
-1.36490
-1.43390
-1.25280
-1.23850
-1.18240
-1.23070
-1.04950
-1.07690
-1.06260
-1.11080
-1.01300
-0.91530
-0.77590
-0.90750
-0.76810
-0.75370
-0.67680
-0.66250
-0.52310
-0.50870
-0.39020
-0.43840
-0.34060
-0.36800
-0.22860
-1.02740
-0.95050
-0.89450
-0.75510
-0.84500
-0.72640
-0.73290
-0.51010
-0.60000
-0.46060
-0.48790
-0.39020
-0.33420
-0.23640
-0.32630
-0.18690
-0.31850
-0.22080
-0.10220
-0.06700
-0.11520
 0.06590
 0.05940
 0.19880
 0.10890
 0.26920
 0.26270
 0.38120
 0.39560
 0.45160
 0.48680
 0.60540
-1.46530
-1.28420
-1.31160
-1.17210
-1.17860
-1.10180
-1.10830
-0.92710
-1.03790
-0.87760
-0.98840
-0.74470
-0.81380
-0.75770
-0.78510
-0.62480
-0.67300
-0.63790
-0.60270
-0.48410
-0.46980
-0.39290
-0.37850
-0.26000
-0.37070
-0.12700
-0.19610
-0.09840
-0.14660
 0.05540
-0.01370
 0.16750
-0.90240
-0.74210
-0.79040
-0.71350
-0.74080
-0.53890
-0.50370
-0.48930
-0.45420
-0.39810
-0.36290
-0.26520
-0.29260
-0.17400
-0.24310
-0.06190
-0.13100
-0.03330
-0.06060
-0.08800
-0.01110
 0.10750
 0.16350
 0.28210
 0.19220
 0.24820
 0.32510
 0.42280
 0.39550
 0.53490
 0.54920
 0.64700
-1.34030
-1.18010
-1.18660
-1.04710
-1.19960
-1.03930
-0.96240
-0.86470
-0.95460
-0.81520
-0.78000
-0.70310
-0.75130
-0.65360
-0.57670
-0.43730
-0.61060
-0.47120
-0.51940
-0.40080
-0.40730
-0.33040
-0.31610
-0.21840
-0.24570
-0.12720
-0.13370
 0.04750
-0.04250
 0.07610
 0.06960
 0.18820
-0.52720
-0.47120
-0.39430
-0.31740
-0.46990
-0.28880
-0.19100
-0.11420
-0.16240
-0.00210
-0.05030
 0.15170
 0.06180
 0.20120
 0.15300
 0.31330
 0.07740
 0.27940
 0.27290
 0.41230
 0.32240
 0.44100
 0.43440
 0.53220
 0.56740
 0.70680
 0.76280
 0.71460
 0.77060
 0.86840
 0.82020
 0.95960
-0.92350
-0.82570
-0.83220
-0.67200
-0.78270
-0.66410
-0.69150
-0.53120
-0.55860
-0.39830
-0.44650
-0.30710
-0.37620
-0.32010
-0.26410
-0.16640
-0.23540
-0.22110
-0.08170
-0.00480
-0.01130
 0.02390
 0.10080
 0.09430
 0.17110
 0.24800
 0.19980
 0.40180
 0.29100
 0.38880
 0.42390
 0.64680
-0.71500
-0.55470
-0.54040
-0.50520
-0.40750
-0.41400
-0.35800
-0.26020
-0.22500
-0.16900
-0.15470
-0.05700
-0.10520
 0.03430
-0.01400
 0.08380
-0.04780
 0.07080
 0.06420
 0.32880
 0.11370
 0.29490
 0.33010
 0.42780
 0.44210
 0.58160
 0.51250
 0.63110
 0.60370
 0.65970
 0.65320
 0.87610
-1.09040
-0.97180
-0.93660
-0.85970
-0.90790
-0.81020
-0.77500
-0.65640
-0.72550
-0.58610
-0.57170
-0.41150
-0.48050
-0.36190
-0.36850
-0.29160
-0.40240
-0.28380
-0.29030
-0.15090
-0.21990
-0.10130
-0.17040
-0.03100
-0.05830
 0.12280
 0.13710
 0.19320
 0.20750
 0.22180
 0.27790
 0.37560
-0.23560
-0.24210
-0.12350
-0.02580
-0.09490
 0.06540
 0.10060
 0.11500
 0.17100
 0.24790
 0.19970
 0.29740
 0.29090
 0.43030
 0.42380
 0.52150
 0.45250
 0.52930
 0.54370
 0.59970
 0.59320
 0.71180
 0.64270
 0.88640
 0.85900
 0.89420
 0.92940
 1.00630
 0.99970
 1.01410
 1.15350
 1.27210
-0.65260
-0.53410
-0.54060
-0.40110
-0.42850
-0.37250
-0.29560
-0.21870
-0.28780
-0.12750
-0.13400
-0.05710
-0.04280
-0.04930
-0.01410
 0.14620
-0.02720
 0.11230
 0.02240
 0.26600
 0.21780
 0.27380
 0.35070
 0.40680
 0.33770
 0.49800
 0.51230
 0.63090
 0.62440
 0.59700
 0.71560
 0.81330
-1.46590
-1.34730
-1.31210
-1.21440
-1.26260
-1.10230
-1.08800
-1.05280
-1.03850
-0.96160
-0.90550
-0.89120
-0.87690
-0.77910
-0.74400
-0.66710
-0.73610
-0.63840
-0.60320
-0.50550
-0.61630
-0.47680
-0.44160
-0.34390
-0.45470
-0.23180
-0.23840
-0.16150
-0.20970
-0.09110
-0.13930
 0.00010
-1.94550
-1.68100
-1.72920
-1.65230
-1.67970
-1.56110
-1.54670
-1.49070
-1.49720
-1.35780
-1.28090
-1.20400
-1.33560
-1.19620
-1.22360
-1.00070
-1.19490
-1.09720
-1.08280
-0.92260
-1.01250
-0.85220
-0.85870
-0.86520
-0.78830
-0.75320
-0.69710
-0.59940
-0.66850
-0.50820
-0.53550
-0.45870
-1.09070
-0.93040
-0.93690
-0.83920
-0.95000
-0.70630
-0.71280
-0.63590
-0.66330
-0.50300
-0.61380
-0.47430
-0.54340
-0.38310
-0.41050
-0.22930
-0.38180
-0.24240
-0.33230
-0.21370
-0.15770
-0.10160
-0.10820
 0.01040
-0.03780
 0.14330
 0.09510
 0.19290
 0.16550
 0.26320
 0.23590
 0.39610
-1.52860
-1.36830
-1.35400
-1.23540
-1.28360
-1.12330
-1.17160
-1.09470
-1.10120
-0.96180
-1.01000
-0.89140
-0.85620
-0.77930
-0.78580
-0.66730
-0.79890
-0.74280
-0.72850
-0.56820
-0.67900
-0.49790
-0.50440
-0.42750
-0.45490
-0.33630
-0.23850
-0.22420
-0.29330
-0.13300
-0.11870
-0.08350
-1.32020
-1.24330
-1.18720
-1.04780
-1.20030
-1.06080
-1.02570
-0.96960
-0.93440
-0.83670
-0.94750
-0.74550
-0.75200
-0.61260
-0.61910
-0.54220
-0.63210
-0.51350
-0.56180
-0.44320
-0.53310
-0.37280
-0.46270
-0.28160
-0.26730
-0.12780
-0.17600
-0.12000
-0.08480
-0.02880
-0.03530
 0.08330
-1.77890
-1.59780
-1.68770
-1.54830
-1.63820
-1.45710
-1.44270
-1.34500
-1.35150
-1.27460
-1.23940
-1.14170
-1.29420
-1.09220
-1.09870
-1.00100
-1.11170
-0.97230
-0.97880
-0.83940
-0.88760
-0.81070
-0.83810
-0.74040
-0.70520
-0.62830
-0.65570
-0.53710
-0.58530
-0.46670
-0.55660
-0.31290
-0.98670
-0.84720
-0.83290
-0.71430
-0.76250
-0.62310
-0.67130
-0.55270
-0.53840
-0.46150
-0.44720
-0.32860
-0.43940
-0.32080
-0.22310
-0.08360
-0.25690
-0.09670
-0.14490
-0.04710
-0.13710
 0.00240
 0.03760
 0.13530
 0.08710
 0.22650
 0.30340
 0.23430
 0.24870
 0.36720
 0.38160
 0.47930
-1.36200
-1.24350
-1.29170
-1.21480
-1.26300
-1.01930
-1.02580
-0.94900
-1.05970
-0.89940
-0.96850
-0.78740
-0.87730
-0.69620
-0.76520
-0.62580
-0.67400
-0.65970
-0.64530
-0.52680
-0.63750
-0.47720
-0.46290
-0.34430
-0.33000
-0.21140
-0.21790
-0.07850
-0.18930
-0.02900
-0.05640
-0.00030
