C PROJECT--SUNSPOT ACTIVITY (FROM THE LITERATURE).
C PROJECT--MONTHLY SUNSPOT ACTIVITY (FROM THE LITERATURE).
C DATE--MAY 20, 1977
C REFERENCE--MUNROE, ELLA H., TABLES ON SUNSPOT FREQUENCY FOR 1749-1948.
C            TERRESTIAL MAGNETISM AND ATMOSPHERIC ELECTRICITY,
C            AN INTERNATIONAL QUARTERLY JOURNAL, VOLUME 53, 1948, PAGES 241-245.
C REFERENCE--GRANGER, C. W. J. AND HATANAKA, M., SPECTRAL ANALYSIS OF
C            ECONOMIC TIME SERIES, PRINCETON UNIVERSITY PRESS, 1964, PAGES 64 AN
C REFERENCE--MORRIS, J., FORECASTING THE SUNSPOT CYCLE, JOURNAL OF THE ROYAL
C            STATISTICAL SOCIETY, A, VOLUME 140, PART 3, 1977, PAGES ?.
C NUMBER OF HEADER CARDS--25
C NUMBER OF DATA   CARDS--2388
C NUMBER OF VARIABLES ON A CARD--4
C RESPONSE    VARIABLES--VARIABLE 1 OR VARIABLE 4
C INDEPENDENT VARIABLES--VARIABLES 2 AND 3
C ORDER OF VARIABLES ON A CARD--
C     1. WOLF SUNSPOT NUMBER FOR THE MONTH
C     2. MONTH (CODED 1 TO 12)
C     3. YEAR
C     3. YEAR (1749 TO 1947)
C     4. AVERAGE (OVER THE YEAR) WOLF MONTHLY SUNSPOT NUMBER
C
C
C
C
      58.0        1.     1749.      80.9
      62.6        2.     1749.      80.9
      70.0        3.     1749.      80.9
      55.7        4.     1749.      80.9
      85.0        5.     1749.      80.9
      83.5        6.     1749.      80.9
      94.8        7.     1749.      80.9
      66.3        8.     1749.      80.9
      75.9        9.     1749.      80.9
      75.5       10.     1749.      80.9
     158.6       11.     1749.      80.9
      85.2       12.     1749.      80.9
      73.3        1.     1750.      83.4
      75.9        2.     1750.      83.4
      89.2        3.     1750.      83.4
      88.3        4.     1750.      83.4
      90.0        5.     1750.      83.4
     100.0        6.     1750.      83.4
      85.4        7.     1750.      83.4
     103.0        8.     1750.      83.4
      91.2        9.     1750.      83.4
      65.7       10.     1750.      83.4
      63.3       11.     1750.      83.4
      75.4       12.     1750.      83.4
      70.0        1.     1751.      47.7
      43.5        2.     1751.      47.7
      45.3        3.     1751.      47.7
      56.4        4.     1751.      47.7
      60.7        5.     1751.      47.7
      50.7        6.     1751.      47.7
      66.3        7.     1751.      47.7
      59.8        8.     1751.      47.7
      23.5        9.     1751.      47.7
      23.2       10.     1751.      47.7
      28.5       11.     1751.      47.7
      44.0       12.     1751.      47.7
      35.0        1.     1752.      47.8
      50.0        2.     1752.      47.8
      71.0        3.     1752.      47.8
      59.3        4.     1752.      47.8
      59.7        5.     1752.      47.8
      39.6        6.     1752.      47.8
      78.4        7.     1752.      47.8
      29.3        8.     1752.      47.8
      27.1        9.     1752.      47.8
      46.6       10.     1752.      47.8
      37.6       11.     1752.      47.8
      40.0       12.     1752.      47.8
      44.0        1.     1753.      30.7
      32.0        2.     1753.      30.7
      45.7        3.     1753.      30.7
      38.0        4.     1753.      30.7
      36.0        5.     1753.      30.7
      31.7        6.     1753.      30.7
      22.0        7.     1753.      30.7
      39.0        8.     1753.      30.7
      28.0        9.     1753.      30.7
      25.0       10.     1753.      30.7
      20.0       11.     1753.      30.7
       6.7       12.     1753.      30.7
        .0        1.     1754.      12.2
       3.0        2.     1754.      12.2
       1.7        3.     1754.      12.2
      13.7        4.     1754.      12.2
      20.7        5.     1754.      12.2
      26.7        6.     1754.      12.2
      18.8        7.     1754.      12.2
      12.3        8.     1754.      12.2
       8.2        9.     1754.      12.2
      24.1       10.     1754.      12.2
      13.2       11.     1754.      12.2
       4.2       12.     1754.      12.2
      10.2        1.     1755.       9.6
      11.2        2.     1755.       9.6
       6.8        3.     1755.       9.6
       6.5        4.     1755.       9.6
        .0        5.     1755.       9.6
        .0        6.     1755.       9.6
       8.6        7.     1755.       9.6
       3.2        8.     1755.       9.6
      17.8        9.     1755.       9.6
      23.7       10.     1755.       9.6
       6.8       11.     1755.       9.6
      20.0       12.     1755.       9.6
      12.5        1.     1756.      10.2
       7.1        2.     1756.      10.2
       5.4        3.     1756.      10.2
       9.4        4.     1756.      10.2
      12.5        5.     1756.      10.2
      12.9        6.     1756.      10.2
       3.6        7.     1756.      10.2
       6.4        8.     1756.      10.2
      11.8        9.     1756.      10.2
      14.3       10.     1756.      10.2
      17.0       11.     1756.      10.2
       9.4       12.     1756.      10.2
      14.1        1.     1757.      32.4
      21.2        2.     1757.      32.4
      26.2        3.     1757.      32.4
      30.0        4.     1757.      32.4
      38.1        5.     1757.      32.4
      12.8        6.     1757.      32.4
      25.0        7.     1757.      32.4
      51.3        8.     1757.      32.4
      39.7        9.     1757.      32.4
      32.5       10.     1757.      32.4
      64.7       11.     1757.      32.4
      33.5       12.     1757.      32.4
      37.6        1.     1758.      47.6
      52.0        2.     1758.      47.6
      49.0        3.     1758.      47.6
      72.3        4.     1758.      47.6
      46.4        5.     1758.      47.6
      45.0        6.     1758.      47.6
      44.0        7.     1758.      47.6
      38.7        8.     1758.      47.6
      62.5        9.     1758.      47.6
      37.7       10.     1758.      47.6
      43.0       11.     1758.      47.6
      43.0       12.     1758.      47.6
      48.3        1.     1759.      54.0
      44.0        2.     1759.      54.0
      46.8        3.     1759.      54.0
      47.0        4.     1759.      54.0
      49.0        5.     1759.      54.0
      50.0        6.     1759.      54.0
      51.0        7.     1759.      54.0
      71.3        8.     1759.      54.0
      77.2        9.     1759.      54.0
      59.7       10.     1759.      54.0
      46.3       11.     1759.      54.0
      57.0       12.     1759.      54.0
      67.3        1.     1760.      62.9
      59.5        2.     1760.      62.9
      74.7        3.     1760.      62.9
      58.3        4.     1760.      62.9
      72.0        5.     1760.      62.9
      48.3        6.     1760.      62.9
      66.0        7.     1760.      62.9
      75.6        8.     1760.      62.9
      61.3        9.     1760.      62.9
      50.6       10.     1760.      62.9
      59.7       11.     1760.      62.9
      61.0       12.     1760.      62.9
      70.0        1.     1761.      85.9
      91.0        2.     1761.      85.9
      80.7        3.     1761.      85.9
      71.7        4.     1761.      85.9
     107.2        5.     1761.      85.9
      99.3        6.     1761.      85.9
      94.1        7.     1761.      85.9
      91.1        8.     1761.      85.9
     100.7        9.     1761.      85.9
      88.7       10.     1761.      85.9
      89.7       11.     1761.      85.9
      46.0       12.     1761.      85.9
      43.8        1.     1762.      61.2
      72.8        2.     1762.      61.2
      45.7        3.     1762.      61.2
      60.2        4.     1762.      61.2
      39.9        5.     1762.      61.2
      77.1        6.     1762.      61.2
      33.8        7.     1762.      61.2
      67.7        8.     1762.      61.2
      68.5        9.     1762.      61.2
      69.3       10.     1762.      61.2
      77.8       11.     1762.      61.2
      77.2       12.     1762.      61.2
      56.5        1.     1763.      45.1
      31.9        2.     1763.      45.1
      34.2        3.     1763.      45.1
      32.9        4.     1763.      45.1
      32.7        5.     1763.      45.1
      35.8        6.     1763.      45.1
      54.2        7.     1763.      45.1
      26.5        8.     1763.      45.1
      68.1        9.     1763.      45.1
      46.3       10.     1763.      45.1
      60.9       11.     1763.      45.1
      61.4       12.     1763.      45.1
      59.7        1.     1764.      36.4
      59.7        2.     1764.      36.4
      40.2        3.     1764.      36.4
      34.4        4.     1764.      36.4
      44.3        5.     1764.      36.4
      30.0        6.     1764.      36.4
      30.0        7.     1764.      36.4
      30.0        8.     1764.      36.4
      28.2        9.     1764.      36.4
      28.0       10.     1764.      36.4
      26.0       11.     1764.      36.4
      25.7       12.     1764.      36.4
      24.0        1.     1765.      20.9
      26.0        2.     1765.      20.9
      25.0        3.     1765.      20.9
      22.0        4.     1765.      20.9
      20.2        5.     1765.      20.9
      20.0        6.     1765.      20.9
      27.0        7.     1765.      20.9
      29.7        8.     1765.      20.9
      16.0        9.     1765.      20.9
      14.0       10.     1765.      20.9
      14.0       11.     1765.      20.9
      13.0       12.     1765.      20.9
      12.0        1.     1766.      11.4
      11.0        2.     1766.      11.4
      36.6        3.     1766.      11.4
       6.0        4.     1766.      11.4
      26.8        5.     1766.      11.4
       3.0        6.     1766.      11.4
       3.3        7.     1766.      11.4
       4.0        8.     1766.      11.4
       4.3        9.     1766.      11.4
       5.0       10.     1766.      11.4
       5.7       11.     1766.      11.4
      19.2       12.     1766.      11.4
      27.4        1.     1767.      37.8
      30.0        2.     1767.      37.8
      43.0        3.     1767.      37.8
      32.9        4.     1767.      37.8
      29.8        5.     1767.      37.8
      33.3        6.     1767.      37.8
      21.9        7.     1767.      37.8
      40.8        8.     1767.      37.8
      42.7        9.     1767.      37.8
      44.1       10.     1767.      37.8
      54.7       11.     1767.      37.8
      53.3       12.     1767.      37.8
      53.5        1.     1768.      69.8
      66.1        2.     1768.      69.8
      46.3        3.     1768.      69.8
      42.7        4.     1768.      69.8
      77.7        5.     1768.      69.8
      77.4        6.     1768.      69.8
      52.6        7.     1768.      69.8
      66.8        8.     1768.      69.8
      74.8        9.     1768.      69.8
      77.8       10.     1768.      69.8
      90.6       11.     1768.      69.8
     111.8       12.     1768.      69.8
      73.9        1.     1769.     106.1
      64.2        2.     1769.     106.1
      64.3        3.     1769.     106.1
      96.7        4.     1769.     106.1
      73.6        5.     1769.     106.1
      94.4        6.     1769.     106.1
     118.6        7.     1769.     106.1
     120.3        8.     1769.     106.1
     148.8        9.     1769.     106.1
     158.2       10.     1769.     106.1
     148.1       11.     1769.     106.1
     112.0       12.     1769.     106.1
     104.0        1.     1770.     100.8
     142.5        2.     1770.     100.8
      80.1        3.     1770.     100.8
      51.0        4.     1770.     100.8
      70.1        5.     1770.     100.8
      83.3        6.     1770.     100.8
     109.8        7.     1770.     100.8
     126.3        8.     1770.     100.8
     104.4        9.     1770.     100.8
     103.6       10.     1770.     100.8
     132.2       11.     1770.     100.8
     102.3       12.     1770.     100.8
      36.0        1.     1771.      81.6
      46.2        2.     1771.      81.6
      46.7        3.     1771.      81.6
      64.9        4.     1771.      81.6
     152.7        5.     1771.      81.6
     119.5        6.     1771.      81.6
      67.7        7.     1771.      81.6
      58.5        8.     1771.      81.6
     101.4        9.     1771.      81.6
      90.0       10.     1771.      81.6
      99.7       11.     1771.      81.6
      95.7       12.     1771.      81.6
     100.9        1.     1772.      66.5
      90.8        2.     1772.      66.5
      31.1        3.     1772.      66.5
      92.2        4.     1772.      66.5
      38.0        5.     1772.      66.5
      57.0        6.     1772.      66.5
      77.3        7.     1772.      66.5
      56.2        8.     1772.      66.5
      50.5        9.     1772.      66.5
      78.6       10.     1772.      66.5
      61.3       11.     1772.      66.5
      64.0       12.     1772.      66.5
      54.6        1.     1773.      34.8
      29.0        2.     1773.      34.8
      51.2        3.     1773.      34.8
      32.9        4.     1773.      34.8
      41.1        5.     1773.      34.8
      28.4        6.     1773.      34.8
      27.7        7.     1773.      34.8
      12.7        8.     1773.      34.8
      29.3        9.     1773.      34.8
      26.3       10.     1773.      34.8
      40.9       11.     1773.      34.8
      43.2       12.     1773.      34.8
      46.8        1.     1774.      30.6
      65.4        2.     1774.      30.6
      55.7        3.     1774.      30.6
      43.8        4.     1774.      30.6
      51.3        5.     1774.      30.6
      28.5        6.     1774.      30.6
      17.5        7.     1774.      30.6
       6.6        8.     1774.      30.6
       7.9        9.     1774.      30.6
      14.0       10.     1774.      30.6
      17.7       11.     1774.      30.6
      12.0       12.     1774.      30.6
       4.4        1.     1775.       7.0
        .0        2.     1775.       7.0
      11.6        3.     1775.       7.0
      11.2        4.     1775.       7.0
       3.9        5.     1775.       7.0
      12.3        6.     1775.       7.0
       1.0        7.     1775.       7.0
       7.9        8.     1775.       7.0
       3.2        9.     1775.       7.0
       5.6       10.     1775.       7.0
      15.1       11.     1775.       7.0
       7.9       12.     1775.       7.0
      21.7        1.     1776.      19.8
      11.6        2.     1776.      19.8
       6.3        3.     1776.      19.8
      21.8        4.     1776.      19.8
      11.2        5.     1776.      19.8
      19.0        6.     1776.      19.8
       1.0        7.     1776.      19.8
      24.2        8.     1776.      19.8
      16.0        9.     1776.      19.8
      30.0       10.     1776.      19.8
      35.0       11.     1776.      19.8
      40.0       12.     1776.      19.8
      45.0        1.     1777.      92.5
      36.5        2.     1777.      92.5
      39.0        3.     1777.      92.5
      95.5        4.     1777.      92.5
      80.3        5.     1777.      92.5
      80.7        6.     1777.      92.5
      95.0        7.     1777.      92.5
     112.0        8.     1777.      92.5
     116.2        9.     1777.      92.5
     106.5       10.     1777.      92.5
     146.0       11.     1777.      92.5
     157.3       12.     1777.      92.5
     177.3        1.     1778.     154.4
     109.3        2.     1778.     154.4
     134.0        3.     1778.     154.4
     145.0        4.     1778.     154.4
     238.9        5.     1778.     154.4
     171.6        6.     1778.     154.4
     153.0        7.     1778.     154.4
     140.0        8.     1778.     154.4
     171.7        9.     1778.     154.4
     156.3       10.     1778.     154.4
     150.3       11.     1778.     154.4
     105.0       12.     1778.     154.4
     114.7        1.     1779.     125.9
     165.7        2.     1779.     125.9
     118.0        3.     1779.     125.9
     145.0        4.     1779.     125.9
     140.0        5.     1779.     125.9
     113.7        6.     1779.     125.9
     143.0        7.     1779.     125.9
     112.0        8.     1779.     125.9
     111.0        9.     1779.     125.9
     124.0       10.     1779.     125.9
     114.0       11.     1779.     125.9
     110.0       12.     1779.     125.9
      70.0        1.     1780.      84.8
      98.0        2.     1780.      84.8
      98.0        3.     1780.      84.8
      95.0        4.     1780.      84.8
     107.2        5.     1780.      84.8
      88.0        6.     1780.      84.8
      86.0        7.     1780.      84.8
      86.0        8.     1780.      84.8
      93.7        9.     1780.      84.8
      77.0       10.     1780.      84.8
      60.0       11.     1780.      84.8
      58.7       12.     1780.      84.8
      98.7        1.     1781.      68.1
      74.7        2.     1781.      68.1
      53.0        3.     1781.      68.1
      68.3        4.     1781.      68.1
     104.7        5.     1781.      68.1
      97.7        6.     1781.      68.1
      73.5        7.     1781.      68.1
      66.0        8.     1781.      68.1
      51.0        9.     1781.      68.1
      27.3       10.     1781.      68.1
      67.0       11.     1781.      68.1
      35.2       12.     1781.      68.1
      54.0        1.     1782.      38.5
      37.5        2.     1782.      38.5
      37.0        3.     1782.      38.5
      41.0        4.     1782.      38.5
      54.3        5.     1782.      38.5
      38.0        6.     1782.      38.5
      37.0        7.     1782.      38.5
      44.0        8.     1782.      38.5
      34.0        9.     1782.      38.5
      23.2       10.     1782.      38.5
      31.5       11.     1782.      38.5
      30.0       12.     1782.      38.5
      28.0        1.     1783.      22.8
      38.7        2.     1783.      22.8
      26.7        3.     1783.      22.8
      28.3        4.     1783.      22.8
      23.0        5.     1783.      22.8
      25.2        6.     1783.      22.8
      32.2        7.     1783.      22.8
      20.0        8.     1783.      22.8
      18.0        9.     1783.      22.8
       8.0       10.     1783.      22.8
      15.0       11.     1783.      22.8
      10.5       12.     1783.      22.8
      13.0        1.     1784.      10.2
       8.0        2.     1784.      10.2
      11.0        3.     1784.      10.2
      10.0        4.     1784.      10.2
       6.0        5.     1784.      10.2
       9.0        6.     1784.      10.2
       6.0        7.     1784.      10.2
      10.0        8.     1784.      10.2
      10.0        9.     1784.      10.2
       8.0       10.     1784.      10.2
      17.0       11.     1784.      10.2
      14.0       12.     1784.      10.2
       6.5        1.     1785.      24.1
       8.0        2.     1785.      24.1
       9.0        3.     1785.      24.1
      15.7        4.     1785.      24.1
      20.7        5.     1785.      24.1
      26.3        6.     1785.      24.1
      36.3        7.     1785.      24.1
      20.0        8.     1785.      24.1
      32.0        9.     1785.      24.1
      47.2       10.     1785.      24.1
      40.2       11.     1785.      24.1
      27.3       12.     1785.      24.1
      37.2        1.     1786.      82.9
      47.6        2.     1786.      82.9
      47.7        3.     1786.      82.9
      85.4        4.     1786.      82.9
      92.3        5.     1786.      82.9
      59.0        6.     1786.      82.9
      83.0        7.     1786.      82.9
      89.7        8.     1786.      82.9
     111.5        9.     1786.      82.9
     112.3       10.     1786.      82.9
     116.0       11.     1786.      82.9
     112.7       12.     1786.      82.9
     134.7        1.     1787.     132.0
     106.0        2.     1787.     132.0
      87.4        3.     1787.     132.0
     127.2        4.     1787.     132.0
     134.8        5.     1787.     132.0
      99.2        6.     1787.     132.0
     128.0        7.     1787.     132.0
     137.2        8.     1787.     132.0
     157.3        9.     1787.     132.0
     157.0       10.     1787.     132.0
     141.5       11.     1787.     132.0
     174.0       12.     1787.     132.0
     138.0        1.     1788.     130.9
     129.2        2.     1788.     130.9
     143.3        3.     1788.     130.9
     108.5        4.     1788.     130.9
     113.0        5.     1788.     130.9
     154.2        6.     1788.     130.9
     141.5        7.     1788.     130.9
     136.0        8.     1788.     130.9
     141.0        9.     1788.     130.9
     142.0       10.     1788.     130.9
      94.7       11.     1788.     130.9
     129.5       12.     1788.     130.9
     114.0        1.     1789.     118.1
     125.3        2.     1789.     118.1
     120.0        3.     1789.     118.1
     123.3        4.     1789.     118.1
     123.5        5.     1789.     118.1
     120.0        6.     1789.     118.1
     117.0        7.     1789.     118.1
     103.0        8.     1789.     118.1
     112.0        9.     1789.     118.1
      89.7       10.     1789.     118.1
     134.0       11.     1789.     118.1
     135.5       12.     1789.     118.1
     103.0        1.     1790.      89.9
     127.5        2.     1790.      89.9
      96.3        3.     1790.      89.9
      94.0        4.     1790.      89.9
      93.0        5.     1790.      89.9
      91.0        6.     1790.      89.9
      69.3        7.     1790.      89.9
      87.0        8.     1790.      89.9
      77.3        9.     1790.      89.9
      84.3       10.     1790.      89.9
      82.0       11.     1790.      89.9
      74.0       12.     1790.      89.9
      72.7        1.     1791.      66.6
      62.0        2.     1791.      66.6
      74.0        3.     1791.      66.6
      77.2        4.     1791.      66.6
      73.7        5.     1791.      66.6
      64.2        6.     1791.      66.6
      71.0        7.     1791.      66.6
      43.0        8.     1791.      66.6
      66.5        9.     1791.      66.6
      61.7       10.     1791.      66.6
      67.0       11.     1791.      66.6
      66.0       12.     1791.      66.6
      58.0        1.     1792.      60.0
      64.0        2.     1792.      60.0
      63.0        3.     1792.      60.0
      75.7        4.     1792.      60.0
      62.0        5.     1792.      60.0
      61.0        6.     1792.      60.0
      45.8        7.     1792.      60.0
      60.0        8.     1792.      60.0
      59.0        9.     1792.      60.0
      59.0       10.     1792.      60.0
      57.0       11.     1792.      60.0
      56.0       12.     1792.      60.0
      56.0        1.     1793.      46.9
      55.0        2.     1793.      46.9
      55.5        3.     1793.      46.9
      53.0        4.     1793.      46.9
      52.3        5.     1793.      46.9
      51.0        6.     1793.      46.9
      50.0        7.     1793.      46.9
      29.3        8.     1793.      46.9
      24.0        9.     1793.      46.9
      47.0       10.     1793.      46.9
      44.0       11.     1793.      46.9
      45.7       12.     1793.      46.9
      45.0        1.     1794.      41.0
      44.0        2.     1794.      41.0
      38.0        3.     1794.      41.0
      28.4        4.     1794.      41.0
      55.7        5.     1794.      41.0
      41.5        6.     1794.      41.0
      41.0        7.     1794.      41.0
      40.0        8.     1794.      41.0
      11.1        9.     1794.      41.0
      28.5       10.     1794.      41.0
      67.4       11.     1794.      41.0
      51.4       12.     1794.      41.0
      21.4        1.     1795.      21.3
      39.9        2.     1795.      21.3
      12.6        3.     1795.      21.3
      18.6        4.     1795.      21.3
      31.0        5.     1795.      21.3
      17.1        6.     1795.      21.3
      12.9        7.     1795.      21.3
      25.7        8.     1795.      21.3
      13.5        9.     1795.      21.3
      19.5       10.     1795.      21.3
      25.0       11.     1795.      21.3
      18.0       12.     1795.      21.3
      22.0        1.     1796.      16.0
      23.8        2.     1796.      16.0
      15.7        3.     1796.      16.0
      31.7        4.     1796.      16.0
      21.0        5.     1796.      16.0
       6.7        6.     1796.      16.0
      26.9        7.     1796.      16.0
       1.5        8.     1796.      16.0
      18.4        9.     1796.      16.0
      11.0       10.     1796.      16.0
       8.4       11.     1796.      16.0
       5.1       12.     1796.      16.0
      14.4        1.     1797.       6.4
       4.2        2.     1797.       6.4
       4.0        3.     1797.       6.4
       4.0        4.     1797.       6.4
       7.3        5.     1797.       6.4
      11.1        6.     1797.       6.4
       4.3        7.     1797.       6.4
       6.0        8.     1797.       6.4
       5.7        9.     1797.       6.4
       6.9       10.     1797.       6.4
       5.8       11.     1797.       6.4
       3.0       12.     1797.       6.4
       2.0        1.     1798.       4.1
       4.0        2.     1798.       4.1
      12.4        3.     1798.       4.1
       1.1        4.     1798.       4.1
        .0        5.     1798.       4.1
        .0        6.     1798.       4.1
        .0        7.     1798.       4.1
       3.0        8.     1798.       4.1
       2.4        9.     1798.       4.1
       1.5       10.     1798.       4.1
      12.5       11.     1798.       4.1
       9.9       12.     1798.       4.1
       1.6        1.     1799.       6.8
      12.6        2.     1799.       6.8
      21.7        3.     1799.       6.8
       8.4        4.     1799.       6.8
       8.2        5.     1799.       6.8
      10.6        6.     1799.       6.8
       2.1        7.     1799.       6.8
        .0        8.     1799.       6.8
        .0        9.     1799.       6.8
       4.6       10.     1799.       6.8
       2.7       11.     1799.       6.8
       8.6       12.     1799.       6.8
       6.9        1.     1800.      14.5
       9.3        2.     1800.      14.5
      13.9        3.     1800.      14.5
        .0        4.     1800.      14.5
       5.0        5.     1800.      14.5
      23.7        6.     1800.      14.5
      21.0        7.     1800.      14.5
      19.5        8.     1800.      14.5
      11.5        9.     1800.      14.5
      12.3       10.     1800.      14.5
      10.5       11.     1800.      14.5
      40.1       12.     1800.      14.5
      27.0        1.     1801.      34.0
      29.0        2.     1801.      34.0
      30.0        3.     1801.      34.0
      31.0        4.     1801.      34.0
      32.0        5.     1801.      34.0
      31.2        6.     1801.      34.0
      35.0        7.     1801.      34.0
      38.7        8.     1801.      34.0
      33.5        9.     1801.      34.0
      32.6       10.     1801.      34.0
      39.8       11.     1801.      34.0
      48.2       12.     1801.      34.0
      47.8        1.     1802.      45.0
      47.0        2.     1802.      45.0
      40.8        3.     1802.      45.0
      42.0        4.     1802.      45.0
      44.0        5.     1802.      45.0
      46.0        6.     1802.      45.0
      48.0        7.     1802.      45.0
      50.0        8.     1802.      45.0
      51.8        9.     1802.      45.0
      38.5       10.     1802.      45.0
      34.5       11.     1802.      45.0
      50.0       12.     1802.      45.0
      50.0        1.     1803.      43.1
      50.8        2.     1803.      43.1
      29.5        3.     1803.      43.1
      25.0        4.     1803.      43.1
      44.3        5.     1803.      43.1
      36.0        6.     1803.      43.1
      48.3        7.     1803.      43.1
      34.1        8.     1803.      43.1
      45.3        9.     1803.      43.1
      54.3       10.     1803.      43.1
      51.0       11.     1803.      43.1
      48.0       12.     1803.      43.1
      45.3        1.     1804.      47.5
      48.3        2.     1804.      47.5
      48.0        3.     1804.      47.5
      50.6        4.     1804.      47.5
      33.4        5.     1804.      47.5
      34.8        6.     1804.      47.5
      29.8        7.     1804.      47.5
      43.1        8.     1804.      47.5
      53.0        9.     1804.      47.5
      62.3       10.     1804.      47.5
      61.0       11.     1804.      47.5
      60.0       12.     1804.      47.5
      61.0        1.     1805.      42.2
      44.1        2.     1805.      42.2
      51.4        3.     1805.      42.2
      37.5        4.     1805.      42.2
      39.0        5.     1805.      42.2
      40.5        6.     1805.      42.2
      37.6        7.     1805.      42.2
      42.7        8.     1805.      42.2
      44.4        9.     1805.      42.2
      29.4       10.     1805.      42.2
      41.0       11.     1805.      42.2
      38.3       12.     1805.      42.2
      39.0        1.     1806.      28.1
      29.6        2.     1806.      28.1
      32.7        3.     1806.      28.1
      27.7        4.     1806.      28.1
      26.4        5.     1806.      28.1
      25.6        6.     1806.      28.1
      30.0        7.     1806.      28.1
      26.3        8.     1806.      28.1
      24.0        9.     1806.      28.1
      27.0       10.     1806.      28.1
      25.0       11.     1806.      28.1
      24.0       12.     1806.      28.1
      12.0        1.     1807.      10.1
      12.2        2.     1807.      10.1
       9.6        3.     1807.      10.1
      23.8        4.     1807.      10.1
      10.0        5.     1807.      10.1
      12.0        6.     1807.      10.1
      12.7        7.     1807.      10.1
      12.0        8.     1807.      10.1
       5.7        9.     1807.      10.1
       8.0       10.     1807.      10.1
       2.6       11.     1807.      10.1
        .0       12.     1807.      10.1
        .0        1.     1808.       8.1
       4.5        2.     1808.       8.1
        .0        3.     1808.       8.1
      12.3        4.     1808.       8.1
      13.5        5.     1808.       8.1
      13.5        6.     1808.       8.1
       6.7        7.     1808.       8.1
       8.0        8.     1808.       8.1
      11.7        9.     1808.       8.1
       4.7       10.     1808.       8.1
      10.5       11.     1808.       8.1
      12.3       12.     1808.       8.1
       7.2        1.     1809.       2.5
       9.2        2.     1809.       2.5
        .9        3.     1809.       2.5
       2.5        4.     1809.       2.5
       2.0        5.     1809.       2.5
       7.7        6.     1809.       2.5
        .3        7.     1809.       2.5
        .2        8.     1809.       2.5
        .4        9.     1809.       2.5
        .0       10.     1809.       2.5
        .0       11.     1809.       2.5
        .0       12.     1809.       2.5
        .0        1.     1810.        .0
        .0        2.     1810.        .0
        .0        3.     1810.        .0
        .0        4.     1810.        .0
        .0        5.     1810.        .0
        .0        6.     1810.        .0
        .0        7.     1810.        .0
        .0        8.     1810.        .0
        .0        9.     1810.        .0
        .0       10.     1810.        .0
        .0       11.     1810.        .0
        .0       12.     1810.        .0
        .0        1.     1811.       1.4
        .0        2.     1811.       1.4
        .0        3.     1811.       1.4
        .0        4.     1811.       1.4
        .0        5.     1811.       1.4
        .0        6.     1811.       1.4
       6.6        7.     1811.       1.4
        .0        8.     1811.       1.4
       2.4        9.     1811.       1.4
       6.1       10.     1811.       1.4
        .8       11.     1811.       1.4
       1.1       12.     1811.       1.4
      11.3        1.     1812.       5.0
       1.9        2.     1812.       5.0
        .7        3.     1812.       5.0
        .0        4.     1812.       5.0
       1.0        5.     1812.       5.0
       1.3        6.     1812.       5.0
        .5        7.     1812.       5.0
      15.6        8.     1812.       5.0
       5.2        9.     1812.       5.0
       3.9       10.     1812.       5.0
       7.9       11.     1812.       5.0
      10.1       12.     1812.       5.0
        .0        1.     1813.      12.2
      10.3        2.     1813.      12.2
       1.9        3.     1813.      12.2
      16.6        4.     1813.      12.2
       5.5        5.     1813.      12.2
      11.2        6.     1813.      12.2
      18.3        7.     1813.      12.2
       8.4        8.     1813.      12.2
      15.3        9.     1813.      12.2
      27.8       10.     1813.      12.2
      16.7       11.     1813.      12.2
      14.3       12.     1813.      12.2
      22.2        1.     1814.      13.9
      12.0        2.     1814.      13.9
       5.7        3.     1814.      13.9
      23.8        4.     1814.      13.9
       5.8        5.     1814.      13.9
      14.9        6.     1814.      13.9
      18.5        7.     1814.      13.9
       2.3        8.     1814.      13.9
       8.1        9.     1814.      13.9
      19.3       10.     1814.      13.9
      14.5       11.     1814.      13.9
      20.1       12.     1814.      13.9
      19.2        1.     1815.      35.0
      32.2        2.     1815.      35.0
      26.2        3.     1815.      35.0
      31.6        4.     1815.      35.0
       9.8        5.     1815.      35.0
      55.9        6.     1815.      35.0
      35.5        7.     1815.      35.0
      47.2        8.     1815.      35.0
      31.5        9.     1815.      35.0
      33.5       10.     1815.      35.0
      37.2       11.     1815.      35.0
      65.0       12.     1815.      35.0
      26.3        1.     1816.      45.0
      68.8        2.     1816.      45.0
      73.7        3.     1816.      45.0
      58.8        4.     1816.      45.0
      44.3        5.     1816.      45.0
      43.6        6.     1816.      45.0
      38.8        7.     1816.      45.0
      23.2        8.     1816.      45.0
      47.8        9.     1816.      45.0
      56.4       10.     1816.      45.0
      38.1       11.     1816.      45.0
      29.9       12.     1816.      45.0
      36.4        1.     1817.      41.1
      57.9        2.     1817.      41.1
      96.2        3.     1817.      41.1
      26.4        4.     1817.      41.1
      21.2        5.     1817.      41.1
      40.0        6.     1817.      41.1
      50.0        7.     1817.      41.1
      45.0        8.     1817.      41.1
      36.7        9.     1817.      41.1
      25.6       10.     1817.      41.1
      28.9       11.     1817.      41.1
      28.4       12.     1817.      41.1
      34.9        1.     1818.      30.4
      22.4        2.     1818.      30.4
      29.7        3.     1818.      30.4
      34.5        4.     1818.      30.4
      53.1        5.     1818.      30.4
      36.4        6.     1818.      30.4
      28.0        7.     1818.      30.4
      31.5        8.     1818.      30.4
      26.1        9.     1818.      30.4
      31.7       10.     1818.      30.4
      10.9       11.     1818.      30.4
      25.8       12.     1818.      30.4
      32.5        1.     1819.      23.9
      20.7        2.     1819.      23.9
       3.7        3.     1819.      23.9
      20.2        4.     1819.      23.9
      19.6        5.     1819.      23.9
      35.0        6.     1819.      23.9
      31.4        7.     1819.      23.9
      26.1        8.     1819.      23.9
      14.9        9.     1819.      23.9
      27.5       10.     1819.      23.9
      25.1       11.     1819.      23.9
      30.6       12.     1819.      23.9
      19.2        1.     1820.      15.7
      26.6        2.     1820.      15.7
       4.5        3.     1820.      15.7
      19.4        4.     1820.      15.7
      29.3        5.     1820.      15.7
      10.8        6.     1820.      15.7
      20.6        7.     1820.      15.7
      25.9        8.     1820.      15.7
       5.2        9.     1820.      15.7
       9.0       10.     1820.      15.7
       7.9       11.     1820.      15.7
       9.7       12.     1820.      15.7
      21.5        1.     1821.       6.6
       4.3        2.     1821.       6.6
       5.7        3.     1821.       6.6
       9.2        4.     1821.       6.6
       1.7        5.     1821.       6.6
       1.8        6.     1821.       6.6
       2.5        7.     1821.       6.6
       4.8        8.     1821.       6.6
       4.4        9.     1821.       6.6
      18.8       10.     1821.       6.6
       4.4       11.     1821.       6.6
        .0       12.     1821.       6.6
        .0        1.     1822.       4.0
        .9        2.     1822.       4.0
      16.1        3.     1822.       4.0
      13.5        4.     1822.       4.0
       1.5        5.     1822.       4.0
       5.6        6.     1822.       4.0
       7.9        7.     1822.       4.0
       2.1        8.     1822.       4.0
        .0        9.     1822.       4.0
        .4       10.     1822.       4.0
        .0       11.     1822.       4.0
        .0       12.     1822.       4.0
        .0        1.     1823.       1.8
        .0        2.     1823.       1.8
        .6        3.     1823.       1.8
        .0        4.     1823.       1.8
        .0        5.     1823.       1.8
        .0        6.     1823.       1.8
        .5        7.     1823.       1.8
        .0        8.     1823.       1.8
        .0        9.     1823.       1.8
        .0       10.     1823.       1.8
        .0       11.     1823.       1.8
      20.4       12.     1823.       1.8
      21.6        1.     1824.       8.5
      10.8        2.     1824.       8.5
        .0        3.     1824.       8.5
      19.4        4.     1824.       8.5
      28.8        5.     1824.       8.5
        .0        6.     1824.       8.5
        .0        7.     1824.       8.5
       1.4        8.     1824.       8.5
      20.5        9.     1824.       8.5
      25.2       10.     1824.       8.5
        .0       11.     1824.       8.5
        .8       12.     1824.       8.5
       5.0        1.     1825.      16.6
      15.5        2.     1825.      16.6
      22.4        3.     1825.      16.6
       3.8        4.     1825.      16.6
      15.4        5.     1825.      16.6
      15.4        6.     1825.      16.6
      30.9        7.     1825.      16.6
      25.4        8.     1825.      16.6
      15.7        9.     1825.      16.6
      15.6       10.     1825.      16.6
      11.7       11.     1825.      16.6
      22.0       12.     1825.      16.6
      17.7        1.     1826.      36.3
      18.2        2.     1826.      36.3
      36.7        3.     1826.      36.3
      24.0        4.     1826.      36.3
      32.4        5.     1826.      36.3
      37.1        6.     1826.      36.3
      52.5        7.     1826.      36.3
      39.6        8.     1826.      36.3
      18.9        9.     1826.      36.3
      50.6       10.     1826.      36.3
      39.5       11.     1826.      36.3
      68.1       12.     1826.      36.3
      34.6        1.     1827.      49.7
      47.4        2.     1827.      49.7
      57.8        3.     1827.      49.7
      46.0        4.     1827.      49.7
      56.3        5.     1827.      49.7
      56.7        6.     1827.      49.7
      42.9        7.     1827.      49.7
      53.7        8.     1827.      49.7
      49.6        9.     1827.      49.7
      57.2       10.     1827.      49.7
      48.2       11.     1827.      49.7
      46.1       12.     1827.      49.7
      52.8        1.     1828.      62.5
      64.4        2.     1828.      62.5
      65.0        3.     1828.      62.5
      61.1        4.     1828.      62.5
      89.1        5.     1828.      62.5
      98.0        6.     1828.      62.5
      54.3        7.     1828.      62.5
      76.4        8.     1828.      62.5
      50.4        9.     1828.      62.5
      34.7       10.     1828.      62.5
      57.0       11.     1828.      62.5
      46.9       12.     1828.      62.5
      43.0        1.     1829.      67.0
      49.4        2.     1829.      67.0
      72.3        3.     1829.      67.0
      95.0        4.     1829.      67.0
      67.5        5.     1829.      67.0
      73.9        6.     1829.      67.0
      90.8        7.     1829.      67.0
      78.3        8.     1829.      67.0
      52.8        9.     1829.      67.0
      57.2       10.     1829.      67.0
      67.6       11.     1829.      67.0
      56.5       12.     1829.      67.0
      52.2        1.     1830.      71.0
      72.1        2.     1830.      71.0
      84.6        3.     1830.      71.0
     107.1        4.     1830.      71.0
      66.3        5.     1830.      71.0
      65.1        6.     1830.      71.0
      43.9        7.     1830.      71.0
      50.7        8.     1830.      71.0
      62.1        9.     1830.      71.0
      84.4       10.     1830.      71.0
      81.2       11.     1830.      71.0
      82.1       12.     1830.      71.0
      47.5        1.     1831.      47.8
      50.1        2.     1831.      47.8
      93.4        3.     1831.      47.8
      54.6        4.     1831.      47.8
      38.1        5.     1831.      47.8
      33.4        6.     1831.      47.8
      45.2        7.     1831.      47.8
      54.9        8.     1831.      47.8
      37.9        9.     1831.      47.8
      46.2       10.     1831.      47.8
      43.5       11.     1831.      47.8
      28.9       12.     1831.      47.8
      30.9        1.     1832.      27.5
      55.5        2.     1832.      27.5
      55.1        3.     1832.      27.5
      26.9        4.     1832.      27.5
      41.3        5.     1832.      27.5
      26.7        6.     1832.      27.5
      13.9        7.     1832.      27.5
       8.9        8.     1832.      27.5
       8.2        9.     1832.      27.5
      21.1       10.     1832.      27.5
      14.3       11.     1832.      27.5
      27.5       12.     1832.      27.5
      11.3        1.     1833.       8.5
      14.9        2.     1833.       8.5
      11.8        3.     1833.       8.5
       2.8        4.     1833.       8.5
      12.9        5.     1833.       8.5
       1.0        6.     1833.       8.5
       7.0        7.     1833.       8.5
       5.7        8.     1833.       8.5
      11.6        9.     1833.       8.5
       7.5       10.     1833.       8.5
       5.9       11.     1833.       8.5
       9.9       12.     1833.       8.5
       4.9        1.     1834.      13.2
      18.1        2.     1834.      13.2
       3.9        3.     1834.      13.2
       1.4        4.     1834.      13.2
       8.8        5.     1834.      13.2
       7.8        6.     1834.      13.2
       8.7        7.     1834.      13.2
       4.0        8.     1834.      13.2
      11.5        9.     1834.      13.2
      24.8       10.     1834.      13.2
      30.5       11.     1834.      13.2
      34.5       12.     1834.      13.2
       7.5        1.     1835.      56.9
      24.5        2.     1835.      56.9
      19.7        3.     1835.      56.9
      61.5        4.     1835.      56.9
      43.6        5.     1835.      56.9
      33.2        6.     1835.      56.9
      59.8        7.     1835.      56.9
      59.0        8.     1835.      56.9
     100.8        9.     1835.      56.9
      95.2       10.     1835.      56.9
     100.0       11.     1835.      56.9
      77.5       12.     1835.      56.9
      88.6        1.     1836.     121.5
     107.6        2.     1836.     121.5
      98.1        3.     1836.     121.5
     142.9        4.     1836.     121.5
     111.4        5.     1836.     121.5
     124.7        6.     1836.     121.5
     116.7        7.     1836.     121.5
     107.8        8.     1836.     121.5
      95.1        9.     1836.     121.5
     137.4       10.     1836.     121.5
     120.9       11.     1836.     121.5
     206.2       12.     1836.     121.5
     188.0        1.     1837.     138.3
     175.6        2.     1837.     138.3
     134.6        3.     1837.     138.3
     138.2        4.     1837.     138.3
     111.3        5.     1837.     138.3
     158.0        6.     1837.     138.3
     162.8        7.     1837.     138.3
     134.0        8.     1837.     138.3
      96.3        9.     1837.     138.3
     123.7       10.     1837.     138.3
     107.0       11.     1837.     138.3
     129.8       12.     1837.     138.3
     144.9        1.     1838.     103.2
      84.8        2.     1838.     103.2
     140.8        3.     1838.     103.2
     126.6        4.     1838.     103.2
     137.6        5.     1838.     103.2
      94.5        6.     1838.     103.2
     108.2        7.     1838.     103.2
      78.8        8.     1838.     103.2
      73.6        9.     1838.     103.2
      90.8       10.     1838.     103.2
      77.4       11.     1838.     103.2
      79.8       12.     1838.     103.2
     107.6        1.     1839.      85.8
     102.5        2.     1839.      85.8
      77.7        3.     1839.      85.8
      61.8        4.     1839.      85.8
      53.8        5.     1839.      85.8
      54.6        6.     1839.      85.8
      84.7        7.     1839.      85.8
     131.2        8.     1839.      85.8
     132.7        9.     1839.      85.8
      90.8       10.     1839.      85.8
      68.8       11.     1839.      85.8
      63.6       12.     1839.      85.8
      81.2        1.     1840.      63.2
      87.7        2.     1840.      63.2
      55.5        3.     1840.      63.2
      65.9        4.     1840.      63.2
      69.2        5.     1840.      63.2
      48.5        6.     1840.      63.2
      60.7        7.     1840.      63.2
      57.8        8.     1840.      63.2
      74.0        9.     1840.      63.2
      49.8       10.     1840.      63.2
      54.3       11.     1840.      63.2
      53.7       12.     1840.      63.2
      24.0        1.     1841.      36.8
      29.9        2.     1841.      36.8
      29.7        3.     1841.      36.8
      42.6        4.     1841.      36.8
      67.4        5.     1841.      36.8
      55.7        6.     1841.      36.8
      30.8        7.     1841.      36.8
      39.3        8.     1841.      36.8
      35.1        9.     1841.      36.8
      28.5       10.     1841.      36.8
      19.8       11.     1841.      36.8
      38.8       12.     1841.      36.8
      20.4        1.     1842.      24.2
      22.1        2.     1842.      24.2
      21.7        3.     1842.      24.2
      26.9        4.     1842.      24.2
      24.9        5.     1842.      24.2
      20.5        6.     1842.      24.2
      12.6        7.     1842.      24.2
      26.5        8.     1842.      24.2
      18.5        9.     1842.      24.2
      38.1       10.     1842.      24.2
      40.5       11.     1842.      24.2
      17.6       12.     1842.      24.2
      13.3        1.     1843.      10.7
       3.5        2.     1843.      10.7
       8.3        3.     1843.      10.7
       8.8        4.     1843.      10.7
      21.1        5.     1843.      10.7
      10.5        6.     1843.      10.7
       9.5        7.     1843.      10.7
      11.8        8.     1843.      10.7
       4.2        9.     1843.      10.7
       5.3       10.     1843.      10.7
      19.1       11.     1843.      10.7
      12.7       12.     1843.      10.7
       9.4        1.     1844.      15.0
      14.7        2.     1844.      15.0
      13.6        3.     1844.      15.0
      20.8        4.     1844.      15.0
      12.0        5.     1844.      15.0
       3.7        6.     1844.      15.0
      21.2        7.     1844.      15.0
      23.9        8.     1844.      15.0
       6.9        9.     1844.      15.0
      21.5       10.     1844.      15.0
      10.7       11.     1844.      15.0
      21.6       12.     1844.      15.0
      25.7        1.     1845.      40.1
      43.6        2.     1845.      40.1
      43.3        3.     1845.      40.1
      56.9        4.     1845.      40.1
      47.8        5.     1845.      40.1
      31.1        6.     1845.      40.1
      30.6        7.     1845.      40.1
      32.3        8.     1845.      40.1
      29.6        9.     1845.      40.1
      40.7       10.     1845.      40.1
      39.4       11.     1845.      40.1
      59.7       12.     1845.      40.1
      38.7        1.     1846.      61.5
      51.0        2.     1846.      61.5
      63.9        3.     1846.      61.5
      69.2        4.     1846.      61.5
      59.9        5.     1846.      61.5
      65.1        6.     1846.      61.5
      46.5        7.     1846.      61.5
      54.8        8.     1846.      61.5
     107.1        9.     1846.      61.5
      55.9       10.     1846.      61.5
      60.4       11.     1846.      61.5
      65.5       12.     1846.      61.5
      62.6        1.     1847.      98.5
      44.9        2.     1847.      98.5
      85.7        3.     1847.      98.5
      44.7        4.     1847.      98.5
      75.4        5.     1847.      98.5
      85.3        6.     1847.      98.5
      52.2        7.     1847.      98.5
     140.6        8.     1847.      98.5
     161.2        9.     1847.      98.5
     180.4       10.     1847.      98.5
     138.9       11.     1847.      98.5
     109.6       12.     1847.      98.5
     159.1        1.     1848.     124.0
     111.8        2.     1848.     124.0
     108.9        3.     1848.     124.0
     107.1        4.     1848.     124.0
     102.2        5.     1848.     124.0
     123.8        6.     1848.     124.0
     139.2        7.     1848.     124.0
     132.5        8.     1848.     124.0
     100.3        9.     1848.     124.0
     132.4       10.     1848.     124.0
     114.6       11.     1848.     124.0
     159.9       12.     1848.     124.0
     156.7        1.     1849.      95.9
     131.7        2.     1849.      95.9
      96.5        3.     1849.      95.9
     102.5        4.     1849.      95.9
      80.6        5.     1849.      95.9
      81.2        6.     1849.      95.9
      78.0        7.     1849.      95.9
      61.3        8.     1849.      95.9
      93.7        9.     1849.      95.9
      71.5       10.     1849.      95.9
      99.7       11.     1849.      95.9
      97.0       12.     1849.      95.9
      78.0        1.     1850.      66.5
      89.4        2.     1850.      66.5
      82.6        3.     1850.      66.5
      44.1        4.     1850.      66.5
      61.6        5.     1850.      66.5
      70.0        6.     1850.      66.5
      39.1        7.     1850.      66.5
      61.6        8.     1850.      66.5
      86.2        9.     1850.      66.5
      71.0       10.     1850.      66.5
      54.8       11.     1850.      66.5
      60.0       12.     1850.      66.5
      75.5        1.     1851.      64.5
     105.4        2.     1851.      64.5
      64.6        3.     1851.      64.5
      56.5        4.     1851.      64.5
      62.6        5.     1851.      64.5
      63.2        6.     1851.      64.5
      36.1        7.     1851.      64.5
      57.4        8.     1851.      64.5
      67.9        9.     1851.      64.5
      62.5       10.     1851.      64.5
      50.9       11.     1851.      64.5
      71.4       12.     1851.      64.5
      68.4        1.     1852.      54.2
      67.5        2.     1852.      54.2
      61.2        3.     1852.      54.2
      65.4        4.     1852.      54.2
      54.9        5.     1852.      54.2
      46.9        6.     1852.      54.2
      42.0        7.     1852.      54.2
      39.7        8.     1852.      54.2
      37.5        9.     1852.      54.2
      67.3       10.     1852.      54.2
      54.3       11.     1852.      54.2
      45.4       12.     1852.      54.2
      41.1        1.     1853.      39.0
      42.9        2.     1853.      39.0
      37.7        3.     1853.      39.0
      47.6        4.     1853.      39.0
      34.7        5.     1853.      39.0
      40.0        6.     1853.      39.0
      45.9        7.     1853.      39.0
      50.4        8.     1853.      39.0
      33.5        9.     1853.      39.0
      42.3       10.     1853.      39.0
      28.8       11.     1853.      39.0
      23.4       12.     1853.      39.0
      15.4        1.     1854.      20.6
      20.0        2.     1854.      20.6
      20.7        3.     1854.      20.6
      26.4        4.     1854.      20.6
      24.0        5.     1854.      20.6
      21.1        6.     1854.      20.6
      18.7        7.     1854.      20.6
      15.8        8.     1854.      20.6
      22.4        9.     1854.      20.6
      12.7       10.     1854.      20.6
      28.2       11.     1854.      20.6
      21.4       12.     1854.      20.6
      12.3        1.     1855.       6.7
      11.4        2.     1855.       6.7
      17.4        3.     1855.       6.7
       4.4        4.     1855.       6.7
       9.1        5.     1855.       6.7
       5.3        6.     1855.       6.7
        .4        7.     1855.       6.7
       3.1        8.     1855.       6.7
        .0        9.     1855.       6.7
       9.7       10.     1855.       6.7
       4.2       11.     1855.       6.7
       3.1       12.     1855.       6.7
        .5        1.     1856.       4.3
       4.9        2.     1856.       4.3
        .4        3.     1856.       4.3
       6.5        4.     1856.       4.3
        .0        5.     1856.       4.3
       5.0        6.     1856.       4.3
       4.6        7.     1856.       4.3
       5.9        8.     1856.       4.3
       4.4        9.     1856.       4.3
       4.5       10.     1856.       4.3
       7.7       11.     1856.       4.3
       7.2       12.     1856.       4.3
      13.7        1.     1857.      22.8
       7.4        2.     1857.      22.8
       5.2        3.     1857.      22.8
      11.1        4.     1857.      22.8
      29.2        5.     1857.      22.8
      16.0        6.     1857.      22.8
      22.2        7.     1857.      22.8
      16.9        8.     1857.      22.8
      42.4        9.     1857.      22.8
      40.6       10.     1857.      22.8
      31.4       11.     1857.      22.8
      37.2       12.     1857.      22.8
      39.0        1.     1858.      54.8
      34.9        2.     1858.      54.8
      57.5        3.     1858.      54.8
      38.3        4.     1858.      54.8
      41.4        5.     1858.      54.8
      44.5        6.     1858.      54.8
      56.7        7.     1858.      54.8
      55.3        8.     1858.      54.8
      80.1        9.     1858.      54.8
      91.2       10.     1858.      54.8
      51.9       11.     1858.      54.8
      66.9       12.     1858.      54.8
      83.7        1.     1859.      93.8
      87.6        2.     1859.      93.8
      90.3        3.     1859.      93.8
      85.7        4.     1859.      93.8
      91.0        5.     1859.      93.8
      87.1        6.     1859.      93.8
      95.2        7.     1859.      93.8
     106.8        8.     1859.      93.8
     105.8        9.     1859.      93.8
     114.6       10.     1859.      93.8
      97.2       11.     1859.      93.8
      81.0       12.     1859.      93.8
      81.5        1.     1860.      95.7
      88.0        2.     1860.      95.7
      98.9        3.     1860.      95.7
      71.4        4.     1860.      95.7
     107.1        5.     1860.      95.7
     108.6        6.     1860.      95.7
     116.7        7.     1860.      95.7
     100.3        8.     1860.      95.7
      92.2        9.     1860.      95.7
      90.1       10.     1860.      95.7
      97.9       11.     1860.      95.7
      95.6       12.     1860.      95.7
      62.3        1.     1861.      77.2
      77.8        2.     1861.      77.2
     101.0        3.     1861.      77.2
      98.5        4.     1861.      77.2
      56.8        5.     1861.      77.2
      87.8        6.     1861.      77.2
      78.0        7.     1861.      77.2
      82.5        8.     1861.      77.2
      79.9        9.     1861.      77.2
      67.2       10.     1861.      77.2
      53.7       11.     1861.      77.2
      80.5       12.     1861.      77.2
      63.1        1.     1862.      59.1
      64.5        2.     1862.      59.1
      43.6        3.     1862.      59.1
      53.7        4.     1862.      59.1
      64.4        5.     1862.      59.1
      84.0        6.     1862.      59.1
      73.4        7.     1862.      59.1
      62.5        8.     1862.      59.1
      66.6        9.     1862.      59.1
      42.0       10.     1862.      59.1
      50.6       11.     1862.      59.1
      40.9       12.     1862.      59.1
      48.3        1.     1863.      44.0
      56.7        2.     1863.      44.0
      66.4        3.     1863.      44.0
      40.6        4.     1863.      44.0
      53.8        5.     1863.      44.0
      40.8        6.     1863.      44.0
      32.7        7.     1863.      44.0
      48.1        8.     1863.      44.0
      22.0        9.     1863.      44.0
      39.9       10.     1863.      44.0
      37.7       11.     1863.      44.0
      41.2       12.     1863.      44.0
      57.7        1.     1864.      47.0
      47.1        2.     1864.      47.0
      66.3        3.     1864.      47.0
      35.8        4.     1864.      47.0
      40.6        5.     1864.      47.0
      57.8        6.     1864.      47.0
      54.7        7.     1864.      47.0
      54.8        8.     1864.      47.0
      28.5        9.     1864.      47.0
      33.9       10.     1864.      47.0
      57.6       11.     1864.      47.0
      28.6       12.     1864.      47.0
      48.7        1.     1865.      30.5
      39.3        2.     1865.      30.5
      39.5        3.     1865.      30.5
      29.4        4.     1865.      30.5
      34.5        5.     1865.      30.5
      33.6        6.     1865.      30.5
      26.8        7.     1865.      30.5
      37.8        8.     1865.      30.5
      21.6        9.     1865.      30.5
      17.1       10.     1865.      30.5
      24.6       11.     1865.      30.5
      12.8       12.     1865.      30.5
      31.6        1.     1866.      16.3
      38.4        2.     1866.      16.3
      24.6        3.     1866.      16.3
      17.6        4.     1866.      16.3
      12.9        5.     1866.      16.3
      16.5        6.     1866.      16.3
       9.3        7.     1866.      16.3
      12.7        8.     1866.      16.3
       7.3        9.     1866.      16.3
      14.1       10.     1866.      16.3
       9.0       11.     1866.      16.3
       1.5       12.     1866.      16.3
        .0        1.     1867.       7.3
        .7        2.     1867.       7.3
       9.2        3.     1867.       7.3
       5.1        4.     1867.       7.3
       2.9        5.     1867.       7.3
       1.5        6.     1867.       7.3
       5.0        7.     1867.       7.3
       4.9        8.     1867.       7.3
       9.8        9.     1867.       7.3
      13.5       10.     1867.       7.3
       9.3       11.     1867.       7.3
      25.2       12.     1867.       7.3
      15.6        1.     1868.      37.3
      15.8        2.     1868.      37.3
      26.5        3.     1868.      37.3
      36.6        4.     1868.      37.3
      26.7        5.     1868.      37.3
      31.1        6.     1868.      37.3
      28.6        7.     1868.      37.3
      34.4        8.     1868.      37.3
      43.8        9.     1868.      37.3
      61.7       10.     1868.      37.3
      59.1       11.     1868.      37.3
      67.6       12.     1868.      37.3
      60.9        1.     1869.      73.9
      59.3        2.     1869.      73.9
      52.7        3.     1869.      73.9
      41.0        4.     1869.      73.9
     104.0        5.     1869.      73.9
     108.4        6.     1869.      73.9
      59.2        7.     1869.      73.9
      79.6        8.     1869.      73.9
      80.6        9.     1869.      73.9
      59.4       10.     1869.      73.9
      77.4       11.     1869.      73.9
     104.3       12.     1869.      73.9
      77.3        1.     1870.     139.1
     114.9        2.     1870.     139.1
     159.4        3.     1870.     139.1
     160.0        4.     1870.     139.1
     176.0        5.     1870.     139.1
     135.6        6.     1870.     139.1
     132.4        7.     1870.     139.1
     153.8        8.     1870.     139.1
     136.0        9.     1870.     139.1
     146.4       10.     1870.     139.1
     147.5       11.     1870.     139.1
     130.0       12.     1870.     139.1
      88.3        1.     1871.     111.2
     125.3        2.     1871.     111.2
     143.2        3.     1871.     111.2
     162.4        4.     1871.     111.2
     145.5        5.     1871.     111.2
      91.7        6.     1871.     111.2
     103.0        7.     1871.     111.2
     110.0        8.     1871.     111.2
      80.3        9.     1871.     111.2
      89.0       10.     1871.     111.2
     105.4       11.     1871.     111.2
      90.3       12.     1871.     111.2
      79.5        1.     1872.     101.7
     120.1        2.     1872.     101.7
      88.4        3.     1872.     101.7
     102.1        4.     1872.     101.7
     107.6        5.     1872.     101.7
     109.9        6.     1872.     101.7
     105.5        7.     1872.     101.7
      92.9        8.     1872.     101.7
     114.6        9.     1872.     101.7
     103.5       10.     1872.     101.7
     112.0       11.     1872.     101.7
      83.9       12.     1872.     101.7
      86.7        1.     1873.      66.3
     107.0        2.     1873.      66.3
      98.3        3.     1873.      66.3
      76.2        4.     1873.      66.3
      47.9        5.     1873.      66.3
      44.8        6.     1873.      66.3
      66.9        7.     1873.      66.3
      68.2        8.     1873.      66.3
      47.5        9.     1873.      66.3
      47.4       10.     1873.      66.3
      55.4       11.     1873.      66.3
      49.2       12.     1873.      66.3
      60.8        1.     1874.      44.7
      64.2        2.     1874.      44.7
      46.4        3.     1874.      44.7
      32.0        4.     1874.      44.7
      44.6        5.     1874.      44.7
      38.2        6.     1874.      44.7
      67.8        7.     1874.      44.7
      61.3        8.     1874.      44.7
      28.0        9.     1874.      44.7
      34.3       10.     1874.      44.7
      28.9       11.     1874.      44.7
      29.3       12.     1874.      44.7
      14.6        1.     1875.      17.1
      22.2        2.     1875.      17.1
      33.8        3.     1875.      17.1
      29.1        4.     1875.      17.1
      11.5        5.     1875.      17.1
      23.9        6.     1875.      17.1
      12.5        7.     1875.      17.1
      14.6        8.     1875.      17.1
       2.4        9.     1875.      17.1
      12.7       10.     1875.      17.1
      17.7       11.     1875.      17.1
       9.9       12.     1875.      17.1
      14.3        1.     1876.      11.3
      15.0        2.     1876.      11.3
      31.2        3.     1876.      11.3
       2.3        4.     1876.      11.3
       5.1        5.     1876.      11.3
       1.6        6.     1876.      11.3
      15.2        7.     1876.      11.3
       8.8        8.     1876.      11.3
       9.9        9.     1876.      11.3
      14.3       10.     1876.      11.3
       9.9       11.     1876.      11.3
       8.2       12.     1876.      11.3
      24.4        1.     1877.      12.3
       8.7        2.     1877.      12.3
      11.7        3.     1877.      12.3
      15.8        4.     1877.      12.3
      21.2        5.     1877.      12.3
      13.4        6.     1877.      12.3
       5.9        7.     1877.      12.3
       6.3        8.     1877.      12.3
      16.4        9.     1877.      12.3
       6.7       10.     1877.      12.3
      14.5       11.     1877.      12.3
       2.3       12.     1877.      12.3
       3.3        1.     1878.       3.4
       6.0        2.     1878.       3.4
       7.8        3.     1878.       3.4
        .1        4.     1878.       3.4
       5.8        5.     1878.       3.4
       6.4        6.     1878.       3.4
        .1        7.     1878.       3.4
        .0        8.     1878.       3.4
       5.3        9.     1878.       3.4
       1.1       10.     1878.       3.4
       4.1       11.     1878.       3.4
        .5       12.     1878.       3.4
        .8        1.     1879.       6.0
        .6        2.     1879.       6.0
        .0        3.     1879.       6.0
       6.2        4.     1879.       6.0
       2.4        5.     1879.       6.0
       4.8        6.     1879.       6.0
       7.5        7.     1879.       6.0
      10.7        8.     1879.       6.0
       6.1        9.     1879.       6.0
      12.3       10.     1879.       6.0
      12.9       11.     1879.       6.0
       7.2       12.     1879.       6.0
      24.0        1.     1880.      32.3
      27.5        2.     1880.      32.3
      19.5        3.     1880.      32.3
      19.3        4.     1880.      32.3
      23.5        5.     1880.      32.3
      34.1        6.     1880.      32.3
      21.9        7.     1880.      32.3
      48.1        8.     1880.      32.3
      66.0        9.     1880.      32.3
      43.0       10.     1880.      32.3
      30.7       11.     1880.      32.3
      29.6       12.     1880.      32.3
      36.4        1.     1881.      54.3
      53.2        2.     1881.      54.3
      51.5        3.     1881.      54.3
      51.7        4.     1881.      54.3
      43.5        5.     1881.      54.3
      60.5        6.     1881.      54.3
      76.9        7.     1881.      54.3
      58.0        8.     1881.      54.3
      53.2        9.     1881.      54.3
      64.0       10.     1881.      54.3
      54.8       11.     1881.      54.3
      47.3       12.     1881.      54.3
      45.0        1.     1882.      59.7
      69.3        2.     1882.      59.7
      67.5        3.     1882.      59.7
      95.8        4.     1882.      59.7
      64.1        5.     1882.      59.7
      45.2        6.     1882.      59.7
      45.4        7.     1882.      59.7
      40.4        8.     1882.      59.7
      57.7        9.     1882.      59.7
      59.2       10.     1882.      59.7
      84.4       11.     1882.      59.7
      41.8       12.     1882.      59.7
      60.6        1.     1883.      63.7
      46.9        2.     1883.      63.7
      42.8        3.     1883.      63.7
      82.1        4.     1883.      63.7
      32.1        5.     1883.      63.7
      76.5        6.     1883.      63.7
      80.6        7.     1883.      63.7
      46.0        8.     1883.      63.7
      52.6        9.     1883.      63.7
      83.8       10.     1883.      63.7
      84.5       11.     1883.      63.7
      75.9       12.     1883.      63.7
      94.5        1.     1884.      63.5
      86.9        2.     1884.      63.5
      86.8        3.     1884.      63.5
      76.1        4.     1884.      63.5
      66.5        5.     1884.      63.5
      51.2        6.     1884.      63.5
      53.1        7.     1884.      63.5
      55.8        8.     1884.      63.5
      61.9        9.     1884.      63.5
      47.8       10.     1884.      63.5
      36.6       11.     1884.      63.5
      47.2       12.     1884.      63.5
      42.8        1.     1885.      52.2
      71.8        2.     1885.      52.2
      49.8        3.     1885.      52.2
      55.0        4.     1885.      52.2
      73.0        5.     1885.      52.2
      83.7        6.     1885.      52.2
      66.5        7.     1885.      52.2
      50.0        8.     1885.      52.2
      39.6        9.     1885.      52.2
      38.7       10.     1885.      52.2
      33.3       11.     1885.      52.2
      21.7       12.     1885.      52.2
      29.9        1.     1886.      25.4
      25.9        2.     1886.      25.4
      57.3        3.     1886.      25.4
      43.7        4.     1886.      25.4
      30.7        5.     1886.      25.4
      27.1        6.     1886.      25.4
      30.3        7.     1886.      25.4
      16.9        8.     1886.      25.4
      21.4        9.     1886.      25.4
       8.6       10.     1886.      25.4
        .3       11.     1886.      25.4
      12.4       12.     1886.      25.4
      10.3        1.     1887.      13.1
      13.2        2.     1887.      13.1
       4.2        3.     1887.      13.1
       6.9        4.     1887.      13.1
      20.0        5.     1887.      13.1
      15.7        6.     1887.      13.1
      23.3        7.     1887.      13.1
      21.4        8.     1887.      13.1
       7.4        9.     1887.      13.1
       6.6       10.     1887.      13.1
       6.9       11.     1887.      13.1
      20.7       12.     1887.      13.1
      12.7        1.     1888.       6.8
       7.1        2.     1888.       6.8
       7.8        3.     1888.       6.8
       5.1        4.     1888.       6.8
       7.0        5.     1888.       6.8
       7.1        6.     1888.       6.8
       3.1        7.     1888.       6.8
       2.8        8.     1888.       6.8
       8.8        9.     1888.       6.8
       2.1       10.     1888.       6.8
      10.7       11.     1888.       6.8
       6.7       12.     1888.       6.8
        .8        1.     1889.       6.3
       8.5        2.     1889.       6.3
       7.0        3.     1889.       6.3
       4.3        4.     1889.       6.3
       2.4        5.     1889.       6.3
       6.4        6.     1889.       6.3
       9.7        7.     1889.       6.3
      20.6        8.     1889.       6.3
       6.5        9.     1889.       6.3
       2.1       10.     1889.       6.3
        .2       11.     1889.       6.3
       6.7       12.     1889.       6.3
       5.3        1.     1890.       7.1
        .6        2.     1890.       7.1
       5.1        3.     1890.       7.1
       1.6        4.     1890.       7.1
       4.8        5.     1890.       7.1
       1.3        6.     1890.       7.1
      11.6        7.     1890.       7.1
       8.5        8.     1890.       7.1
      17.2        9.     1890.       7.1
      11.2       10.     1890.       7.1
       9.6       11.     1890.       7.1
       7.8       12.     1890.       7.1
      13.5        1.     1891.      35.6
      22.2        2.     1891.      35.6
      10.4        3.     1891.      35.6
      20.5        4.     1891.      35.6
      41.1        5.     1891.      35.6
      48.3        6.     1891.      35.6
      58.8        7.     1891.      35.6
      33.2        8.     1891.      35.6
      53.8        9.     1891.      35.6
      51.5       10.     1891.      35.6
      41.9       11.     1891.      35.6
      32.2       12.     1891.      35.6
      69.1        1.     1892.      73.0
      75.6        2.     1892.      73.0
      49.9        3.     1892.      73.0
      69.6        4.     1892.      73.0
      79.6        5.     1892.      73.0
      76.3        6.     1892.      73.0
      76.8        7.     1892.      73.0
     101.4        8.     1892.      73.0
      62.8        9.     1892.      73.0
      70.5       10.     1892.      73.0
      65.4       11.     1892.      73.0
      78.6       12.     1892.      73.0
      75.0        1.     1893.      84.0
      73.0        2.     1893.      84.0
      65.7        3.     1893.      84.0
      88.1        4.     1893.      84.0
      84.7        5.     1893.      84.0
      88.2        6.     1893.      84.0
      88.8        7.     1893.      84.0
     129.2        8.     1893.      84.0
      77.9        9.     1893.      84.0
      79.7       10.     1893.      84.0
      75.1       11.     1893.      84.0
      93.8       12.     1893.      84.0
      83.2        1.     1894.      78.0
      84.6        2.     1894.      78.0
      52.3        3.     1894.      78.0
      81.6        4.     1894.      78.0
     101.2        5.     1894.      78.0
      98.9        6.     1894.      78.0
     106.0        7.     1894.      78.0
      70.3        8.     1894.      78.0
      65.9        9.     1894.      78.0
      75.5       10.     1894.      78.0
      56.6       11.     1894.      78.0
      60.0       12.     1894.      78.0
      63.3        1.     1895.      64.0
      67.2        2.     1895.      64.0
      61.0        3.     1895.      64.0
      76.9        4.     1895.      64.0
      67.5        5.     1895.      64.0
      71.5        6.     1895.      64.0
      47.8        7.     1895.      64.0
      68.9        8.     1895.      64.0
      57.7        9.     1895.      64.0
      67.9       10.     1895.      64.0
      47.2       11.     1895.      64.0
      70.7       12.     1895.      64.0
      29.0        1.     1896.      41.8
      57.4        2.     1896.      41.8
      52.0        3.     1896.      41.8
      43.8        4.     1896.      41.8
      27.7        5.     1896.      41.8
      49.0        6.     1896.      41.8
      45.0        7.     1896.      41.8
      27.2        8.     1896.      41.8
      61.3        9.     1896.      41.8
      28.4       10.     1896.      41.8
      38.0       11.     1896.      41.8
      42.6       12.     1896.      41.8
      40.6        1.     1897.      26.2
      29.4        2.     1897.      26.2
      29.1        3.     1897.      26.2
      31.0        4.     1897.      26.2
      20.0        5.     1897.      26.2
      11.3        6.     1897.      26.2
      27.6        7.     1897.      26.2
      21.8        8.     1897.      26.2
      48.1        9.     1897.      26.2
      14.3       10.     1897.      26.2
       8.4       11.     1897.      26.2
      33.3       12.     1897.      26.2
      30.2        1.     1898.      26.7
      36.4        2.     1898.      26.7
      38.3        3.     1898.      26.7
      14.5        4.     1898.      26.7
      25.8        5.     1898.      26.7
      22.3        6.     1898.      26.7
       9.0        7.     1898.      26.7
      31.4        8.     1898.      26.7
      34.8        9.     1898.      26.7
      34.4       10.     1898.      26.7
      30.9       11.     1898.      26.7
      12.6       12.     1898.      26.7
      19.5        1.     1899.      12.1
       9.2        2.     1899.      12.1
      18.1        3.     1899.      12.1
      14.2        4.     1899.      12.1
       7.7        5.     1899.      12.1
      20.5        6.     1899.      12.1
      13.5        7.     1899.      12.1
       2.9        8.     1899.      12.1
       8.4        9.     1899.      12.1
      13.0       10.     1899.      12.1
       7.8       11.     1899.      12.1
      10.5       12.     1899.      12.1
       9.4        1.     1900.       9.5
      13.6        2.     1900.       9.5
       8.6        3.     1900.       9.5
      16.0        4.     1900.       9.5
      15.2        5.     1900.       9.5
      12.1        6.     1900.       9.5
       8.3        7.     1900.       9.5
       4.3        8.     1900.       9.5
       8.3        9.     1900.       9.5
      12.9       10.     1900.       9.5
       4.5       11.     1900.       9.5
        .3       12.     1900.       9.5
        .2        1.     1901.       2.7
       2.4        2.     1901.       2.7
       4.5        3.     1901.       2.7
        .0        4.     1901.       2.7
      10.2        5.     1901.       2.7
       5.8        6.     1901.       2.7
        .7        7.     1901.       2.7
       1.0        8.     1901.       2.7
        .6        9.     1901.       2.7
       3.7       10.     1901.       2.7
       3.8       11.     1901.       2.7
        .0       12.     1901.       2.7
       5.2        1.     1902.       5.0
        .0        2.     1902.       5.0
      12.4        3.     1902.       5.0
        .0        4.     1902.       5.0
       2.8        5.     1902.       5.0
       1.4        6.     1902.       5.0
        .9        7.     1902.       5.0
       2.3        8.     1902.       5.0
       7.6        9.     1902.       5.0
      16.3       10.     1902.       5.0
      10.3       11.     1902.       5.0
       1.1       12.     1902.       5.0
       8.3        1.     1903.      24.4
      17.0        2.     1903.      24.4
      13.5        3.     1903.      24.4
      26.1        4.     1903.      24.4
      14.6        5.     1903.      24.4
      16.3        6.     1903.      24.4
      27.9        7.     1903.      24.4
      28.8        8.     1903.      24.4
      11.1        9.     1903.      24.4
      38.9       10.     1903.      24.4
      44.5       11.     1903.      24.4
      45.6       12.     1903.      24.4
      31.6        1.     1904.      42.0
      24.5        2.     1904.      42.0
      37.2        3.     1904.      42.0
      43.0        4.     1904.      42.0
      39.5        5.     1904.      42.0
      41.9        6.     1904.      42.0
      50.6        7.     1904.      42.0
      58.2        8.     1904.      42.0
      30.1        9.     1904.      42.0
      54.2       10.     1904.      42.0
      38.0       11.     1904.      42.0
      54.6       12.     1904.      42.0
      54.8        1.     1905.      63.5
      85.8        2.     1905.      63.5
      56.5        3.     1905.      63.5
      39.3        4.     1905.      63.5
      48.0        5.     1905.      63.5
      49.0        6.     1905.      63.5
      73.0        7.     1905.      63.5
      58.8        8.     1905.      63.5
      55.0        9.     1905.      63.5
      78.7       10.     1905.      63.5
     107.2       11.     1905.      63.5
      55.5       12.     1905.      63.5
      45.5        1.     1906.      53.8
      31.3        2.     1906.      53.8
      64.5        3.     1906.      53.8
      55.3        4.     1906.      53.8
      57.7        5.     1906.      53.8
      63.2        6.     1906.      53.8
     103.3        7.     1906.      53.8
      47.7        8.     1906.      53.8
      56.1        9.     1906.      53.8
      17.8       10.     1906.      53.8
      38.9       11.     1906.      53.8
      64.7       12.     1906.      53.8
      76.4        1.     1907.      62.0
     108.2        2.     1907.      62.0
      60.7        3.     1907.      62.0
      52.6        4.     1907.      62.0
      43.0        5.     1907.      62.0
      40.4        6.     1907.      62.0
      49.7        7.     1907.      62.0
      54.3        8.     1907.      62.0
      85.0        9.     1907.      62.0
      65.4       10.     1907.      62.0
      61.5       11.     1907.      62.0
      47.3       12.     1907.      62.0
      39.2        1.     1908.      48.5
      33.9        2.     1908.      48.5
      28.7        3.     1908.      48.5
      57.6        4.     1908.      48.5
      40.8        5.     1908.      48.5
      48.1        6.     1908.      48.5
      39.5        7.     1908.      48.5
      90.5        8.     1908.      48.5
      86.9        9.     1908.      48.5
      32.3       10.     1908.      48.5
      45.5       11.     1908.      48.5
      39.5       12.     1908.      48.5
      56.7        1.     1909.      43.9
      46.6        2.     1909.      43.9
      66.3        3.     1909.      43.9
      32.3        4.     1909.      43.9
      36.0        5.     1909.      43.9
      22.6        6.     1909.      43.9
      35.8        7.     1909.      43.9
      23.1        8.     1909.      43.9
      38.8        9.     1909.      43.9
      58.4       10.     1909.      43.9
      55.8       11.     1909.      43.9
      54.2       12.     1909.      43.9
      26.4        1.     1910.      18.6
      31.5        2.     1910.      18.6
      21.4        3.     1910.      18.6
       8.4        4.     1910.      18.6
      22.2        5.     1910.      18.6
      12.3        6.     1910.      18.6
      14.1        7.     1910.      18.6
      11.5        8.     1910.      18.6
      26.2        9.     1910.      18.6
      38.3       10.     1910.      18.6
       4.9       11.     1910.      18.6
       5.8       12.     1910.      18.6
       3.4        1.     1911.       5.7
       9.0        2.     1911.       5.7
       7.8        3.     1911.       5.7
      16.5        4.     1911.       5.7
       9.0        5.     1911.       5.7
       2.2        6.     1911.       5.7
       3.5        7.     1911.       5.7
       4.0        8.     1911.       5.7
       4.0        9.     1911.       5.7
       2.6       10.     1911.       5.7
       4.2       11.     1911.       5.7
       2.2       12.     1911.       5.7
        .3        1.     1912.       3.6
        .0        2.     1912.       3.6
       4.9        3.     1912.       3.6
       4.5        4.     1912.       3.6
       4.4        5.     1912.       3.6
       4.1        6.     1912.       3.6
       3.0        7.     1912.       3.6
        .3        8.     1912.       3.6
       9.5        9.     1912.       3.6
       4.6       10.     1912.       3.6
       1.1       11.     1912.       3.6
       6.4       12.     1912.       3.6
       2.3        1.     1913.       1.4
       2.9        2.     1913.       1.4
        .5        3.     1913.       1.4
        .9        4.     1913.       1.4
        .0        5.     1913.       1.4
        .0        6.     1913.       1.4
       1.7        7.     1913.       1.4
        .2        8.     1913.       1.4
       1.2        9.     1913.       1.4
       3.1       10.     1913.       1.4
        .7       11.     1913.       1.4
       3.8       12.     1913.       1.4
       2.8        1.     1914.       9.6
       2.6        2.     1914.       9.6
       3.1        3.     1914.       9.6
      17.3        4.     1914.       9.6
       5.2        5.     1914.       9.6
      11.4        6.     1914.       9.6
       5.4        7.     1914.       9.6
       7.7        8.     1914.       9.6
      12.7        9.     1914.       9.6
       8.2       10.     1914.       9.6
      16.4       11.     1914.       9.6
      22.3       12.     1914.       9.6
      23.0        1.     1915.      47.4
      42.3        2.     1915.      47.4
      38.8        3.     1915.      47.4
      41.3        4.     1915.      47.4
      33.0        5.     1915.      47.4
      68.8        6.     1915.      47.4
      71.6        7.     1915.      47.4
      69.6        8.     1915.      47.4
      49.5        9.     1915.      47.4
      53.5       10.     1915.      47.4
      42.5       11.     1915.      47.4
      34.5       12.     1915.      47.4
      45.3        1.     1916.      55.4
      55.4        2.     1916.      55.4
      67.0        3.     1916.      55.4
      71.8        4.     1916.      55.4
      74.5        5.     1916.      55.4
      67.7        6.     1916.      55.4
      53.5        7.     1916.      55.4
      35.2        8.     1916.      55.4
      45.1        9.     1916.      55.4
      50.7       10.     1916.      55.4
      65.6       11.     1916.      55.4
      53.0       12.     1916.      55.4
      74.7        1.     1917.     103.9
      71.9        2.     1917.     103.9
      94.8        3.     1917.     103.9
      74.7        4.     1917.     103.9
     114.1        5.     1917.     103.9
     114.9        6.     1917.     103.9
     119.8        7.     1917.     103.9
     154.5        8.     1917.     103.9
     129.4        9.     1917.     103.9
      72.2       10.     1917.     103.9
      96.4       11.     1917.     103.9
     129.3       12.     1917.     103.9
      96.0        1.     1918.      80.6
      65.3        2.     1918.      80.6
      72.2        3.     1918.      80.6
      80.5        4.     1918.      80.6
      76.7        5.     1918.      80.6
      59.4        6.     1918.      80.6
     107.6        7.     1918.      80.6
     101.7        8.     1918.      80.6
      79.9        9.     1918.      80.6
      85.0       10.     1918.      80.6
      83.4       11.     1918.      80.6
      59.2       12.     1918.      80.6
      48.1        1.     1919.      63.6
      79.5        2.     1919.      63.6
      66.5        3.     1919.      63.6
      51.8        4.     1919.      63.6
      88.1        5.     1919.      63.6
     111.2        6.     1919.      63.6
      64.7        7.     1919.      63.6
      69.0        8.     1919.      63.6
      54.7        9.     1919.      63.6
      52.8       10.     1919.      63.6
      42.0       11.     1919.      63.6
      34.9       12.     1919.      63.6
      51.1        1.     1920.      37.6
      53.9        2.     1920.      37.6
      70.2        3.     1920.      37.6
      14.8        4.     1920.      37.6
      33.3        5.     1920.      37.6
      38.7        6.     1920.      37.6
      27.5        7.     1920.      37.6
      10.2        8.     1920.      37.6
      36.3        9.     1920.      37.6
      49.6       10.     1920.      37.6
      27.2       11.     1920.      37.6
      29.9       12.     1920.      37.6
      31.5        1.     1921.      26.1
      28.3        2.     1921.      26.1
      26.7        3.     1921.      26.1
      32.4        4.     1921.      26.1
      22.2        5.     1921.      26.1
      33.7        6.     1921.      26.1
      41.9        7.     1921.      26.1
      22.8        8.     1921.      26.1
      17.8        9.     1921.      26.1
      18.2       10.     1921.      26.1
      17.8       11.     1921.      26.1
      20.3       12.     1921.      26.1
      11.8        1.     1922.      14.2
      26.4        2.     1922.      14.2
      54.7        3.     1922.      14.2
      11.0        4.     1922.      14.2
       8.0        5.     1922.      14.2
       5.8        6.     1922.      14.2
      10.9        7.     1922.      14.2
       6.5        8.     1922.      14.2
       4.7        9.     1922.      14.2
       6.2       10.     1922.      14.2
       7.4       11.     1922.      14.2
      17.5       12.     1922.      14.2
       4.5        1.     1923.       5.8
       1.5        2.     1923.       5.8
       3.3        3.     1923.       5.8
       6.1        4.     1923.       5.8
       3.2        5.     1923.       5.8
       9.1        6.     1923.       5.8
       3.5        7.     1923.       5.8
        .5        8.     1923.       5.8
      13.2        9.     1923.       5.8
      11.6       10.     1923.       5.8
      10.0       11.     1923.       5.8
       2.8       12.     1923.       5.8
        .5        1.     1924.      16.7
       5.1        2.     1924.      16.7
       1.8        3.     1924.      16.7
      11.3        4.     1924.      16.7
      20.8        5.     1924.      16.7
      24.0        6.     1924.      16.7
      28.1        7.     1924.      16.7
      19.3        8.     1924.      16.7
      25.1        9.     1924.      16.7
      25.6       10.     1924.      16.7
      22.5       11.     1924.      16.7
      16.5       12.     1924.      16.7
       5.5        1.     1925.      44.3
      23.2        2.     1925.      44.3
      18.0        3.     1925.      44.3
      31.7        4.     1925.      44.3
      42.8        5.     1925.      44.3
      47.5        6.     1925.      44.3
      38.5        7.     1925.      44.3
      37.9        8.     1925.      44.3
      60.2        9.     1925.      44.3
      69.2       10.     1925.      44.3
      58.6       11.     1925.      44.3
      98.6       12.     1925.      44.3
      71.8        1.     1926.      63.9
      70.0        2.     1926.      63.9
      62.5        3.     1926.      63.9
      38.5        4.     1926.      63.9
      64.3        5.     1926.      63.9
      73.5        6.     1926.      63.9
      52.3        7.     1926.      63.9
      61.6        8.     1926.      63.9
      60.8        9.     1926.      63.9
      71.5       10.     1926.      63.9
      60.5       11.     1926.      63.9
      79.4       12.     1926.      63.9
      81.6        1.     1927.      69.0
      93.0        2.     1927.      69.0
      69.6        3.     1927.      69.0
      93.5        4.     1927.      69.0
      79.1        5.     1927.      69.0
      59.1        6.     1927.      69.0
      54.9        7.     1927.      69.0
      53.8        8.     1927.      69.0
      68.4        9.     1927.      69.0
      63.1       10.     1927.      69.0
      67.2       11.     1927.      69.0
      45.2       12.     1927.      69.0
      83.5        1.     1928.      77.8
      73.5        2.     1928.      77.8
      85.4        3.     1928.      77.8
      80.6        4.     1928.      77.8
      76.9        5.     1928.      77.8
      91.4        6.     1928.      77.8
      98.0        7.     1928.      77.8
      83.8        8.     1928.      77.8
      89.7        9.     1928.      77.8
      61.4       10.     1928.      77.8
      50.3       11.     1928.      77.8
      59.0       12.     1928.      77.8
      68.9        1.     1929.      65.0
      64.1        2.     1929.      65.0
      50.2        3.     1929.      65.0
      52.8        4.     1929.      65.0
      58.2        5.     1929.      65.0
      71.9        6.     1929.      65.0
      70.2        7.     1929.      65.0
      65.8        8.     1929.      65.0
      34.4        9.     1929.      65.0
      54.0       10.     1929.      65.0
      81.1       11.     1929.      65.0
     108.0       12.     1929.      65.0
      65.3        1.     1930.      35.7
      49.2        2.     1930.      35.7
      35.0        3.     1930.      35.7
      38.2        4.     1930.      35.7
      36.8        5.     1930.      35.7
      28.8        6.     1930.      35.7
      21.9        7.     1930.      35.7
      24.9        8.     1930.      35.7
      32.1        9.     1930.      35.7
      34.4       10.     1930.      35.7
      35.6       11.     1930.      35.7
      25.8       12.     1930.      35.7
      14.6        1.     1931.      21.2
      43.1        2.     1931.      21.2
      30.0        3.     1931.      21.2
      31.2        4.     1931.      21.2
      24.6        5.     1931.      21.2
      15.3        6.     1931.      21.2
      17.4        7.     1931.      21.2
      13.0        8.     1931.      21.2
      19.0        9.     1931.      21.2
      10.0       10.     1931.      21.2
      18.7       11.     1931.      21.2
      17.8       12.     1931.      21.2
      12.1        1.     1932.      11.1
      10.3        2.     1932.      11.1
      11.2        3.     1932.      11.1
      11.2        4.     1932.      11.1
      17.9        5.     1932.      11.1
      22.2        6.     1932.      11.1
       9.6        7.     1932.      11.1
       6.8        8.     1932.      11.1
       4.0        9.     1932.      11.1
       8.9       10.     1932.      11.1
       8.2       11.     1932.      11.1
      11.0       12.     1932.      11.1
      12.3        1.     1933.       5.7
      22.2        2.     1933.       5.7
      10.1        3.     1933.       5.7
       2.9        4.     1933.       5.7
       3.2        5.     1933.       5.7
       5.2        6.     1933.       5.7
       2.8        7.     1933.       5.7
        .2        8.     1933.       5.7
       5.1        9.     1933.       5.7
       3.0       10.     1933.       5.7
        .6       11.     1933.       5.7
        .3       12.     1933.       5.7
       3.4        1.     1934.       8.7
       7.8        2.     1934.       8.7
       4.3        3.     1934.       8.7
      11.3        4.     1934.       8.7
      19.7        5.     1934.       8.7
       6.7        6.     1934.       8.7
       9.3        7.     1934.       8.7
       8.3        8.     1934.       8.7
       4.0        9.     1934.       8.7
       5.7       10.     1934.       8.7
       8.7       11.     1934.       8.7
      15.4       12.     1934.       8.7
      18.9        1.     1935.      36.1
      20.5        2.     1935.      36.1
      23.1        3.     1935.      36.1
      12.2        4.     1935.      36.1
      27.3        5.     1935.      36.1
      45.7        6.     1935.      36.1
      33.9        7.     1935.      36.1
      30.1        8.     1935.      36.1
      42.1        9.     1935.      36.1
      53.2       10.     1935.      36.1
      64.2       11.     1935.      36.1
      61.5       12.     1935.      36.1
      62.8        1.     1936.      80.4
      74.3        2.     1936.      80.4
      77.1        3.     1936.      80.4
      74.9        4.     1936.      80.4
      54.6        5.     1936.      80.4
      70.0        6.     1936.      80.4
      52.3        7.     1936.      80.4
      87.0        8.     1936.      80.4
      76.0        9.     1936.      80.4
      89.1       10.     1936.      80.4
     115.4       11.     1936.      80.4
     123.4       12.     1936.      80.4
     132.5        1.     1937.     114.4
     128.5        2.     1937.     114.4
      83.9        3.     1937.     114.4
     109.3        4.     1937.     114.4
     116.7        5.     1937.     114.4
     130.3        6.     1937.     114.4
     145.1        7.     1937.     114.4
     137.7        8.     1937.     114.4
     100.7        9.     1937.     114.4
     124.9       10.     1937.     114.4
      74.4       11.     1937.     114.4
      88.8       12.     1937.     114.4
      98.4        1.     1938.     109.6
     119.2        2.     1938.     109.6
      86.5        3.     1938.     109.6
     101.0        4.     1938.     109.6
     127.4        5.     1938.     109.6
      97.5        6.     1938.     109.6
     165.3        7.     1938.     109.6
     115.7        8.     1938.     109.6
      89.6        9.     1938.     109.6
      99.1       10.     1938.     109.6
     122.2       11.     1938.     109.6
      92.7       12.     1938.     109.6
      80.3        1.     1939.      88.8
      77.4        2.     1939.      88.8
      64.6        3.     1939.      88.8
     109.1        4.     1939.      88.8
     118.3        5.     1939.      88.8
     101.0        6.     1939.      88.8
      97.6        7.     1939.      88.8
     105.8        8.     1939.      88.8
     112.6        9.     1939.      88.8
      88.1       10.     1939.      88.8
      68.1       11.     1939.      88.8
      42.1       12.     1939.      88.8
      50.5        1.     1940.      67.8
      59.4        2.     1940.      67.8
      83.3        3.     1940.      67.8
      60.7        4.     1940.      67.8
      54.4        5.     1940.      67.8
      83.9        6.     1940.      67.8
      67.5        7.     1940.      67.8
     105.5        8.     1940.      67.8
      66.5        9.     1940.      67.8
      55.0       10.     1940.      67.8
      58.4       11.     1940.      67.8
      68.3       12.     1940.      67.8
      45.6        1.     1941.      47.5
      44.5        2.     1941.      47.5
      46.4        3.     1941.      47.5
      32.8        4.     1941.      47.5
      29.5        5.     1941.      47.5
      59.8        6.     1941.      47.5
      66.9        7.     1941.      47.5
      60.0        8.     1941.      47.5
      65.9        9.     1941.      47.5
      46.3       10.     1941.      47.5
      38.3       11.     1941.      47.5
      33.7       12.     1941.      47.5
      35.6        1.     1942.      30.6
      52.8        2.     1942.      30.6
      54.2        3.     1942.      30.6
      60.7        4.     1942.      30.6
      25.0        5.     1942.      30.6
      11.4        6.     1942.      30.6
      17.7        7.     1942.      30.6
      20.2        8.     1942.      30.6
      17.2        9.     1942.      30.6
      19.2       10.     1942.      30.6
      30.7       11.     1942.      30.6
      22.5       12.     1942.      30.6
      12.4        1.     1943.      16.3
      28.9        2.     1943.      16.3
      27.4        3.     1943.      16.3
      26.1        4.     1943.      16.3
      14.1        5.     1943.      16.3
       7.6        6.     1943.      16.3
      13.2        7.     1943.      16.3
      19.4        8.     1943.      16.3
      10.0        9.     1943.      16.3
       7.8       10.     1943.      16.3
      10.2       11.     1943.      16.3
      18.8       12.     1943.      16.3
       3.7        1.     1944.       9.6
        .5        2.     1944.       9.6
      11.0        3.     1944.       9.6
        .3        4.     1944.       9.6
       2.5        5.     1944.       9.6
       5.0        6.     1944.       9.6
       5.0        7.     1944.       9.6
      16.7        8.     1944.       9.6
      14.3        9.     1944.       9.6
      16.9       10.     1944.       9.6
      10.8       11.     1944.       9.6
      28.4       12.     1944.       9.6
      18.5        1.     1945.      33.2
      12.7        2.     1945.      33.2
      21.5        3.     1945.      33.2
      32.0        4.     1945.      33.2
      30.6        5.     1945.      33.2
      36.2        6.     1945.      33.2
      42.6        7.     1945.      33.2
      25.9        8.     1945.      33.2
      34.9        9.     1945.      33.2
      68.8       10.     1945.      33.2
      46.0       11.     1945.      33.2
      27.4       12.     1945.      33.2
      47.6        1.     1946.      92.6
      86.2        2.     1946.      92.6
      76.6        3.     1946.      92.6
      75.7        4.     1946.      92.6
      84.9        5.     1946.      92.6
      73.5        6.     1946.      92.6
     116.2        7.     1946.      92.6
     107.2        8.     1946.      92.6
      94.4        9.     1946.      92.6
     102.3       10.     1946.      92.6
     123.8       11.     1946.      92.6
     121.7       12.     1946.      92.6
     115.7        1.     1947.     151.6
     133.4        2.     1947.     151.6
     129.8        3.     1947.     151.6
     149.8        4.     1947.     151.6
     201.3        5.     1947.     151.6
     163.9        6.     1947.     151.6
     157.9        7.     1947.     151.6
     188.8        8.     1947.     151.6
     169.4        9.     1947.     151.6
     163.6       10.     1947.     151.6
     128.0       11.     1947.     151.6
     116.5       12.     1947.     151.6
