This is dataplot data file   TUKLAMB.DAT
Tukey-Lambda Random numbers with shape parameter 1.1
Number of observations = 500
 
 
 
 
 
 
 
 
 
 
 
 
 
 
 
 
 
 
 
 
      Y
   --------
 -0.4262331E-01
 -0.1456314E+00
  0.3066731E+00
 -0.7773648E-01
  0.5294263E+00
  0.2541630E+00
  0.5183377E+00
 -0.1352287E-01
 -0.4753093E-01
 -0.8506312E+00
  0.8598270E+00
  0.2731945E+00
  0.3384298E+00
  0.3819461E+00
  0.7573357E+00
 -0.3931795E+00
  0.2708005E+00
 -0.5480607E+00
 -0.4031813E+00
 -0.4709196E+00
  0.6118327E+00
  0.6656569E+00
  0.1272639E+00
  0.7627264E-02
  0.4716886E+00
 -0.2686716E+00
  0.6013494E+00
  0.1832873E+00
  0.6610276E+00
 -0.7868710E+00
  0.2806628E+00
  0.7612391E+00
 -0.3545396E+00
 -0.5341224E+00
  0.6791344E+00
 -0.2473255E+00
  0.3107558E+00
 -0.3879708E-01
 -0.2755616E+00
 -0.3735638E+00
  0.6713941E+00
  0.7604982E+00
 -0.6955332E+00
  0.5136095E-01
  0.3741727E+00
 -0.9002397E+00
  0.6309491E+00
 -0.5083615E-01
  0.2127904E+00
 -0.2024160E+00
  0.5446360E+00
  0.8656418E+00
 -0.7276849E+00
  0.8208457E+00
  0.7591785E+00
 -0.1092876E+00
  0.3241986E+00
 -0.4789808E+00
 -0.8525621E+00
  0.5360591E+00
  0.7621159E+00
  0.8650848E+00
 -0.4895391E+00
 -0.5684424E+00
 -0.3424177E+00
 -0.3726911E+00
  0.1521838E+00
 -0.1065049E+00
 -0.5196683E+00
 -0.5368863E+00
 -0.2749312E+00
  0.3154462E+00
 -0.9068913E+00
  0.8583867E-01
  0.8573259E+00
 -0.3386424E+00
  0.7024399E+00
 -0.7594687E+00
  0.1361219E+00
  0.4314426E+00
 -0.6931074E+00
  0.1200665E+00
  0.5341319E+00
  0.8956084E+00
 -0.3924676E+00
  0.7456860E+00
 -0.2726818E+00
 -0.1206123E+00
 -0.3314330E+00
 -0.3952275E+00
 -0.2634517E+00
 -0.2140335E+00
 -0.7066209E+00
 -0.1090200E+00
 -0.5564315E+00
  0.5302039E+00
  0.2854812E+00
  0.8973798E+00
  0.6965719E+00
 -0.1637977E+00
  0.5459915E+00
 -0.2532772E+00
 -0.7590569E+00
  0.4390073E-01
  0.8714974E+00
 -0.5177167E-01
 -0.7790704E+00
  0.4262318E+00
 -0.6686001E+00
  0.6648995E+00
 -0.8587569E+00
  0.6953357E+00
  0.8142240E+00
 -0.2778683E-01
  0.6784743E+00
 -0.6411624E+00
 -0.6654266E-01
 -0.6489018E+00
 -0.6998100E+00
  0.5185598E+00
  0.2422546E+00
 -0.2331600E-01
  0.3295663E+00
 -0.8351097E+00
 -0.8252723E+00
 -0.1560242E-01
  0.2383761E+00
  0.2725822E+00
 -0.6148965E+00
 -0.7255269E+00
 -0.8989743E+00
  0.4843558E+00
 -0.1346609E-01
  0.3789601E+00
  0.8383972E+00
  0.7115303E+00
  0.8791322E+00
  0.6706670E+00
 -0.5269344E+00
 -0.4083850E+00
  0.6312804E+00
  0.7927400E+00
 -0.2401249E+00
  0.1645761E+00
  0.2501772E+00
  0.3224531E+00
  0.6013237E+00
 -0.2522700E+00
  0.6066561E+00
 -0.6629736E+00
  0.8590951E+00
  0.6784768E+00
 -0.3896024E-01
  0.6404691E+00
 -0.4118550E+00
  0.4708986E+00
  0.1616717E+00
  0.2573122E+00
  0.7638915E+00
  0.7505992E+00
 -0.6199532E+00
  0.8298005E+00
  0.8512794E+00
 -0.7546539E+00
  0.7977105E-01
 -0.3024691E+00
  0.5765954E+00
  0.9020849E+00
 -0.5140118E+00
 -0.8017470E+00
 -0.1584189E-01
  0.6051072E-01
 -0.4793269E+00
  0.2543748E+00
 -0.1388257E+00
  0.1429123E+00
  0.2330655E+00
 -0.7784890E+00
  0.3426483E+00
 -0.7342419E-01
 -0.2555414E-01
 -0.7689200E+00
  0.4447313E+00
  0.6889631E+00
 -0.6488291E-01
 -0.4403748E+00
 -0.8791041E+00
 -0.4688775E+00
 -0.2970789E+00
 -0.5139014E+00
  0.2361707E+00
  0.1735483E+00
  0.3186712E+00
  0.4010148E+00
 -0.6540638E+00
  0.8127792E+00
 -0.6792719E+00
 -0.5842460E+00
  0.2484200E+00
 -0.1731677E+00
 -0.7910961E+00
  0.3114179E+00
  0.7757880E+00
  0.2137519E+00
 -0.6303210E+00
  0.4261730E+00
 -0.1045451E+00
 -0.3816509E+00
 -0.8741538E+00
 -0.2168997E-01
 -0.8874297E+00
 -0.3767050E+00
 -0.2753237E+00
  0.7180655E+00
 -0.3656085E+00
 -0.2230875E+00
  0.7203359E+00
 -0.4045374E+00
 -0.5160995E+00
 -0.2200461E+00
  0.4935385E+00
  0.4295816E+00
  0.9965507E-01
  0.5162062E+00
 -0.7604444E+00
  0.4537943E+00
 -0.4782229E+00
  0.7425720E-01
 -0.3650035E-01
  0.4365784E+00
  0.6564013E+00
  0.8063881E+00
 -0.6303347E+00
  0.1678369E+00
 -0.8914089E-01
  0.2477737E+00
  0.1064167E+00
 -0.1981446E+00
  0.6637358E+00
  0.7352736E+00
  0.6562961E+00
 -0.5599131E-01
  0.2788240E+00
  0.2169794E+00
 -0.2627687E+00
 -0.2340845E+00
  0.4373570E+00
  0.5467175E+00
  0.3303065E+00
 -0.5572351E+00
  0.5279553E+00
 -0.4037574E+00
 -0.6261291E+00
 -0.7010235E+00
  0.5670730E+00
  0.7825670E+00
 -0.2159649E+00
 -0.3595104E+00
  0.2801206E+00
 -0.6362445E+00
 -0.3554427E+00
 -0.8681381E+00
  0.7948814E+00
  0.7642741E+00
 -0.2581388E+00
  0.2455626E+00
  0.6031520E+00
 -0.6510830E+00
  0.2463013E+00
 -0.5569175E+00
  0.2130697E-01
 -0.8771873E+00
 -0.5151202E+00
 -0.4683916E+00
  0.7246129E+00
  0.6675392E+00
  0.6720304E+00
  0.7613362E+00
 -0.5146536E+00
  0.8434845E+00
  0.8185434E+00
  0.3881087E-02
 -0.4060860E+00
 -0.1917030E+00
  0.5790634E+00
 -0.3466146E+00
 -0.3679349E+00
  0.5019906E+00
 -0.2285234E+00
  0.1675622E+00
 -0.7977812E+00
 -0.1687959E+00
  0.7537935E+00
  0.2582826E-01
  0.3285012E+00
  0.6349526E+00
 -0.9494700E-01
  0.8483613E+00
 -0.8904799E+00
 -0.1964451E+00
 -0.1009539E+00
  0.2548509E+00
  0.2783642E+00
  0.3897047E+00
  0.2318279E+00
 -0.7932623E+00
 -0.8309228E+00
  0.1557208E+00
 -0.3724267E+00
  0.4002907E+00
  0.1019146E+00
 -0.2413911E+00
  0.4469178E+00
  0.6489318E+00
  0.4681551E+00
  0.7997659E-01
  0.8698450E+00
 -0.3824564E+00
 -0.5306514E+00
 -0.7328678E+00
  0.6174321E+00
 -0.2767322E+00
 -0.5087143E+00
 -0.6162781E+00
  0.3555291E-01
  0.6256028E-01
  0.2541671E+00
  0.3192784E+00
  0.5503606E+00
  0.5173366E+00
  0.3402591E+00
  0.7095718E+00
 -0.6862186E+00
  0.5944659E+00
 -0.2955302E-01
 -0.5851303E-01
  0.5232956E+00
 -0.3813437E+00
 -0.5723528E-01
 -0.4496489E+00
 -0.3695854E+00
 -0.4409274E+00
  0.4859360E+00
  0.6165613E+00
  0.1617499E+00
  0.8905045E-02
 -0.2949294E-01
 -0.7749528E+00
  0.8229587E+00
 -0.7804433E-01
  0.3425272E+00
 -0.9090483E+00
  0.2055089E+00
 -0.6173317E+00
 -0.6237609E+00
 -0.5296642E+00
  0.4497083E+00
 -0.3560524E+00
  0.7440840E+00
 -0.1837025E+00
 -0.2206587E+00
 -0.6380756E+00
  0.5637245E+00
 -0.1500522E+00
 -0.3303075E+00
 -0.1247481E+00
  0.3667413E+00
 -0.7015140E+00
 -0.1501122E+00
  0.3952854E+00
 -0.4341662E+00
  0.6332993E-01
  0.7470620E+00
  0.3308035E+00
 -0.1796455E+00
 -0.2557867E+00
 -0.6791998E+00
  0.4436238E-01
  0.4186838E-01
  0.1859156E+00
  0.8137142E+00
  0.5743397E+00
 -0.7540556E+00
  0.6028411E+00
 -0.3797818E-01
  0.4419802E-01
 -0.7420993E+00
  0.6004663E+00
 -0.3880337E+00
  0.1384581E+00
  0.6403393E+00
  0.3605799E+00
 -0.7211201E-01
 -0.6310743E+00
 -0.8247511E+00
 -0.3284876E+00
 -0.7480935E+00
  0.3385229E-01
 -0.2809200E+00
  0.8424818E+00
 -0.3356874E-02
  0.2132110E+00
  0.9005497E+00
 -0.4611553E+00
 -0.6733517E+00
 -0.5441435E+00
 -0.8426004E+00
 -0.6503837E+00
  0.1085847E+00
  0.3246997E+00
 -0.8295683E+00
  0.8928330E+00
  0.6016374E+00
 -0.6678977E-01
 -0.6362519E+00
  0.3693563E+00
 -0.8601492E+00
 -0.3230393E+00
  0.6472128E+00
 -0.6261894E+00
 -0.9974730E-01
  0.7270144E+00
 -0.7018630E+00
  0.5742227E+00
 -0.8878788E+00
  0.7165445E+00
 -0.5200560E+00
 -0.7867330E+00
  0.5930573E+00
 -0.5773070E+00
 -0.1415272E+00
 -0.8016876E+00
 -0.2353566E+00
  0.5384642E+00
  0.6691989E+00
  0.1385532E+00
  0.7408383E+00
  0.7856610E+00
  0.7302485E+00
  0.4501945E+00
  0.4913949E+00
  0.7169942E+00
 -0.8447450E+00
  0.3280569E+00
  0.3166456E+00
  0.8159378E+00
  0.3722912E+00
  0.2139545E+00
  0.2097251E+00
 -0.3792387E+00
 -0.6396750E+00
  0.6256959E+00
 -0.8420008E+00
  0.3917894E+00
 -0.2441549E+00
 -0.4493227E+00
 -0.7448340E+00
 -0.4167886E+00
  0.5965230E+00
 -0.3163941E+00
  0.1532617E+00
 -0.1383497E+00
 -0.3139790E+00
 -0.6980898E+00
  0.4007641E+00
  0.8594009E+00
 -0.6843257E+00
 -0.5981617E+00
 -0.4019626E+00
  0.3257981E+00
 -0.4477759E+00
  0.4840977E+00
  0.7708690E+00
 -0.5781298E+00
 -0.1883724E+00
 -0.1171845E+00
 -0.1297853E+00
 -0.3042748E+00
  0.4872587E+00
 -0.7948799E+00
 -0.3440410E+00
  0.4000888E+00
 -0.2479464E+00
  0.2473510E+00
  0.7202423E+00
 -0.8577424E+00
 -0.8426293E+00
 -0.7233885E+00
  0.6874203E+00
  0.8625870E+00
  0.6350675E+00
  0.2630127E+00
  0.3178743E+00
 -0.1087853E+00
  0.2514325E+00
 -0.7713953E+00
  0.1372459E+00
 -0.2694614E+00
  0.4215759E+00
 -0.4316126E+00
