      26.268456
      29.470152
      59.954460
      20.058397
      16.862446
      18.873177
      13.389031
      17.241354
      27.874544
      31.319496
      13.737648
      56.540176
      37.220348
      25.390242
      17.468914
      32.118954
      12.868122
      21.943676
      38.536873
      17.628624
      24.940434
      41.352097
      16.373751
      36.498039
      11.824438
      40.932507
      19.223228
      14.740086
      36.989292
      18.381012
      24.375013
      14.409863
      23.117113
      35.618698
      39.236042
      28.320581
      41.937096
      44.154057
      41.485641
      33.681473
      34.549870
      40.950150
      13.328918
      31.378262
      31.179344
      46.072674
      32.172924
      29.481911
      29.415102
      21.185091
      17.414154
      37.895233
      13.405688
      32.536320
      22.999542
      20.223255
      15.587771
      20.672543
      37.082054
      22.032898
      28.542494
      24.417858
      22.065304
      16.439737
      32.706551
      50.089527
      16.676956
      18.064402
      20.875595
      31.338699
      20.244747
      34.391884
      43.357758
      18.368631
      23.745625
      24.703876
      24.533459
      22.195429
      34.460087
      14.562387
      21.661131
      32.693676
      22.948879
      30.017359
      41.078548
      12.943944
      13.388227
      15.988546
      39.854538
      50.494537
      38.169930
      30.273617
      31.200649
      24.817711
      30.083811
      15.062085
      28.300955
      22.661337
      33.109005
      20.468506
