      22.135973
      32.182625
      23.562574
      31.630470
      32.715721
      28.167328
      14.174069
      18.206755
      26.589550
      20.776966
      25.107216
      35.026688
      23.318233
      29.311289
      28.972185
      56.550823
      19.624054
      13.732387
      42.474777
      18.842831
      21.426449
      26.828197
      25.764257
      38.588989
      12.495145
      35.848156
      19.735703
      12.633042
      14.829568
      30.284893
      18.323498
      30.305920
      13.185442
      37.971214
      28.877296
      20.721140
      24.688690
      33.234501
      21.779327
      16.225033
      24.448605
      24.102362
      44.931927
      15.051237
      15.369339
      22.589062
      34.842796
      33.910572
      24.734360
      13.992916
      26.658976
      18.083965
      25.547777
      10.599118
      21.865234
      18.504713
      14.370697
      13.538567
      28.723476
      23.489677
      16.140720
      50.864922
      31.861568
      36.830750
      30.255333
      31.313210
      43.432838
      18.080528
      30.206596
      17.868431
      31.254707
      28.943638
      54.242130
      28.375734
      16.592854
      15.167276
      18.894718
      39.852726
      29.140211
      24.675808
      20.445778
      28.117729
      18.636856
      31.615770
      20.224503
      29.878559
      23.691792
      26.992262
      15.286942
      20.616661
      13.920831
      20.520977
      24.821539
      40.339462
      23.811699
      24.997639
      37.681599
      17.999672
      21.595976
      18.791668
