      18.917084
      38.761757
      22.972450
      21.544865
      24.260227
      45.282162
      15.426102
      37.444115
      16.978617
      37.642033
      16.406641
      26.554913
      23.116934
      18.546074
      27.793243
      14.366667
      29.491915
      17.733101
      22.297085
      18.346100
      34.056297
      18.570919
      19.426001
      20.000385
      22.727375
      29.414438
      22.835081
      15.949782
      33.619209
      54.128929
      24.217049
      36.378876
      13.574467
      16.548092
      36.934929
      14.923463
      29.632895
      21.080462
      44.424927
      28.804394
      37.353882
      20.312300
      31.491978
      28.131386
      25.918140
      15.279345
      20.711231
      20.312380
      34.382072
      24.791470
      48.544083
      25.245186
      18.274460
      17.006439
      17.246769
      12.961473
      39.545174
      22.707344
      40.277210
      25.511726
      25.388197
      23.332550
      20.530262
      29.087357
      18.885170
      32.302715
      45.739086
      21.500603
      17.073065
      12.442368
      28.016005
      35.749706
      20.704779
      20.663158
      31.025564
      31.657007
      21.885620
      36.655075
      41.276279
      23.642515
      15.154043
      16.285917
      16.035446
      46.983837
      15.247641
      45.614182
      15.546505
      27.539545
      17.527130
      36.456261
      31.024267
      24.508289
      39.194126
      37.685722
      61.367004
      34.851917
      13.114897
      35.095631
      32.759583
      40.802856
