      14.645542
      31.088989
      43.614326
      29.478706
      17.563271
      33.199417
      24.875256
      21.152327
      12.388995
      26.012707
      11.845180
      21.219482
      22.582954
      40.992306
      21.369865
      23.281097
      41.082275
      20.840397
      19.280201
      23.321758
      34.596642
      33.266830
      27.743126
      35.101952
      15.283259
      33.755165
      19.819035
      27.372786
      25.807304
      33.406212
      38.823303
      45.416725
      17.563053
      28.764488
      25.084782
      30.024231
      27.842579
      23.614748
      39.057800
      41.697083
      38.819981
      25.538490
      30.535923
      29.529827
      22.750799
      23.134115
      33.421806
      35.815979
      31.417753
      18.680414
      35.372032
      20.851063
      17.629576
      16.388470
      36.316910
      43.981155
      23.376328
      21.452351
      30.557598
      17.469032
      21.507311
      12.603706
      44.691792
      43.025398
      22.812677
      29.988317
      37.261639
      17.229988
      30.000307
      18.685114
      26.615362
      12.274417
      19.294281
      19.957148
      41.254162
      39.181557
      39.329678
      42.881355
      19.300987
      48.354668
      46.261574
      26.369911
      20.819218
      23.701006
      36.622299
      21.626438
      21.338369
      34.782730
      23.208437
      28.760284
      14.497856
      24.008186
      42.522072
      26.679335
      31.386053
      38.166519
      25.005718
      48.843067
      11.700152
      23.637501
