      37.016304
      46.594425
      37.852806
      29.704941
      22.291290
      30.937061
      16.983339
      17.921219
      18.497952
      25.775799
      37.403698
      17.109919
      23.771744
      17.529240
      32.217819
      16.108662
      20.201723
      28.465288
      18.954298
      39.362991
      26.035582
      43.186668
      43.194061
      14.658844
      31.905449
      21.189360
      24.717323
      15.337461
      44.043945
      21.080091
      16.936234
      33.465836
      51.830898
      31.135818
      32.609482
      44.271408
      39.863182
      25.997488
      34.044811
      35.856861
      39.019966
      18.148338
      18.457832
      21.629601
      32.414173
      44.669090
      40.915394
      13.981136
      28.413351
      33.229816
      20.358833
      18.017210
      16.530754
      32.355190
      19.807991
      26.628277
      23.268528
      20.433271
      26.980021
      13.875961
      18.636194
      31.270271
      22.135891
      30.150181
      64.194809
      29.647552
      45.868252
      14.683016
      25.324120
      39.890785
      43.017670
      32.194332
      27.890162
      15.095148
      29.230825
      23.517939
      30.542175
      22.796131
      23.994854
      20.569937
      34.086884
      30.618132
      33.618423
      25.439692
      18.725094
      21.057510
      35.165764
      37.254986
      34.588394
      30.314362
      18.944824
      17.959526
      24.663883
      16.241493
      20.816296
      36.071503
      41.904213
      31.596815
      25.369904
      27.408545
