      28.231886
      23.368610
      16.278278
      24.575041
      37.923073
      19.521492
      25.531141
      18.878504
      24.739857
      32.505180
      63.848591
      33.168724
      19.064520
      33.900772
      33.807056
      16.592812
      21.226715
      30.324450
      22.876835
      29.895664
      31.995775
      25.266796
      24.060310
      41.366158
      24.315031
      20.168602
      33.968697
      24.125793
      17.752489
      18.904089
      26.531261
      10.961559
      20.960833
      39.608879
      28.064865
      17.115770
      23.162434
      28.837584
      23.990849
      17.391127
      20.003660
      47.332920
      22.187881
      30.832012
      33.574421
      15.163868
      33.825111
      37.389042
      30.698977
      25.078629
      19.107979
      18.168186
      31.635944
      20.757322
      39.083916
      36.357582
      12.729616
      24.629572
      21.915817
      26.924051
      17.218559
      20.978889
      22.540607
      28.466831
      32.000359
      26.126699
      37.794331
      16.843143
      23.736141
      11.630905
      19.054157
      51.719212
      21.988047
      23.054920
      28.387897
      40.911709
      25.118790
      18.164204
      15.146521
      19.388418
      21.494059
      34.315491
      31.767185
      19.935989
      15.424263
      42.583427
      33.892097
      25.653690
      20.534840
      34.477455
      27.343037
      17.893314
      28.663536
      36.839352
      28.537886
      25.167913
      46.127926
      20.721916
      14.193176
      41.341145
