      24.981817
      31.608446
      21.882980
      31.720234
      17.580688
      28.370319
      32.573448
      25.821045
      13.636757
      26.039572
      16.822233
      14.910129
      23.773479
      25.586430
      16.811338
      23.963112
      36.455254
      47.060966
      35.553970
      36.504444
      32.910690
      30.508747
      23.170250
      14.923630
      22.001839
      31.364357
      17.559755
      19.790880
      10.246200
      44.312233
      18.796223
      12.614166
      37.678757
      18.462498
      51.778740
      24.149967
      19.106926
      16.145758
      27.454149
      29.079689
      22.230406
      40.809372
      24.698503
      23.358767
      22.761154
      22.221323
      47.932072
      19.571943
      22.728798
      26.991457
      17.175644
      52.959129
      36.887928
      17.071747
      24.093475
      29.149054
      23.271626
      25.792870
      20.166378
      51.537949
      19.224167
      12.322856
      17.057053
      21.237059
      33.705704
      39.221050
      26.183355
      61.679848
      21.714558
      43.921925
      32.837833
      15.104340
      23.587358
      45.233574
      24.900719
      25.359831
      15.931492
      17.941395
      43.181328
      21.349926
      17.713642
      22.857037
      21.554939
      24.319956
      21.450069
      38.397064
      24.735474
      28.818790
      22.275871
      42.941772
      42.580986
      59.072792
      16.654654
      19.589848
      33.652679
      58.727093
      31.857271
      49.010975
      39.753983
      24.532976
