      24.924036
      30.139645
      30.528242
      32.497055
      29.766685
      14.598072
      13.702623
      28.579802
      21.277512
      32.697525
      27.776320
      23.036476
      33.614731
      38.589859
      34.053154
      27.455753
      51.517338
      21.141380
      19.069950
      15.813686
      37.658691
      22.564117
      19.386175
      17.784187
      26.817352
      27.203842
      30.128464
      31.225031
      35.904099
      35.127682
      31.593616
      40.663147
      16.644646
      37.026901
      25.903530
      25.503830
      35.264214
      21.156502
      25.521389
      20.218721
      21.316015
      20.339729
      34.431503
      37.634060
      28.671518
      26.440498
      25.904362
      14.988743
      46.592548
      25.236206
      31.633953
      10.063884
      29.348715
      17.767729
      17.666897
      19.084276
      33.671547
      21.499077
      42.080097
      23.808208
      23.313566
      17.439766
      36.233032
      24.260174
      21.845999
      24.601532
      32.071030
      16.379871
      24.259365
      32.602406
      20.433249
      27.214930
      42.213341
      31.426491
      23.862602
      22.844109
      16.763981
      26.942892
      26.907301
      29.042906
      45.914997
      36.501026
      15.409323
      37.253151
      25.786865
      26.940544
      15.639942
      37.188530
      21.065533
      28.319153
      38.327637
      31.958673
      25.317341
      17.551323
      13.860187
      21.870466
      15.525150
      26.793173
      22.508106
      48.258186
