      35.798492
      22.877645
      15.310815
      26.936300
      51.773476
      25.596550
      14.902869
      33.200581
      16.941826
      39.095505
      12.912178
      40.135777
      45.950871
      25.928026
      39.546074
      17.390289
      25.393627
      17.265406
      16.409708
      35.155590
      29.934708
      25.990105
      31.404751
      13.592677
      13.847075
      26.097441
      29.872038
      30.431927
      17.805740
      15.949400
      11.224247
      34.397442
      26.127220
      32.296253
      47.877701
      40.738037
      53.105194
      39.284481
      19.123842
      20.787754
      38.058075
      44.563740
      23.053394
      28.714638
      30.063347
      31.280285
      37.211815
      22.891104
      37.357750
      17.035133
      50.051865
      39.546165
      25.773287
      38.331551
      20.740219
      34.110840
      28.670326
      30.179947
      43.006504
      42.374233
      17.726700
      47.135345
      49.151924
      15.397606
      27.452768
      22.219625
      36.558777
      60.969261
      19.310207
      14.408516
      26.094105
      27.174339
      19.803482
      30.131857
      24.411438
      28.386133
      29.786556
      14.915061
      31.636112
      25.299383
      25.959015
      15.112673
      33.570374
      39.908726
      25.416386
      20.347382
      12.199476
      19.950336
      22.291832
      19.311790
      29.836494
      28.852070
      31.214483
      32.711338
      17.181431
      45.849636
      16.762762
      18.276327
      30.034742
      23.949501
