This is Dataplot data file    ZARR15.DAT
Heat Flow Meter (HFM) Calibration & Stability Analysis (ASTM C-16)
Bob Zarr, NIST
Bob's coded file ID: set F8, scan rate = 1, date of test = 12/7/89
Response variable = Computed calibration factor
Number of observations = 211
Number of observations per line image = 1
Order of observations per line image--
   1. Response variable = computed calibration factor
To read this file into Dataplot--
   SKIP 25
   READ ZARR15.DAT Y
   4-PLOT Y
 
 
 
 
 
 
 
 
 
 
Calibration Factor
------------------
9.394717
9.163722
9.448337
9.419286
9.198321
9.161549
9.172981
9.107033
9.416063
9.309292
9.463449
9.431055
9.37771
9.409514
9.39405
9.478176
9.097759
9.518779
9.467418
9.425507
9.190008
9.088882
9.469977
9.167149
9.093402
9.163685
9.062554
9.421888
9.250463
9.447039
9.424957
9.426459
9.089968
9.153346
9.113112
9.475921
9.17694
9.085131
9.474676
9.113352
9.421926
9.39172
9.113315
9.09375
9.168611
9.489626
9.272484
9.207535
9.445965
9.309788
9.126369
9.113182
9.329866
9.40115
9.219235
9.333163
9.154192
9.246473
9.191735
9.305777
9.290082
9.331309
9.35514
9.178481
9.162045
9.144148
9.443352
9.060384
9.233287
9.367076
9.461372
9.073063
9.345928
9.18944
9.196654
9.106969
9.444384
9.11575
9.204293
9.329112
9.134381
9.145888
9.47721
9.410392
9.0528
9.399422
9.316296
9.027494
9.179415
9.04043
9.3538
9.080397
9.301165
9.521915
9.495898
9.223988
9.329112
9.117462
9.447677
9.152111
9.112272
9.160574
9.470723
9.276811
9.361676
9.426784
9.222525
9.092226
9.170683
9.269068
9.430381
9.254979
9.266745
9.246337
9.159603
9.414086
9.143283
9.439227
9.346778
9.222062
9.095696
9.403338
9.060007
9.216517
9.249012
9.440848
9.393417
9.251767
9.422288
9.168925
9.163722
9.335204
9.446931
9.226481
9.416356
9.319678
9.296057
9.30363
9.287052
9.26699
9.255695
9.271808
9.258207
9.26025
9.253221
9.254057
9.267378
9.269893
9.266586
9.266685
9.2802
9.286753
9.338938
9.305995
9.296095
9.285934
9.316845
9.305903
9.271586
9.279898
9.255732
9.271586
9.285007
9.263273
9.27918
9.284228
9.286682
9.284156
9.271586
9.27331
9.272238
9.271586
9.271586
9.261524
9.257305
9.281707
9.286719
9.292045
9.312779
9.293524
9.313468
9.2885
9.348027
9.334514
9.275832
9.271586
9.271586
9.271586
9.266515
9.298275
9.264
9.259111
9.266586
9.255766
9.279963
9.286719
9.281681
9.279411
9.313795
9.286753
9.27587
9.270827
9.224927
9.249654
9.275904
9.294304
9.289174
9.266187
9.310488
9.311979
9.302072
