This is Dataplot data file    ZARR15B.DAT
Heat Flow Meter (HFM) Calibration & Stability Analysis (ASTM C-16)
Bob Zarr, NIST
Bob's coded file ID: set F8, scan rate = 1, date of test = 12/7/89
Response variable = EMF
Number of observations = 211
Number of observations per line image = 1
Order of observations per line image--
   1. Response variable = EMF
Note--Compare the EMF data in this file to the
      Calibration factor data in file    ZARR15.DAT
To read this file into Dataplot--
   SKIP 25
   READ ZARR15B.DAT Y
   4-PLOT Y
 
 
 
 
 
 
 
 
EMF
------
3.637
3.722
3.602
3.621
3.708
3.731
3.723
3.75
3.626
3.669
3.606
3.623
3.645
3.628
3.634
3.605
3.749
3.585
3.598
3.621
3.718
3.756
3.597
3.722
3.757
3.722
3.765
3.62
3.689
3.609
3.624
3.628
3.757
3.731
3.746
3.598
3.72
3.759
3.592
3.744
3.62
3.627
3.744
3.752
3.72
3.596
3.675
3.709
3.614
3.657
3.742
3.746
3.659
3.628
3.701
3.661
3.734
3.692
3.714
3.669
3.67
3.65
3.636
3.716
3.716
3.728
3.615
3.763
3.702
3.651
3.61
3.764
3.656
3.713
3.712
3.75
3.61
3.743
3.697
3.656
3.732
3.734
3.591
3.623
3.769
3.624
3.669
3.783
3.729
3.781
3.645
3.761
3.667
3.582
3.584
3.701
3.656
3.749
3.599
3.732
3.743
3.718
3.6
3.67
3.64
3.62
3.703
3.758
3.722
3.683
3.62
3.69
3.674
3.684
3.727
3.623
3.737
3.612
3.651
3.706
3.758
3.622
3.768
3.704
3.691
3.616
3.631
3.688
3.625
3.728
3.722
3.664
3.609
3.7
3.618
3.663
3.669
3.666
3.674
3.68
3.685
3.68
3.684
3.686
3.686
3.689
3.687
3.686
3.684
3.684
3.68
3.676
3.662
3.667
3.669
3.673
3.666
3.675
3.682
3.682
3.685
3.682
3.68
3.682
3.679
3.677
3.676
3.677
3.682
3.678
3.685
3.682
3.682
3.686
3.691
3.686
3.676
3.672
3.669
3.67
3.672
3.672
3.665
3.667
3.677
3.682
3.682
3.682
3.684
3.678
3.685
3.687
3.684
3.685
3.682
3.676
3.67
3.669
3.67
3.676
3.677
3.679
3.694
3.686
3.677
3.673
3.675
3.677
3.668
3.666
3.668
