     1   0   46
     2   0   48
     3   0   42
     4   0   44
     5   0   42
     6   0   39
     7   0   49
     8   0   48
     9   0   48
    10   0   46
    11   0   44
    12   0   42
    13   0   50
    14   0   46
    15   0   49
    16   0   47
    17   0   43
    18   0   45
    19   0   40
    20   0   45
    21   0   43
    22   0   48
    23   0   47
    24   0   45
    25   0   44
    26   0   41
    27   0   47
    28   0   47
    29   0   42
    30   0   49
    31   0   46
    32   0   41
    33   0   45
    34   0   43
    35   0   48
    36   0   51
    37   0   47
    38   0   42
    39   0   44
    40   0   41
    41   0   44
    42   0   51
    43   0   46
    44   0   45
    45   0   42
    46   0   47
    47   0   43
    48   0   49
    49   0   45
    50   0   42
    51   0   44
    52   0   47
    53   0   42
    54   0   52
    55   0   47
    56   0   45
    57   0   47
    58   0   46
    59   0   46
    60   0   49
    61   0   43
    62   0   42
    63   0   45
    64   0   42
    65   0   40
    66   0   46
    67   0   48
    68   0   50
    69   0   39
    70   0   46
    71   0   49
    72   0   48
    73   0   45
    74   0   49
    75   0   46
    76   0   42
    77   0   43
    78   0   47
    79   0   42
    80   0   44
    81   0   42
    82   0   48
    83   0   43
    84   0   47
    85   0   48
    86   0   48
    87   0   44
    88   0   44
    89   0   43
    90   0   47
    91   0   45
    92   0   46
    93   0   38
    94   0   46
    95   0   41
    96   0   47
    97   0   43
    98   0   42
    99   0   44
   100   0   48
   101   0   44
   102   0   41
   103   0   48
   104   0   48
   105   0   44
   106   0   46
   107   0   41
   108   0   48
   109   0   45
   110   0   46
   111   0   46
   112   0   46
   113   0   45
   114   0   43
   115   0   41
   116   0   50
   117   0   47
   118   0   44
   119   0   45
   120   0   41
   121   0   44
   122   0   42
   123   0   47
   124   0   45
   125   0   51
   126   0   49
   127   0   44
   128   0   42
   129   0   43
   130   0   39
   131   0   43
   132   0   44
   133   0   45
   134   0   42
   135   0   43
   136   0   42
   137   0   47
   138   0   46
   139   0   47
   140   0   50
   141   0   37
   142   0   41
   143   0   45
   144   0   42
   145   0   45
   146   0   44
   147   0   44
   148   0   42
   149   0   45
   150   0   46
   151   0   46
   152   0   42
   153   0   51
   154   0   50
   155   0   41
   156   0   41
   157   0   49
   158   0   43
   159   0   46
   160   0   47
   161   0   46
   162   0   44
   163   0   47
   164   0   47
   165   0   44
   166   0   49
   167   0   43
   168   0   43
   169   0   46
   170   0   46
   171   0   48
   172   0   49
   173   0   49
   174   0   46
   175   0   43
   176   0   52
   177   0   47
   178   0   45
   179   0   45
   180   0   42
   181   0   43
   182   0   41
   183   0   45
   184   0   43
   185   0   41
   186   0   47
   187   0   44
   188   0   45
   189   0   45
   190   0   47
   191   0   45
   192   0   45
   193   0   44
   194   0   39
   195   0   47
   196   0   40
   197   0   45
   198   0   46
   199   0   48
   200   0   45
   201   1   52
   202   1   46
   203   1   46
   204   1   53
   205   1   53
   206   1   45
   207   1   49
   208   1   50
   209   1   48
   210   1   49
   211   1   47
   212   1   52
   213   1   47
   214   1   53
   215   1   51
   216   1   50
   217   1   52
   218   1   48
   219   1   51
   220   1   46
   221   1   47
   222   1   50
   223   1   49
   224   1   55
   225   1   46
   226   1   47
   227   1   49
   228   1   47
   229   1   46
   230   1   46
   231   1   46
   232   1   49
   233   1   47
   234   1   45
   235   1   53
   236   1   45
   237   1   48
   238   1   52
   239   1   51
   240   1   54
   241   1   50
   242   1   48
   243   1   50
   244   1   47
   245   1   49
   246   1   51
   247   1   47
   248   1   55
   249   1   50
   250   1   45
   251   1   48
   252   1   50
   253   1   52
   254   1   50
   255   1   52
   256   1   49
   257   1   50
   258   1   51
   259   1   46
   260   1   45
   261   1   51
   262   1   50
   263   1   49
   264   1   46
   265   1   49
   266   1   49
   267   1   54
   268   1   45
   269   1   56
   270   1   45
   271   1   50
   272   1   52
   273   1   51
   274   1   46
   275   1   46
   276   1   48
   277   1   45
   278   1   48
   279   1   48
   280   1   53
   281   1   45
   282   1   48
   283   1   47
   284   1   48
   285   1   46
   286   1   54
   287   1   53
   288   1   51
   289   1   51
   290   1   51
   291   1   41
   292   1   52
   293   1   43
   294   1   48
   295   1   47
   296   1   49
   297   1   49
   298   1   52
   299   1   48
   300   1   51
   301   1   51
   302   1   47
   303   1   50
   304   1   46
   305   1   53
   306   1   48
   307   1   47
   308   1   46
   309   1   46
   310   1   51
   311   1   51
   312   1   47
   313   1   49
   314   1   46
   315   1   49
   316   1   51
   317   1   53
   318   1   48
   319   1   49
   320   1   49
   321   1   50
   322   1   52
   323   1   50
   324   1   52
   325   1   45
   326   1   50
   327   1   49
   328   1   49
   329   1   49
   330   1   52
   331   1   46
   332   1   52
   333   1   51
   334   1   49
   335   1   42
   336   1   53
   337   1   49
   338   1   48
   339   1   49
   340   1   47
   341   1   51
   342   1   49
   343   1   44
   344   1   52
   345   1   49
   346   1   50
   347   1   48
   348   1   44
   349   1   50
   350   1   46
   351   1   54
   352   1   52
   353   1   51
   354   1   47
   355   1   46
   356   1   48
   357   1   53
   358   1   50
   359   1   49
   360   1   44
   361   1   53
   362   1   48
   363   1   43
   364   1   43
   365   1   47
   366   1   50
   367   1   48
   368   1   43
   369   1   54
   370   1   55
   371   1   55
   372   1   49
   373   1   45
   374   1   46
   375   1   51
   376   1   45
   377   1   49
   378   1   50
   379   1   51
   380   1   51
   381   1   50
   382   1   50
   383   1   52
   384   1   56
   385   1   47
   386   1   50
   387   1   48
   388   1   46
   389   1   48
   390   1   50
   391   1   48
   392   1   51
   393   1   50
   394   1   53
   395   1   45
   396   1   47
   397   1   51
   398   1   46
   399   1   47
   400   1   51
   401   2   49
   402   2   53
   403   2   50
   404   2   55
   405   2   49
   406   2   51
   407   2   57
   408   2   54
   409   2   49
   410   2   54
   411   2   50
   412   2   52
   413   2   50
   414   2   50
   415   2   53
   416   2   49
   417   2   53
   418   2   56
   419   2   52
   420   2   54
   421   2   53
   422   2   50
   423   2   54
   424   2   50
   425   2   51
   426   2   57
   427   2   54
   428   2   52
   429   2   49
   430   2   56
   431   2   55
   432   2   55
   433   2   45
   434   2   47
   435   2   51
   436   2   49
   437   2   54
   438   2   56
   439   2   53
   440   2   49
   441   2   54
   442   2   56
   443   2   58
   444   2   51
   445   2   52
   446   2   54
   447   2   50
   448   2   48
   449   2   53
   450   2   55
   451   2   55
   452   2   53
   453   2   54
   454   2   53
   455   2   57
   456   2   52
   457   2   50
   458   2   51
   459   2   53
   460   2   59
   461   2   56
   462   2   54
   463   2   51
   464   2   58
   465   2   52
   466   2   50
   467   2   51
   468   2   52
   469   2   55
   470   2   55
   471   2   59
   472   2   58
   473   2   51
   474   2   57
   475   2   51
   476   2   50
   477   2   57
   478   2   54
   479   2   52
   480   2   53
   481   2   59
   482   2   51
   483   2   53
   484   2   55
   485   2   53
   486   2   50
   487   2   55
   488   2   53
   489   2   53
   490   2   53
   491   2   54
   492   2   51
   493   2   46
   494   2   55
   495   2   53
   496   2   57
   497   2   53
   498   2   47
   499   2   50
   500   2   53
   501   2   55
   502   2   50
   503   2   56
   504   2   56
   505   2   53
   506   2   50
   507   2   52
   508   2   52
   509   2   51
   510   2   60
   511   2   56
   512   2   57
   513   2   50
   514   2   54
   515   2   54
   516   2   53
   517   2   48
   518   2   55
   519   2   50
   520   2   55
   521   2   47
   522   2   55
   523   2   52
   524   2   50
   525   2   55
   526   2   59
   527   2   56
   528   2   56
   529   2   57
   530   2   55
   531   2   47
   532   2   53
   533   2   55
   534   2   50
   535   2   51
   536   2   58
   537   2   56
   538   2   56
   539   2   52
   540   2   52
   541   2   52
   542   2   49
   543   2   56
   544   2   56
   545   2   54
   546   2   53
   547   2   58
   548   2   54
   549   2   49
   550   2   48
   551   2   55
   552   2   53
   553   2   57
   554   2   55
   555   2   57
   556   2   54
   557   2   51
   558   2   51
   559   2   52
   560   2   60
   561   2   55
   562   2   53
   563   2   50
   564   2   53
   565   2   53
   566   2   55
   567   2   54
   568   2   51
   569   2   49
   570   2   55
   571   2   50
   572   2   50
   573   2   54
   574   2   49
   575   2   54
   576   2   52
   577   2   57
   578   2   51
   579   2   52
   580   2   52
   581   2   54
   582   2   52
   583   2   54
   584   2   54
   585   2   55
   586   2   56
   587   2   49
   588   2   52
   589   2   55
   590   2   53
   591   2   52
   592   2   51
   593   2   57
   594   2   54
   595   2   49
   596   2   50
   597   2   56
   598   2   54
   599   2   52
   600   2   51
   601   3   59
   602   3   63
   603   3   64
   604   3   59
   605   3   54
   606   3   60
   607   3   57
   608   3   51
   609   3   58
   610   3   56
   611   3   58
   612   3   54
   613   3   58
   614   3   57
   615   3   62
   616   3   58
   617   3   60
   618   3   53
   619   3   54
   620   3   59
   621   3   57
   622   3   53
   623   3   61
   624   3   60
   625   3   58
   626   3   58
   627   3   60
   628   3   57
   629   3   55
   630   3   53
   631   3   54
   632   3   57
   633   3   52
   634   3   58
   635   3   57
   636   3   60
   637   3   55
   638   3   54
   639   3   54
   640   3   55
   641   3   56
   642   3   53
   643   3   55
   644   3   58
   645   3   55
   646   3   56
   647   3   58
   648   3   57
   649   3   62
   650   3   56
   651   3   61
   652   3   59
   653   3   55
   654   3   63
   655   3   56
   656   3   60
   657   3   56
   658   3   61
   659   3   53
   660   3   56
   661   3   54
   662   3   61
   663   3   57
   664   3   53
   665   3   64
   666   3   57
   667   3   58
   668   3   54
   669   3   59
   670   3   58
   671   3   54
   672   3   57
   673   3   56
   674   3   61
   675   3   53
   676   3   58
   677   3   56
   678   3   59
   679   3   59
   680   3   56
   681   3   51
   682   3   58
   683   3   58
   684   3   54
   685   3   56
   686   3   54
   687   3   57
   688   3   59
   689   3   54
   690   3   49
   691   3   59
   692   3   54
   693   3   63
   694   3   53
   695   3   53
   696   3   56
   697   3   59
   698   3   61
   699   3   55
   700   3   55
   701   3   56
   702   3   60
   703   3   57
   704   3   57
   705   3   58
   706   3   58
   707   3   58
   708   3   57
   709   3   58
   710   3   61
   711   3   61
   712   3   55
   713   3   52
   714   3   56
   715   3   59
   716   3   54
   717   3   57
   718   3   54
   719   3   56
   720   3   55
   721   3   55
   722   3   57
   723   3   58
   724   3   56
   725   3   59
   726   3   57
   727   3   54
   728   3   58
   729   3   56
   730   3   62
   731   3   57
   732   3   59
   733   3   59
   734   3   59
   735   3   56
   736   3   55
   737   3   60
   738   3   59
   739   3   54
   740   3   54
   741   3   58
   742   3   57
   743   3   56
   744   3   57
   745   3   60
   746   3   63
   747   3   55
   748   3   59
   749   3   58
   750   3   62
   751   3   62
   752   3   55
   753   3   58
   754   3   54
   755   3   59
   756   3   61
   757   3   55
   758   3   61
   759   3   53
   760   3   55
   761   3   51
   762   3   56
   763   3   59
   764   3   57
   765   3   60
   766   3   51
   767   3   60
   768   3   61
   769   3   60
   770   3   55
   771   3   61
   772   3   52
   773   3   56
   774   3   58
   775   3   59
   776   3   54
   777   3   56
   778   3   59
   779   3   60
   780   3   57
   781   3   58
   782   3   59
   783   3   57
   784   3   60
   785   3   59
   786   3   50
   787   3   55
   788   3   53
   789   3   53
   790   3   53
   791   3   57
   792   3   57
   793   3   59
   794   3   57
   795   3   54
   796   3   54
   797   3   55
   798   3   60
   799   3   57
   800   3   60
   801   4   63
   802   4   60
   803   4   63
   804   4   62
   805   4   59
   806   4   58
   807   4   61
   808   4   61
   809   4   62
   810   4   61
   811   4   62
   812   4   63
   813   4   59
   814   4   58
   815   4   60
   816   4   59
   817   4   67
   818   4   58
   819   4   62
   820   4   63
   821   4   62
   822   4   65
   823   4   62
   824   4   64
   825   4   62
   826   4   57
   827   4   63
   828   4   60
   829   4   64
   830   4   67
   831   4   59
   832   4   61
   833   4   63
   834   4   64
   835   4   65
   836   4   61
   837   4   61
   838   4   58
   839   4   64
   840   4   64
   841   4   61
   842   4   60
   843   4   64
   844   4   58
   845   4   61
   846   4   61
   847   4   64
   848   4   63
   849   4   60
   850   4   58
   851   4   59
   852   4   62
   853   4   58
   854   4   61
   855   4   59
   856   4   62
   857   4   58
   858   4   61
   859   4   61
   860   4   63
   861   4   62
   862   4   66
   863   4   67
   864   4   63
   865   4   58
   866   4   65
   867   4   63
   868   4   56
   869   4   57
   870   4   60
   871   4   65
   872   4   55
   873   4   63
   874   4   57
   875   4   64
   876   4   60
   877   4   63
   878   4   63
   879   4   65
   880   4   61
   881   4   58
   882   4   63
   883   4   58
   884   4   61
   885   4   59
   886   4   61
   887   4   58
   888   4   60
   889   4   59
   890   4   60
   891   4   65
   892   4   64
   893   4   58
   894   4   60
   895   4   59
   896   4   63
   897   4   62
   898   4   63
   899   4   63
   900   4   64
   901   4   56
   902   4   60
   903   4   65
   904   4   60
   905   4   63
   906   4   54
   907   4   59
   908   4   61
   909   4   63
   910   4   58
   911   4   60
   912   4   57
   913   4   65
   914   4   61
   915   4   59
   916   4   62
   917   4   64
   918   4   64
   919   4   57
   920   4   57
   921   4   59
   922   4   62
   923   4   63
   924   4   62
   925   4   57
   926   4   63
   927   4   62
   928   4   53
   929   4   61
   930   4   57
   931   4   63
   932   4   62
   933   4   61
   934   4   66
   935   4   57
   936   4   62
   937   4   65
   938   4   61
   939   4   64
   940   4   55
   941   4   58
   942   4   60
   943   4   58
   944   4   58
   945   4   59
   946   4   58
   947   4   62
   948   4   59
   949   4   60
   950   4   65
   951   4   64
   952   4   62
   953   4   64
   954   4   62
   955   4   61
   956   4   57
   957   4   65
   958   4   64
   959   4   60
   960   4   61
   961   4   62
   962   4   62
   963   4   57
   964   4   58
   965   4   59
   966   4   58
   967   4   61
   968   4   55
   969   4   65
   970   4   62
   971   4   68
   972   4   61
   973   4   63
   974   4   60
   975   4   58
   976   4   61
   977   4   59
   978   4   60
   979   4   55
   980   4   59
   981   4   57
   982   4   58
   983   4   59
   984   4   67
   985   4   61
   986   4   60
   987   4   63
   988   4   56
   989   4   62
   990   4   59
   991   4   68
   992   4   60
   993   4   66
   994   4   66
   995   4   62
   996   4   60
   997   4   66
   998   4   61
   999   4   57
  1000   4   60
  1001   5   59
  1002   5   66
  1003   5   67
  1004   5   69
  1005   5   67
  1006   5   70
  1007   5   66
  1008   5   65
  1009   5   69
  1010   5   62
  1011   5   63
  1012   5   65
  1013   5   65
  1014   5   67
  1015   5   68
  1016   5   66
  1017   5   65
  1018   5   61
  1019   5   64
  1020   5   61
  1021   5   63
  1022   5   63
  1023   5   68
  1024   5   69
  1025   5   57
  1026   5   71
  1027   5   65
  1028   5   70
  1029   5   62
  1030   5   68
  1031   5   64
  1032   5   63
  1033   5   67
  1034   5   63
  1035   5   66
  1036   5   62
  1037   5   68
  1038   5   61
  1039   5   66
  1040   5   66
  1041   5   69
  1042   5   66
  1043   5   59
  1044   5   63
  1045   5   67
  1046   5   67
  1047   5   65
  1048   5   70
  1049   5   62
  1050   5   61
  1051   5   66
  1052   5   68
  1053   5   62
  1054   5   68
  1055   5   68
  1056   5   67
  1057   5   63
  1058   5   69
  1059   5   71
  1060   5   65
  1061   5   69
  1062   5   70
  1063   5   64
  1064   5   65
  1065   5   64
  1066   5   60
  1067   5   64
  1068   5   64
  1069   5   62
  1070   5   62
  1071   5   66
  1072   5   60
  1073   5   64
  1074   5   62
  1075   5   67
  1076   5   67
  1077   5   64
  1078   5   67
  1079   5   65
  1080   5   66
  1081   5   66
  1082   5   65
  1083   5   62
  1084   5   63
  1085   5   72
  1086   5   66
  1087   5   66
  1088   5   65
  1089   5   66
  1090   5   64
  1091   5   63
  1092   5   68
  1093   5   65
  1094   5   66
  1095   5   66
  1096   5   62
  1097   5   63
  1098   5   67
  1099   5   64
  1100   5   65
  1101   5   68
  1102   5   65
  1103   5   68
  1104   5   68
  1105   5   62
  1106   5   62
  1107   5   66
  1108   5   65
  1109   5   63
  1110   5   65
  1111   5   62
  1112   5   65
  1113   5   69
  1114   5   65
  1115   5   69
  1116   5   64
  1117   5   63
  1118   5   67
  1119   5   63
  1120   5   66
  1121   5   67
  1122   5   64
  1123   5   65
  1124   5   63
  1125   5   71
  1126   5   66
  1127   5   67
  1128   5   64
  1129   5   64
  1130   5   64
  1131   5   64
  1132   5   66
  1133   5   69
  1134   5   68
  1135   5   64
  1136   5   61
  1137   5   67
  1138   5   61
  1139   5   61
  1140   5   58
  1141   5   66
  1142   5   65
  1143   5   61
  1144   5   65
  1145   5   65
  1146   5   64
  1147   5   67
  1148   5   68
  1149   5   59
  1150   5   66
  1151   5   60
  1152   5   67
  1153   5   67
  1154   5   62
  1155   5   62
  1156   5   65
  1157   5   62
  1158   5   70
  1159   5   65
  1160   5   64
  1161   5   62
  1162   5   67
  1163   5   72
  1164   5   61
  1165   5   63
  1166   5   66
  1167   5   66
  1168   5   63
  1169   5   63
  1170   5   63
  1171   5   62
  1172   5   69
  1173   5   62
  1174   5   67
  1175   5   67
  1176   5   68
  1177   5   67
  1178   5   64
  1179   5   61
  1180   5   67
  1181   5   62
  1182   5   65
  1183   5   61
  1184   5   61
  1185   5   68
  1186   5   71
  1187   5   64
  1188   5   62
  1189   5   69
  1190   5   59
  1191   5   65
  1192   5   62
  1193   5   63
  1194   5   64
  1195   5   65
  1196   5   68
  1197   5   61
  1198   5   67
  1199   5   69
  1200   5   66
  1201   6   68
  1202   6   66
  1203   6   65
  1204   6   69
  1205   6   71
  1206   6   64
  1207   6   74
  1208   6   69
  1209   6   68
  1210   6   73
  1211   6   71
  1212   6   67
  1213   6   70
  1214   6   71
  1215   6   75
  1216   6   73
  1217   6   67
  1218   6   66
  1219   6   68
  1220   6   66
  1221   6   69
  1222   6   69
  1223   6   74
  1224   6   71
  1225   6   63
  1226   6   71
  1227   6   72
  1228   6   69
  1229   6   70
  1230   6   73
  1231   6   71
  1232   6   67
  1233   6   66
  1234   6   67
  1235   6   71
  1236   6   71
  1237   6   66
  1238   6   67
  1239   6   69
  1240   6   68
  1241   6   67
  1242   6   69
  1243   6   69
  1244   6   68
  1245   6   70
  1246   6   72
  1247   6   66
  1248   6   66
  1249   6   71
  1250   6   67
  1251   6   67
  1252   6   67
  1253   6   70
  1254   6   67
  1255   6   71
  1256   6   64
  1257   6   70
  1258   6   65
  1259   6   63
  1260   6   69
  1261   6   73
  1262   6   66
  1263   6   67
  1264   6   67
  1265   6   69
  1266   6   69
  1267   6   73
  1268   6   72
  1269   6   65
  1270   6   68
  1271   6   71
  1272   6   72
  1273   6   66
  1274   6   71
  1275   6   72
  1276   6   71
  1277   6   70
  1278   6   64
  1279   6   65
  1280   6   70
  1281   6   69
  1282   6   72
  1283   6   69
  1284   6   68
  1285   6   72
  1286   6   70
  1287   6   72
  1288   6   69
  1289   6   63
  1290   6   70
  1291   6   68
  1292   6   66
  1293   6   68
  1294   6   69
  1295   6   76
  1296   6   67
  1297   6   66
  1298   6   65
  1299   6   72
  1300   6   68
  1301   6   71
  1302   6   66
  1303   6   70
  1304   6   69
  1305   6   65
  1306   6   62
  1307   6   73
  1308   6   66
  1309   6   73
  1310   6   70
  1311   6   74
  1312   6   69
  1313   6   65
  1314   6   70
  1315   6   71
  1316   6   69
  1317   6   73
  1318   6   70
  1319   6   68
  1320   6   68
  1321   6   67
  1322   6   65
  1323   6   67
  1324   6   65
  1325   6   73
  1326   6   71
  1327   6   70
  1328   6   74
  1329   6   65
  1330   6   71
  1331   6   71
  1332   6   68
  1333   6   67
  1334   6   72
  1335   6   67
  1336   6   70
  1337   6   66
  1338   6   68
  1339   6   65
  1340   6   70
  1341   6   70
  1342   6   72
  1343   6   67
  1344   6   68
  1345   6   66
  1346   6   69
  1347   6   68
  1348   6   70
  1349   6   69
  1350   6   71
  1351   6   70
  1352   6   71
  1353   6   69
  1354   6   70
  1355   6   70
  1356   6   75
  1357   6   72
  1358   6   61
  1359   6   73
  1360   6   69
  1361   6   66
  1362   6   68
  1363   6   66
  1364   6   70
  1365   6   66
  1366   6   74
  1367   6   66
  1368   6   63
  1369   6   70
  1370   6   75
  1371   6   68
  1372   6   68
  1373   6   70
  1374   6   76
  1375   6   71
  1376   6   66
  1377   6   69
  1378   6   72
  1379   6   72
  1380   6   66
  1381   6   65
  1382   6   67
  1383   6   70
  1384   6   72
  1385   6   66
  1386   6   71
  1387   6   72
  1388   6   69
  1389   6   65
  1390   6   69
  1391   6   68
  1392   6   69
  1393   6   73
  1394   6   73
  1395   6   68
  1396   6   71
  1397   6   71
  1398   6   68
  1399   6   69
  1400   6   75
  1401   7   76
  1402   7   80
  1403   7   72
  1404   7   77
  1405   7   69
  1406   7   66
  1407   7   70
  1408   7   72
  1409   7   74
  1410   7   76
  1411   7   75
  1412   7   75
  1413   7   75
  1414   7   75
  1415   7   67
  1416   7   75
  1417   7   73
  1418   7   73
  1419   7   76
  1420   7   74
  1421   7   74
  1422   7   72
  1423   7   70
  1424   7   73
  1425   7   73
  1426   7   71
  1427   7   74
  1428   7   78
  1429   7   71
  1430   7   74
  1431   7   70
  1432   7   69
  1433   7   65
  1434   7   69
  1435   7   69
  1436   7   75
  1437   7   73
  1438   7   71
  1439   7   73
  1440   7   70
  1441   7   68
  1442   7   74
  1443   7   72
  1444   7   76
  1445   7   73
  1446   7   74
  1447   7   73
  1448   7   70
  1449   7   76
  1450   7   72
  1451   7   75
  1452   7   74
  1453   7   79
  1454   7   69
  1455   7   77
  1456   7   69
  1457   7   74
  1458   7   74
  1459   7   73
  1460   7   75
  1461   7   72
  1462   7   72
  1463   7   75
  1464   7   74
  1465   7   69
  1466   7   69
  1467   7   76
  1468   7   73
  1469   7   77
  1470   7   71
  1471   7   78
  1472   7   71
  1473   7   69
  1474   7   70
  1475   7   75
  1476   7   72
  1477   7   71
  1478   7   70
  1479   7   77
  1480   7   75
  1481   7   76
  1482   7   73
  1483   7   76
  1484   7   74
  1485   7   72
  1486   7   73
  1487   7   72
  1488   7   75
  1489   7   71
  1490   7   77
  1491   7   74
  1492   7   70
  1493   7   78
  1494   7   73
  1495   7   68
  1496   7   76
  1497   7   73
  1498   7   70
  1499   7   70
  1500   7   73
  1501   7   70
  1502   7   72
  1503   7   77
  1504   7   75
  1505   7   76
  1506   7   73
  1507   7   75
  1508   7   77
  1509   7   67
  1510   7   75
  1511   7   76
  1512   7   77
  1513   7   70
  1514   7   74
  1515   7   67
  1516   7   75
  1517   7   70
  1518   7   75
  1519   7   70
  1520   7   74
  1521   7   74
  1522   7   76
  1523   7   79
  1524   7   76
  1525   7   71
  1526   7   74
  1527   7   73
  1528   7   71
  1529   7   73
  1530   7   74
  1531   7   79
  1532   7   78
  1533   7   72
  1534   7   79
  1535   7   72
  1536   7   73
  1537   7   74
  1538   7   75
  1539   7   73
  1540   7   75
  1541   7   72
  1542   7   69
  1543   7   74
  1544   7   72
  1545   7   70
  1546   7   73
  1547   7   72
  1548   7   71
  1549   7   77
  1550   7   72
  1551   7   71
  1552   7   70
  1553   7   72
  1554   7   74
  1555   7   71
  1556   7   77
  1557   7   80
  1558   7   70
  1559   7   71
  1560   7   69
  1561   7   70
  1562   7   74
  1563   7   71
  1564   7   73
  1565   7   73
  1566   7   71
  1567   7   69
  1568   7   76
  1569   7   71
  1570   7   73
  1571   7   72
  1572   7   75
  1573   7   76
  1574   7   71
  1575   7   75
  1576   7   69
  1577   7   74
  1578   7   75
  1579   7   72
  1580   7   74
  1581   7   70
  1582   7   74
  1583   7   71
  1584   7   71
  1585   7   73
  1586   7   77
  1587   7   73
  1588   7   78
  1589   7   76
  1590   7   75
  1591   7   75
  1592   7   70
  1593   7   72
  1594   7   72
  1595   7   73
  1596   7   70
  1597   7   77
  1598   7   67
  1599   7   68
  1600   7   70
  1601   8   75
  1602   8   76
  1603   8   78
  1604   8   80
  1605   8   79
  1606   8   70
  1607   8   77
  1608   8   77
  1609   8   80
  1610   8   79
  1611   8   83
  1612   8   83
  1613   8   73
  1614   8   78
  1615   8   77
  1616   8   78
  1617   8   77
  1618   8   79
  1619   8   78
  1620   8   80
  1621   8   77
  1622   8   76
  1623   8   76
  1624   8   79
  1625   8   71
  1626   8   81
  1627   8   78
  1628   8   77
  1629   8   77
  1630   8   73
  1631   8   74
  1632   8   77
  1633   8   73
  1634   8   76
  1635   8   81
  1636   8   74
  1637   8   77
  1638   8   77
  1639   8   76
  1640   8   77
  1641   8   77
  1642   8   75
  1643   8   82
  1644   8   79
  1645   8   77
  1646   8   75
  1647   8   76
  1648   8   76
  1649   8   79
  1650   8   80
  1651   8   81
  1652   8   75
  1653   8   79
  1654   8   75
  1655   8   77
  1656   8   79
  1657   8   84
  1658   8   78
  1659   8   79
  1660   8   76
  1661   8   74
  1662   8   78
  1663   8   74
  1664   8   79
  1665   8   74
  1666   8   74
  1667   8   81
  1668   8   75
  1669   8   80
  1670   8   71
  1671   8   80
  1672   8   74
  1673   8   78
  1674   8   74
  1675   8   74
  1676   8   81
  1677   8   73
  1678   8   79
  1679   8   79
  1680   8   78
  1681   8   74
  1682   8   73
  1683   8   79
  1684   8   79
  1685   8   77
  1686   8   82
  1687   8   82
  1688   8   79
  1689   8   69
  1690   8   74
  1691   8   75
  1692   8   75
  1693   8   77
  1694   8   81
  1695   8   74
  1696   8   78
  1697   8   79
  1698   8   76
  1699   8   76
  1700   8   78
  1701   8   75
  1702   8   78
  1703   8   77
  1704   8   78
  1705   8   75
  1706   8   80
  1707   8   80
  1708   8   78
  1709   8   73
  1710   8   79
  1711   8   76
  1712   8   72
  1713   8   80
  1714   8   79
  1715   8   80
  1716   8   79
  1717   8   75
  1718   8   76
  1719   8   80
  1720   8   78
  1721   8   78
  1722   8   78
  1723   8   75
  1724   8   80
  1725   8   77
  1726   8   84
  1727   8   78
  1728   8   75
  1729   8   77
  1730   8   76
  1731   8   73
  1732   8   77
  1733   8   76
  1734   8   79
  1735   8   78
  1736   8   73
  1737   8   75
  1738   8   76
  1739   8   80
  1740   8   76
  1741   8   74
  1742   8   74
  1743   8   81
  1744   8   75
  1745   8   72
  1746   8   74
  1747   8   83
  1748   8   77
  1749   8   75
  1750   8   76
  1751   8   74
  1752   8   76
  1753   8   80
  1754   8   73
  1755   8   77
  1756   8   73
  1757   8   79
  1758   8   82
  1759   8   76
  1760   8   74
  1761   8   78
  1762   8   74
  1763   8   71
  1764   8   78
  1765   8   81
  1766   8   81
  1767   8   77
  1768   8   78
  1769   8   78
  1770   8   71
  1771   8   72
  1772   8   77
  1773   8   77
  1774   8   75
  1775   8   76
  1776   8   79
  1777   8   78
  1778   8   76
  1779   8   74
  1780   8   73
  1781   8   81
  1782   8   73
  1783   8   77
  1784   8   80
  1785   8   73
  1786   8   83
  1787   8   81
  1788   8   74
  1789   8   74
  1790   8   76
  1791   8   75
  1792   8   77
  1793   8   79
  1794   8   75
  1795   8   78
  1796   8   80
  1797   8   82
  1798   8   74
  1799   8   81
  1800   8   79
  1801   9   79
  1802   9   86
  1803   9   83
  1804   9   83
  1805   9   78
  1806   9   84
  1807   9   79
  1808   9   83
  1809   9   82
  1810   9   79
  1811   9   82
  1812   9   84
  1813   9   83
  1814   9   84
  1815   9   86
  1816   9   83
  1817   9   81
  1818   9   79
  1819   9   81
  1820   9   77
  1821   9   87
  1822   9   79
  1823   9   78
  1824   9   78
  1825   9   81
  1826   9   82
  1827   9   81
  1828   9   80
  1829   9   83
  1830   9   77
  1831   9   83
  1832   9   80
  1833   9   78
  1834   9   83
  1835   9   80
  1836   9   87
  1837   9   84
  1838   9   87
  1839   9   84
  1840   9   79
  1841   9   78
  1842   9   81
  1843   9   80
  1844   9   78
  1845   9   74
  1846   9   85
  1847   9   79
  1848   9   79
  1849   9   80
  1850   9   82
  1851   9   81
  1852   9   85
  1853   9   82
  1854   9   79
  1855   9   79
  1856   9   78
  1857   9   82
  1858   9   86
  1859   9   75
  1860   9   87
  1861   9   84
  1862   9   85
  1863   9   80
  1864   9   82
  1865   9   80
  1866   9   82
  1867   9   81
  1868   9   84
  1869   9   85
  1870   9   77
  1871   9   83
  1872   9   81
  1873   9   82
  1874   9   88
  1875   9   82
  1876   9   75
  1877   9   84
  1878   9   83
  1879   9   82
  1880   9   77
  1881   9   84
  1882   9   78
  1883   9   78
  1884   9   81
  1885   9   82
  1886   9   84
  1887   9   82
  1888   9   78
  1889   9   85
  1890   9   82
  1891   9   78
  1892   9   77
  1893   9   79
  1894   9   77
  1895   9   85
  1896   9   80
  1897   9   81
  1898   9   82
  1899   9   78
  1900   9   81
  1901   9   80
  1902   9   83
  1903   9   82
  1904   9   81
  1905   9   82
  1906   9   76
  1907   9   81
  1908   9   78
  1909   9   75
  1910   9   77
  1911   9   83
  1912   9   85
  1913   9   82
  1914   9   80
  1915   9   79
  1916   9   82
  1917   9   82
  1918   9   83
  1919   9   85
  1920   9   83
  1921   9   80
  1922   9   79
  1923   9   81
  1924   9   80
  1925   9   83
  1926   9   78
  1927   9   80
  1928   9   78
  1929   9   78
  1930   9   75
  1931   9   81
  1932   9   88
  1933   9   83
  1934   9   77
  1935   9   81
  1936   9   79
  1937   9   82
  1938   9   85
  1939   9   80
  1940   9   83
  1941   9   83
  1942   9   77
  1943   9   80
  1944   9   81
  1945   9   83
  1946   9   82
  1947   9   80
  1948   9   84
  1949   9   83
  1950   9   77
  1951   9   86
  1952   9   85
  1953   9   81
  1954   9   80
  1955   9   81
  1956   9   78
  1957   9   73
  1958   9   83
  1959   9   84
  1960   9   78
  1961   9   77
  1962   9   84
  1963   9   80
  1964   9   83
  1965   9   79
  1966   9   76
  1967   9   78
  1968   9   78
  1969   9   80
  1970   9   80
  1971   9   79
  1972   9   76
  1973   9   81
  1974   9   80
  1975   9   80
  1976   9   86
  1977   9   85
  1978   9   83
  1979   9   78
  1980   9   84
  1981   9   79
  1982   9   81
  1983   9   82
  1984   9   82
  1985   9   82
  1986   9   77
  1987   9   77
  1988   9   79
  1989   9   83
  1990   9   81
  1991   9   81
  1992   9   81
  1993   9   78
  1994   9   84
  1995   9   85
  1996   9   81
  1997   9   79
  1998   9   81
  1999   9   84
  2000   9   81
  2001  10   85
  2002  10   79
  2003  10   81
  2004  10   88
  2005  10   81
  2006  10   81
  2007  10   87
  2008  10   83
  2009  10   83
  2010  10   87
  2011  10   87
  2012  10   83
  2013  10   82
  2014  10   92
  2015  10   82
  2016  10   87
  2017  10   87
  2018  10   84
  2019  10   89
  2020  10   86
  2021  10   83
  2022  10   86
  2023  10   91
  2024  10   87
  2025  10   89
  2026  10   83
  2027  10   82
  2028  10   83
  2029  10   84
  2030  10   88
  2031  10   84
  2032  10   87
  2033  10   84
  2034  10   87
  2035  10   87
  2036  10   84
  2037  10   81
  2038  10   88
  2039  10   84
  2040  10   83
  2041  10   89
  2042  10   85
  2043  10   88
  2044  10   88
  2045  10   90
  2046  10   85
  2047  10   84
  2048  10   81
  2049  10   86
  2050  10   82
  2051  10   80
  2052  10   84
  2053  10   86
  2054  10   85
  2055  10   82
  2056  10   85
  2057  10   84
  2058  10   87
  2059  10   84
  2060  10   83
  2061  10   83
  2062  10   90
  2063  10   83
  2064  10   86
  2065  10   88
  2066  10   83
  2067  10   89
  2068  10   83
  2069  10   86
  2070  10   79
  2071  10   86
  2072  10   88
  2073  10   81
  2074  10   84
  2075  10   87
  2076  10   82
  2077  10   81
  2078  10   85
  2079  10   87
  2080  10   86
  2081  10   85
  2082  10   82
  2083  10   83
  2084  10   82
  2085  10   87
  2086  10   86
  2087  10   85
  2088  10   89
  2089  10   84
  2090  10   79
  2091  10   81
  2092  10   85
  2093  10   88
  2094  10   82
  2095  10   85
  2096  10   86
  2097  10   87
  2098  10   83
  2099  10   82
  2100  10   83
  2101  10   84
  2102  10   86
  2103  10   77
  2104  10   85
  2105  10   87
  2106  10   86
  2107  10   88
  2108  10   82
  2109  10   81
  2110  10   81
  2111  10   85
  2112  10   89
  2113  10   79
  2114  10   84
  2115  10   82
  2116  10   87
  2117  10   85
  2118  10   82
  2119  10   88
  2120  10   88
  2121  10   86
  2122  10   85
  2123  10   80
  2124  10   90
  2125  10   84
  2126  10   87
  2127  10   85
  2128  10   87
  2129  10   83
  2130  10   85
  2131  10   86
  2132  10   90
  2133  10   89
  2134  10   85
  2135  10   82
  2136  10   84
  2137  10   91
  2138  10   86
  2139  10   82
  2140  10   86
  2141  10   84
  2142  10   88
  2143  10   87
  2144  10   92
  2145  10   89
  2146  10   81
  2147  10   91
  2148  10   85
  2149  10   85
  2150  10   89
  2151  10   85
  2152  10   84
  2153  10   84
  2154  10   87
  2155  10   81
  2156  10   82
  2157  10   82
  2158  10   84
  2159  10   88
  2160  10   84
  2161  10   82
  2162  10   88
  2163  10   86
  2164  10   86
  2165  10   82
  2166  10   87
  2167  10   87
  2168  10   86
  2169  10   85
  2170  10   84
  2171  10   85
  2172  10   85
  2173  10   87
  2174  10   88
  2175  10   83
  2176  10   86
  2177  10   89
  2178  10   82
  2179  10   87
  2180  10   78
  2181  10   89
  2182  10   89
  2183  10   80
  2184  10   86
  2185  10   91
  2186  10   86
  2187  10   88
  2188  10   82
  2189  10   85
  2190  10   86
  2191  10   82
  2192  10   90
  2193  10   86
  2194  10   83
  2195  10   85
  2196  10   85
  2197  10   86
  2198  10   83
  2199  10   81
  2200  10   85
  2201  11   85
  2202  11   85
  2203  11   91
  2204  11   93
  2205  11   90
  2206  11   91
  2207  11   89
  2208  11   92
  2209  11   90
  2210  11   91
  2211  11   93
  2212  11   95
  2213  11   85
  2214  11   86
  2215  11   82
  2216  11   85
  2217  11   91
  2218  11   88
  2219  11   91
  2220  11   85
  2221  11   88
  2222  11   86
  2223  11   90
  2224  11   91
  2225  11   88
  2226  11   90
  2227  11   91
  2228  11   86
  2229  11   92
  2230  11   87
  2231  11   87
  2232  11   93
  2233  11   88
  2234  11   90
  2235  11   91
  2236  11   83
  2237  11   93
  2238  11   86
  2239  11   91
  2240  11   86
  2241  11   91
  2242  11   91
  2243  11   89
  2244  11   89
  2245  11   96
  2246  11   88
  2247  11   93
  2248  11   86
  2249  11   89
  2250  11   92
  2251  11   86
  2252  11   84
  2253  11   87
  2254  11   86
  2255  11   89
  2256  11   83
  2257  11   91
  2258  11   93
  2259  11   88
  2260  11   86
  2261  11   88
  2262  11   90
  2263  11   91
  2264  11   89
  2265  11   91
  2266  11   92
  2267  11   92
  2268  11   92
  2269  11   89
  2270  11   89
  2271  11   92
  2272  11   88
  2273  11   87
  2274  11   90
  2275  11   89
  2276  11   91
  2277  11   92
  2278  11   87
  2279  11   95
  2280  11   92
  2281  11   85
  2282  11   93
  2283  11   89
  2284  11   85
  2285  11   95
  2286  11   90
  2287  11   90
  2288  11   89
  2289  11   89
  2290  11   90
  2291  11   92
  2292  11   88
  2293  11   94
  2294  11   91
  2295  11   85
  2296  11   89
  2297  11   90
  2298  11   86
  2299  11   92
  2300  11   94
  2301  11   90
  2302  11   86
  2303  11   91
  2304  11   93
  2305  11   86
  2306  11   92
  2307  11   85
  2308  11   96
  2309  11   90
  2310  11   87
  2311  11   89
  2312  11   89
  2313  11   87
  2314  11   89
  2315  11   88
  2316  11   91
  2317  11   90
  2318  11   85
  2319  11   90
  2320  11   89
  2321  11   89
  2322  11   86
  2323  11   89
  2324  11   86
  2325  11   87
  2326  11   87
  2327  11   86
  2328  11   86
  2329  11   87
  2330  11   88
  2331  11   91
  2332  11   89
  2333  11   88
  2334  11   93
  2335  11   87
  2336  11   87
  2337  11   81
  2338  11   87
  2339  11   92
  2340  11   91
  2341  11   84
  2342  11   85
  2343  11   93
  2344  11   87
  2345  11   83
  2346  11   86
  2347  11   94
  2348  11   87
  2349  11   89
  2350  11   93
  2351  11   95
  2352  11   90
  2353  11   92
  2354  11   92
  2355  11   90
  2356  11   89
  2357  11   86
  2358  11   88
  2359  11   90
  2360  11   90
  2361  11   90
  2362  11   91
  2363  11   89
  2364  11   88
  2365  11   90
  2366  11   88
  2367  11   91
  2368  11   88
  2369  11   90
  2370  11   88
  2371  11   86
  2372  11   88
  2373  11   89
  2374  11   85
  2375  11   87
  2376  11   88
  2377  11   94
  2378  11   87
  2379  11   89
  2380  11   89
  2381  11   87
  2382  11   90
  2383  11   88
  2384  11   84
  2385  11   94
  2386  11   87
  2387  11   86
  2388  11   86
  2389  11   88
  2390  11   90
  2391  11   88
  2392  11   89
  2393  11   91
  2394  11   85
  2395  11   86
  2396  11   90
  2397  11   93
  2398  11   83
  2399  11   92
  2400  11   91
  2401  12   93
  2402  12   95
  2403  12   87
  2404  12   96
  2405  12   97
  2406  12   95
  2407  12   90
  2408  12   93
  2409  12   90
  2410  12   94
  2411  12   88
  2412  12   96
  2413  12   89
  2414  12   97
  2415  12   94
  2416  12   92
  2417  12   94
  2418  12   98
  2419  12   96
  2420  12   94
  2421  12   95
  2422  12   92
  2423  12   95
  2424  12   89
  2425  12   89
  2426  12   96
  2427  12   87
  2428  12   96
  2429  12   92
  2430  12   93
  2431  12   97
  2432  12   97
  2433  12   93
  2434  12   91
  2435  12   93
  2436  12   93
  2437  12   95
  2438  12   92
  2439  12   94
  2440  12   92
  2441  12   93
  2442  12   91
  2443  12   93
  2444  12   89
  2445  12   86
  2446  12   95
  2447  12   95
  2448  12   96
  2449  12  100
  2450  12   94
  2451  12   92
  2452  12   90
  2453  12   95
  2454  12   92
  2455  12   92
  2456  12   99
  2457  12   95
  2458  12   93
  2459  12   95
  2460  12   94
  2461  12   97
  2462  12   91
  2463  12   93
  2464  12   90
  2465  12   90
  2466  12   91
  2467  12   92
  2468  12   97
  2469  12   97
  2470  12   91
  2471  12   90
  2472  12   96
  2473  12   90
  2474  12   94
  2475  12   89
  2476  12   98
  2477  12   94
  2478  12   88
  2479  12   93
  2480  12   95
  2481  12  100
  2482  12   92
  2483  12   93
  2484  12   90
  2485  12   94
  2486  12   94
  2487  12   93
  2488  12   91
  2489  12   94
  2490  12   94
  2491  12   92
  2492  12   89
  2493  12   90
  2494  12   90
  2495  12   90
  2496  12   99
  2497  12   89
  2498  12   98
  2499  12   91
  2500  12   91
  2501  12   97
  2502  12   93
  2503  12   95
  2504  12   97
  2505  12   87
  2506  12   94
  2507  12   93
  2508  12   95
  2509  12   94
  2510  12   93
  2511  12   99
  2512  12   96
  2513  12   89
  2514  12   90
  2515  12   95
  2516  12   96
  2517  12   95
  2518  12   91
  2519  12   91
  2520  12   95
  2521  12   90
  2522  12   92
  2523  12   90
  2524  12   95
  2525  12   90
  2526  12   93
  2527  12   94
  2528  12   92
  2529  12   95
  2530  12   94
  2531  12   90
  2532  12   92
  2533  12   95
  2534  12   93
  2535  12   90
  2536  12   92
  2537  12   95
  2538  12   89
  2539  12   91
  2540  12   91
  2541  12   91
  2542  12   93
  2543  12   91
  2544  12   89
  2545  12   96
  2546  12   97
  2547  12   95
  2548  12   90
  2549  12   92
  2550  12   96
  2551  12   91
  2552  12   94
  2553  12   90
  2554  12   97
  2555  12   88
  2556  12   93
  2557  12   89
  2558  12   96
  2559  12   93
  2560  12   94
  2561  12   92
  2562  12   92
  2563  12   93
  2564  12   94
  2565  12   90
  2566  12   96
  2567  12   92
  2568  12   93
  2569  12   95
  2570  12   94
  2571  12   91
  2572  12   93
  2573  12   94
  2574  12   96
  2575  12   99
  2576  12   98
  2577  12   93
  2578  12   91
  2579  12   95
  2580  12   97
  2581  12   89
  2582  12   96
  2583  12   94
  2584  12   93
  2585  12   95
  2586  12   85
  2587  12   90
  2588  12   93
  2589  12   90
  2590  12   94
  2591  12   96
  2592  12   94
  2593  12   92
  2594  12   92
  2595  12   89
  2596  12   92
  2597  12   91
  2598  12   98
  2599  12   87
  2600  12   91
